2300,'Saturday',552,,205650,59,0,80 12 53,0,59,,205657,59,0,80 12 53,0,19,,205659,59,0,80 12 53,0,19,,205660,59,0,80 12 53,0,60,,205658,59,0,80 12 53,0,19,,205661,59,0,80 12 53,0,19,,205662,59,0,80 12 53,0,60,,205663,59,0,80 12 53,0,19,,205664,59,0,80 12 53,0,19,,205665,59,0,80 12 53,0,59,,205666,59,0,80 12 53,0,19,,205667,59,0,80 12 53,0,19,,205668,59,0,80 12 53,0,59,,205669,59,0,80 12 53,0,19,,205670,59,0,80 12 53,0,19,,205671,59,0,80 12 53,0,19,,205672,59,0,80 12 53,0,59,,205673,59,0,80 12 53,0,20,,205674,59,0,80 12 53,0,20,,205675,59,0,80 12 53,0,67,,205676,59,0,80 12 53,0,23,,205677,59,0,80 12 53,0,59,,205678,59,0,80 12 53,0,21,,205679,59,0,80 12 53,0,19,,205680,59,0,80 12 53,0,59,,205681,59,0,80 12 53,0,19,,205682,59,0,80 12 53,0,19,,205683,59,0,80 12 53,0,59,,205684,59,0,80 12 53,0,19,,205686,59,0,80 12 53,0,19,,205687,59,0,80 12 53,0,19,,205688,59,0,80 12 53,0,59,,205685,59,0,80 12 53,0,19,,205689,59,0,80 12 53,0,18,,205690,59,0,80 12 53,0,58,,205691,59,0,80 12 53,0,18,,205692,59,0,80 12 53,0,18,,205693,59,0,80 12 53,0,59,,205694,59,0,80 12 53,0,19,,205695,59,0,80 12 53,0,19,,205696,59,0,80 12 53,0,59,,205697,59,0,80 12 53,0,19,,205698,59,0,80 12 53,0,19,,205699,59,0,80 12 53,0,59,,205700,59,0,80 12 53,0,16,,205701,59,0,80 12 53,0,18,,205702,59,0,80 12 53,0,18,,205703,59,0,80 12 53,0,56,,205707,59,0,80 12 53,0,19,,205704,59,0,80 12 53,0,18,,205705,59,0,80 12 53,0,58,,205706,59,0,80 12 53,0,18,,205709,59,0,80 12 53,0,18,,205708,59,0,80 12 53,0,59,,205710,59,0,80 12 53,0,19,,205711,59,0,80 12 53,0,18,,205712,59,0,80 12 53,0,17,,205713,59,0,80 12 53,0,58,,205653,59,0,80 12 53,0,19,,205654,59,0,80 12 53,0,19,,205652,59,0,80 12 53,0,59,,205655,59,0,80 12 53,0,19,,205656,59,0,80 12 53,0,19,,205651,59,0,80 12 53,0
2300,'Sunday',552,,205714,59,0,80 12 53,0,59,,205715,59,0,80 12 53,0,19,,205716,59,0,80 12 53,0,19,,205717,59,0,80 12 53,0,60,,205718,59,0,80 12 53,0,19,,205719,59,0,80 12 53,0,19,,205720,59,0,80 12 53,0,60,,205723,59,0,80 12 53,0,19,,205721,59,0,80 12 53,0,19,,205722,59,0,80 12 53,0,59,,205724,59,0,80 12 53,0,19,,205725,59,0,80 12 53,0,19,,205726,59,0,80 12 53,0,59,,205727,59,0,80 12 53,0,19,,205728,59,0,80 12 53,0,19,,205729,59,0,80 12 53,0,19,,205730,59,0,80 12 53,0,59,,205731,59,0,80 12 53,0,20,,205732,59,0,80 12 53,0,20,,205733,59,0,80 12 53,0,67,,205734,59,0,80 12 53,0,23,,205735,59,0,80 12 53,0,59,,205736,59,0,80 12 53,0,21,,205737,59,0,80 12 53,0,19,,205738,59,0,80 12 53,0,59,,205739,59,0,80 12 53,0,19,,205740,59,0,80 12 53,0,19,,205741,59,0,80 12 53,0,59,,205742,59,0,80 12 53,0,19,,205743,59,0,80 12 53,0,19,,205745,59,0,80 12 53,0,19,,205744,59,0,80 12 53,0,59,,205746,59,0,80 12 53,0,19,,205748,59,0,80 12 53,0,18,,205747,59,0,80 12 53,0,58,,205749,59,0,80 12 53,0,18,,205750,59,0,80 12 53,0,18,,205751,59,0,80 12 53,0,59,,205752,59,0,80 12 53,0,19,,205753,59,0,80 12 53,0,19,,205756,59,0,80 12 53,0,59,,205755,59,0,80 12 53,0,19,,205754,59,0,80 12 53,0,19,,205758,59,0,80 12 53,0,59,,205757,59,0,80 12 53,0,16,,205759,59,0,80 12 53,0,18,,205760,59,0,80 12 53,0,18,,205761,59,0,80 12 53,0,56,,205763,59,0,80 12 53,0,19,,205762,59,0,80 12 53,0,18,,205764,59,0,80 12 53,0,58,,205765,59,0,80 12 53,0,18,,205766,59,0,80 12 53,0,18,,205767,59,0,80 12 53,0,59,,205768,59,0,80 12 53,0,19,,205769,59,0,80 12 53,0,18,,205770,59,0,80 12 53,0,17,,205771,59,0,80 12 53,0,58,,205772,59,0,80 12 53,0,19,,205773,59,0,80 12 53,0,19,,205774,59,0,80 12 53,0,59,,205775,59,0,80 12 53,0,19,,205777,59,0,80 12 53,0,19,,205776,59,0,80 12 53,0
2300,'Weekday',516,,205786,59,0,80 12 53,0,17,,205840,59,0,80 12 53,0,16,,205792,59,0,80 12 53,0,57,,205780,59,0,80 12 53,0,18,,205839,59,0,80 12 53,0,16,,205782,59,0,80 12 53,0,15,,205781,59,0,80 12 53,0,52,,205798,59,0,80 12 53,0,11,,205784,59,0,80 12 53,0,11,,205846,59,0,80 12 53,0,13,,205841,59,0,80 12 53,0,12,,205787,59,0,80 12 53,0,53,,205783,59,0,80 12 53,0,12,,205793,59,0,80 12 53,0,11,,205804,59,0,80 12 53,0,11,,205785,59,0,80 12 53,0,10,,205842,59,0,80 12 53,0,51,,205809,59,0,80 12 53,0,12,,205843,59,0,80 12 53,0,12,,205799,59,0,80 12 53,0,13,,205844,59,0,80 12 53,0,12,,205818,59,0,80 12 53,0,51,,205845,59,0,80 12 53,0,11,,205788,59,0,80 12 53,0,20,,205794,59,0,80 12 53,0,21,,205803,59,0,80 12 53,0,61,,205808,59,0,80 12 53,0,22,,205813,59,0,80 12 53,0,63,,205817,59,0,80 12 53,0,22,,205789,59,0,80 12 53,0,22,,205806,59,0,80 12 53,0,61,,205810,59,0,80 12 53,0,22,,205837,59,0,80 12 53,0,25,,205814,59,0,80 12 53,0,65,,205802,59,0,80 12 53,0,21,,205838,59,0,80 12 53,0,15,,205819,59,0,80 12 53,0,51,,205821,59,0,80 12 53,0,12,,205790,59,0,80 12 53,0,12,,205827,59,0,80 12 53,0,13,,205795,59,0,80 12 53,0,13,,205826,59,0,80 12 53,0,52,,205805,59,0,80 12 53,0,12,,205825,59,0,80 12 53,0,13,,205811,59,0,80 12 53,0,11,,205778,59,0,80 12 53,0,11,,205815,59,0,80 12 53,0,51,,205831,59,0,80 12 53,0,10,,205828,59,0,80 12 53,0,10,,205800,59,0,80 12 53,0,10,,205820,59,0,80 12 53,0,10,,205822,59,0,80 12 53,0,10,,205832,59,0,80 12 53,0,51,,205791,59,0,80 12 53,0,11,,205796,59,0,80 12 53,0,11,,205833,59,0,80 12 53,0,10,,205779,59,0,80 12 53,0,10,,205807,59,0,80 12 53,0,10,,205834,59,0,80 12 53,0,48,,205812,59,0,80 12 53,0,9,,205824,59,0,80 12 53,0,10,,205816,59,0,80 12 53,0,9,,205835,59,0,80 12 53,0,9,,205829,59,0,80 12 53,0,13,,205836,59,0,80 12 53,0,55,,205801,59,0,80 12 53,0,15,,205823,59,0,80 12 53,0,16,,205797,59,0,80 12 53,0,15,,205830,59,0,80 12 53,0,62,,205848,59,0,80 12 53,0,22,,205847,59,0,80 12 53,0,19,,205849,59,0,80 12 53,0,60,,205850,59,0,80 12 53,0,21,,205851,59,0,80 12 53,0,61,,205852,59,0,80 12 53,0,25,,205853,59,0,80 12 53,0,25,,205854,59,0,80 12 53,0,65,,205855,59,0,80 12 53,0,25,,205856,59,0,80 12 53,0,65,,205857,59,0,80 12 53,0,25,,205858,59,0,80 12 53,0,25,,205859,59,0,80 12 53,0
2300,'Weekday0000100',1410,,205860,26,0,80 12 53,0,15,,205862,14,0,80 12 53,0,4,,205863,16,0,81 47,0
2300,'Weekday1111000',1557,,205865,26,0,80 12 53,0,45,,205864,14,0,80 12 53,0,17,,205866,26,0,80 12 53,0
5900,'Saturday',546,,210976,31,,,0,73,,210977,31,,,0,33,,210978,31,,,0,58,,211008,31,,,0,18,,210979,31,,,0,18,,211009,31,,,0,58,,210980,31,,,0,18,,211010,31,,,0,18,,210981,31,,,0,18,,211011,31,,,0,58,,210982,31,,,0,18,,211012,31,,,0,18,,210983,31,,,0,58,,211013,31,,,0,18,,210984,31,,,0,18,,211014,31,,,0,58,,210985,31,,,0,18,,211015,31,,,0,18,,210986,31,,,0,18,,211016,31,,,0,58,,210987,31,,,0,18,,211017,31,,,0,18,,210988,31,,,0,58,,211018,31,,,0,18,,210989,31,,,0,18,,211019,31,,,0,58,,210990,31,,,0,18,,211020,31,,,0,18,,210991,31,,,0,18,,211021,31,,,0,58,,210992,31,,,0,18,,211022,31,,,0,18,,210993,31,,,0,58,,211023,31,,,0,18,,210994,31,,,0,18,,211024,31,,,0,58,,210995,31,,,0,18,,211025,31,,,0,18,,210996,31,,,0,18,,211026,31,,,0,58,,210997,31,,,0,18,,211027,31,,,0,18,,210998,31,,,0,58,,211028,31,,,0,18,,210999,31,,,0,18,,211029,31,,,0,58,,211000,31,,,0,18,,211030,31,,,0,18,,211001,31,,,0,18,,211031,31,,,0,58,,211002,31,,,0,18,,211032,31,,,0,18,,211003,31,,,0,58,,211033,31,,,0,18,,211004,31,,,0,18,,211034,31,,,0,58,,211005,31,,,0,35,,211006,31,,,0,75,,211007,31,,,0
5900,'Sunday',546,,211035,31,,,0,73,,211036,31,,,0,33,,211037,31,,,0,58,,211067,31,,,0,18,,211038,31,,,0,18,,211068,31,,,0,58,,211039,31,,,0,18,,211069,31,,,0,18,,211040,31,,,0,18,,211070,31,,,0,58,,211041,31,,,0,18,,211071,31,,,0,18,,211042,31,,,0,58,,211072,31,,,0,18,,211043,31,,,0,18,,211073,31,,,0,58,,211044,31,,,0,18,,211074,31,,,0,18,,211045,31,,,0,18,,211075,31,,,0,58,,211046,31,,,0,18,,211076,31,,,0,18,,211047,31,,,0,58,,211077,31,,,0,18,,211048,31,,,0,18,,211078,31,,,0,58,,211049,31,,,0,18,,211079,31,,,0,18,,211050,31,,,0,18,,211080,31,,,0,58,,211051,31,,,0,18,,211081,31,,,0,18,,211052,31,,,0,58,,211082,31,,,0,18,,211053,31,,,0,18,,211083,31,,,0,58,,211054,31,,,0,18,,211084,31,,,0,18,,211055,31,,,0,18,,211085,31,,,0,58,,211056,31,,,0,18,,211086,31,,,0,18,,211057,31,,,0,58,,211087,31,,,0,18,,211058,31,,,0,18,,211088,31,,,0,58,,211059,31,,,0,18,,211089,31,,,0,18,,211060,31,,,0,18,,211090,31,,,0,58,,211061,31,,,0,18,,211091,31,,,0,18,,211062,31,,,0,58,,211092,31,,,0,18,,211063,31,,,0,18,,211093,31,,,0,58,,211064,31,,,0,35,,211065,31,,,0,75,,211066,31,,,0
5900,'Weekday',527,,211100,31,,,0,18,,211094,31,,,0,12,,211101,31,,,0,52,,211122,31,,,0,12,,211095,31,,,0,12,,211102,31,,,0,12,,211123,31,,,0,12,,211096,31,,,0,52,,211103,31,,,0,12,,211124,31,,,0,12,,211097,31,,,0,12,,211104,31,,,0,12,,211125,31,,,0,52,,211098,31,,,0,12,,211105,31,,,0,12,,211126,31,,,0,11,,211099,31,,,0,4,,211128,31,,,0,9,,211106,31,,,0,52,,211127,31,,,0,12,,211129,31,,,0,18,,211107,31,,,0,18,,211130,31,,,0,58,,211108,31,,,0,18,,211131,31,,,0,18,,211109,31,,,0,58,,211132,31,,,0,18,,211110,31,,,0,18,,211133,31,,,0,58,,211111,31,,,0,18,,211134,31,,,0,18,,211112,31,,,0,18,,211135,31,,,0,58,,211113,31,,,0,18,,211136,31,,,0,18,,211114,31,,,0,58,,211137,31,,,0,18,,211115,31,,,0,19,,211138,31,,,0,57,,211116,31,,,0,12,,211155,31,,,0,12,,211139,31,,,0,12,,211117,31,,,0,12,,211156,31,,,0,52,,211140,31,,,0,13,,211118,31,,,0,11,,211157,31,,,0,12,,211141,31,,,0,12,,211119,31,,,0,52,,211158,31,,,0,12,,211142,31,,,0,12,,211120,31,,,0,12,,211159,31,,,0,12,,211143,31,,,0,52,,211121,31,,,0,12,,211160,31,,,0,12,,211144,31,,,0,18,,211161,31,,,0,58,,211145,31,,,0,18,,211162,31,,,0,18,,211146,31,,,0,18,,211163,31,,,0,58,,211147,31,,,0,18,,211164,31,,,0,18,,211148,31,,,0,58,,211165,31,,,0,18,,211149,31,,,0,18,,211166,31,,,0,58,,211150,31,,,0,18,,211167,31,,,0,18,,211151,31,,,0,75,,211152,31,,,0,35,,211153,31,,,0,75,,211154,31,,,0
5900,'Weekday0000100',1441,,211168,31,,,0
5900,'Weekday1111000',1610,,211169,31,,,0
