15400,'Saturday',604,,221350,1,,,0,45,,221349,21,,,0,85,,221353,21,,,0,85,,221351,21,,,0,85,,221352,21,,,0,45,,221354,21,,,0,85,,221355,21,,,0,85,,221357,21,,,0,85,,221359,21,,,0,46,,221360,21,,,0,85,,221361,21,,,0,85,,221358,21,,,0,85,,221363,21,,,0,45,,221364,21,,,0,85,,221365,21,,,0,85,,221366,21,,,0,85,,221356,21,,,0,45,,221367,21,,,0,85,,221368,21,,,0,85,,221362,21,,,0
15400,'Sunday',604,,221369,1,,,0,45,,221370,21,,,0,85,,221371,21,,,0,85,,221372,21,,,0,85,,221373,21,,,0,45,,221374,21,,,0,85,,221375,21,,,0,85,,221376,21,,,0,85,,221378,21,,,0,46,,221379,21,,,0,85,,221380,21,,,0,85,,221377,21,,,0,85,,221381,21,,,0,45,,221382,21,,,0,85,,221383,21,,,0,85,,221384,21,,,0,85,,221385,21,,,0,45,,221386,21,,,0,85,,221387,21,,,0,85,,221388,21,,,0
15400,'Weekday',523,,221419,1,,,0,24,,221389,21,,,0,70,,221408,21,,,0,30,,221417,21,,,0,70,,221399,21,,,0,30,,221391,21,,,0,70,,221410,21,,,0,30,,221420,21,,,0,70,,221400,21,,,0,30,,221390,21,,,0,70,,221409,21,,,0,30,,221421,21,,,0,70,,221401,21,,,0,30,,221392,21,,,0,70,,221411,21,,,0,30,,221422,21,,,0,70,,221402,21,,,0,30,,221393,21,,,0,70,,221413,21,,,0,30,,221423,21,,,0,71,,221403,21,,,0,34,,221394,21,,,0,68,,221412,21,,,0,30,,221424,21,,,0,72,,221404,21,,,0,30,,221395,21,,,0,69,,221414,21,,,0,29,,221425,21,,,0,68,,221405,21,,,0,30,,221396,21,,,0,70,,221416,21,,,0,30,,221426,21,,,0,72,,221406,21,,,0,30,,221397,21,,,0,70,,221415,21,,,0,30,,221427,21,,,0,68,,221407,21,,,0,30,,221398,21,,,0,70,,221418,21,,,0,30,,221428,21,,,0
70400,'Weekday0000100',1328,,225966,18,0,130 189 190,0
70400,'Weekday1111000',1538,,225968,18,0,130 189 190,0
70401,'Weekday',732,,225969,4,0,130 189 190,0,1,,225970,4,0,130 189 190,0
70600,'Weekday0000100',1338,,225975,29,4,,0
70600,'Weekday1111000',1548,,225977,29,4,,0
70601,'Weekday',729,,225979,1,0,130 184 64,0
79700,'Weekday',821,,226199,1,,,0
79700,'Weekday0000100',1324,,226200,2,,,0
79700,'Weekday1111000',1544,,226201,2,,,0
81800,'Weekday0000100',1449,,226242,20,0,12 13 14 15 16,0
81800,'Weekday1111000',1549,,226243,20,0,12 13 14 15 16,0
81801,'Weekday',819,,226244,21,0,12 13 14 15 16,0
