11500,'Saturday',614,,218288,6,,,0,38,,218308,6,,,0,78,,218289,6,,,0,78,,218290,6,,,0,38,,218291,6,,,0,78,,218292,6,,,0,78,,218293,6,,,0,38,,218294,6,,,0,78,,218295,6,,,0,38,,218296,6,,,0,78,,218297,6,,,0,78,,218298,6,,,0,38,,218299,6,,,0,78,,218300,6,,,0,78,,218301,6,,,0,38,,218302,6,,,0,78,,218303,6,,,0,78,,218305,6,,,0,38,,218306,6,,,0,78,,218307,6,,,0,37,,218304,6,,,0,78,,218309,6,,,0,78,,218311,6,,,0,38,,218310,6,,,0,78,,218312,6,,,0,78,,218315,6,,,0,38,,218314,6,,,0,78,,218313,6,,,0
11500,'Sunday',614,,218316,6,,,0,38,,218317,6,,,0,78,,218318,6,,,0,78,,218319,6,,,0,38,,218320,6,,,0,78,,218321,6,,,0,78,,218322,6,,,0,38,,218323,6,,,0,78,,218324,6,,,0,38,,218325,6,,,0,78,,218326,6,,,0,78,,218327,6,,,0,38,,218328,6,,,0,78,,218329,6,,,0,78,,218330,6,,,0,38,,218331,6,,,0,78,,218332,6,,,0,78,,218334,6,,,0,38,,218335,6,,,0,78,,218336,6,,,0,37,,218333,6,,,0,78,,218337,6,,,0,78,,218339,6,,,0,38,,218338,6,,,0,78,,218340,6,,,0,78,,218343,6,,,0,38,,218342,6,,,0,78,,218341,6,,,0
11500,'Weekday',427,,218344,6,,,0,32,,218351,6,,,0,72,,218360,6,,,0,72,,218366,6,,,0,21,,218374,6,,,0,21,,218345,6,,,0,61,,218352,6,,,0,21,,218376,6,,,0,21,,218361,6,,,0,61,,218367,6,,,0,21,,218375,6,,,0,21,,218346,6,,,0,72,,218353,6,,,0,32,,218362,6,,,0,72,,218368,6,,,0,32,,218347,6,,,0,72,,218354,6,,,0,72,,218363,6,,,0,32,,218369,6,,,0,72,,218348,6,,,0,32,,218355,6,,,0,72,,218364,6,,,0,32,,218370,6,,,0,61,,218377,6,,,0,21,,218349,6,,,0,21,,218356,6,,,0,61,,218381,6,,,0,21,,218365,6,,,0,21,,218371,6,,,0,61,,218378,6,,,0,21,,218350,6,,,0,21,,218357,6,,,0,72,,218382,6,,,0,32,,218372,6,,,0,72,,218379,6,,,0,72,,218358,6,,,0,32,,218383,6,,,0,72,,218373,6,,,0,32,,218380,6,,,0,72,,218359,6,,,0,29,,218384,6,,,0
15800,'Saturday',551,,222102,8,,,0,80,,222077,8,,,0,80,,222079,8,,,0,40,,222082,8,,,0,80,,222078,8,,,0,80,,222080,8,,,0,40,,222081,8,,,0,80,,222083,8,,,0,80,,222084,8,,,0,40,,222085,8,,,0,81,,222086,8,,,0,80,,222087,8,,,0,40,,222088,8,,,0,80,,222089,8,,,0,80,,222090,8,,,0,40,,222091,8,,,0,80,,222092,8,,,0,80,,222093,8,,,0,40,,222095,8,,,0,80,,222096,8,,,0,80,,222094,8,,,0,40,,222097,8,,,0,80,,222098,8,,,0,80,,222099,8,,,0,40,,222103,8,,,0,80,,222100,8,,,0,80,,222101,8,,,0
15800,'Sunday',551,,222113,8,,,0,80,,222123,8,,,0,80,,222104,8,,,0,40,,222114,8,,,0,80,,222124,8,,,0,80,,222105,8,,,0,40,,222115,8,,,0,80,,222125,8,,,0,80,,222106,8,,,0,40,,222116,8,,,0,81,,222126,8,,,0,80,,222107,8,,,0,40,,222117,8,,,0,80,,222127,8,,,0,80,,222108,8,,,0,40,,222118,8,,,0,80,,222128,8,,,0,80,,222109,8,,,0,40,,222119,8,,,0,80,,222129,8,,,0,80,,222110,8,,,0,40,,222121,8,,,0,80,,222130,8,,,0,80,,222111,8,,,0,40,,222120,8,,,0,80,,222131,8,,,0,80,,222112,8,,,0,40,,222122,8,,,0
15800,'Weekday',502,,222132,8,,,0,33,,222140,8,,,0,70,,222150,8,,,0,31,,222155,8,,,0,70,,222133,8,,,0,30,,222141,8,,,0,70,,222149,8,,,0,30,,222156,8,,,0,71,,222134,8,,,0,30,,222142,8,,,0,70,,222151,8,,,0,30,,222157,8,,,0,69,,222135,8,,,0,30,,222143,8,,,0,70,,222152,8,,,0,30,,222158,8,,,0,70,,222136,8,,,0,30,,222144,8,,,0,70,,222153,8,,,0,30,,222159,8,,,0,80,,222137,8,,,0,23,,222145,8,,,0,70,,222154,8,,,0,32,,222160,8,,,0,67,,222138,8,,,0,30,,222146,8,,,0,70,,222139,8,,,0,28,,222166,8,,,0,70,,222167,8,,,0,30,,222161,8,,,0,70,,222164,8,,,0,30,,222147,8,,,0,70,,222168,8,,,0,30,,222162,8,,,0,70,,222165,8,,,0,30,,222148,8,,,0,70,,222169,8,,,0,30,,222163,8,,,0
77300,'Weekday',747,,226147,25,0,125 6 126 31,0
80100,'Weekday',824,,226211,39,0,127 128 129 126 31,0
80101,'Weekday',1601,,226212,38,0,127 128 129 126 31,0
81400,'Weekday',820,,226230,17,0,12 13 128 129,0
81401,'Weekday0000100',1501,,226231,24,0,12 13 128 129,0
81401,'Weekday1111000',1601,,226232,24,0,12 13 128 129,0
81700,'Weekday',822,,226239,20,0,12 13 126 31,0
81701,'Weekday0000100',1500,,226240,27,0,12 13 126 31,0
81701,'Weekday1111000',1600,,226241,27,0,12 13 126 31,0
