901,'Saturday',550,,203540,52,,,0,65,,203545,52,,,0,32,,203546,52,,,0,72,,203547,52,,,0,32,,203548,52,,,0,72,,203549,52,,,0,32,,203550,52,,,0,72,,203551,52,,,0,32,,203552,52,,,0,72,,203553,52,,,0,72,,203554,52,,,0,32,,203555,52,,,0,72,,203556,52,,,0,32,,203557,52,,,0,72,,203558,52,,,0,32,,203559,52,,,0,72,,203560,52,,,0,32,,203561,52,,,0,72,,203562,52,,,0,32,,203563,52,,,0,72,,203564,52,,,0,32,,203565,52,,,0,72,,203566,52,,,0,32,,203567,52,,,0,72,,203568,52,,,0,72,,203569,52,,,0,32,,203570,52,,,0,72,,203571,52,,,0,32,,203572,52,,,0,72,,203573,52,,,0,32,,203574,52,,,0,72,,203541,52,,,0,32,,203544,52,,,0,72,,203542,52,,,0,25,,203543,52,,,0
901,'Sunday',550,,203575,52,,,0,65,,203582,52,,,0,32,,203596,52,,,0,72,,203603,52,,,0,32,,203589,52,,,0,72,,203576,52,,,0,32,,203583,52,,,0,72,,203597,52,,,0,32,,203604,52,,,0,72,,203590,52,,,0,72,,203577,52,,,0,32,,203584,52,,,0,72,,203598,52,,,0,32,,203605,52,,,0,72,,203591,52,,,0,32,,203578,52,,,0,72,,203585,52,,,0,32,,203599,52,,,0,72,,203606,52,,,0,32,,203592,52,,,0,72,,203579,52,,,0,32,,203586,52,,,0,72,,203600,52,,,0,32,,203607,52,,,0,72,,203593,52,,,0,72,,203580,52,,,0,32,,203587,52,,,0,72,,203601,52,,,0,32,,203608,52,,,0,72,,203594,52,,,0,32,,203581,52,,,0,72,,203588,52,,,0,32,,203602,52,,,0,72,,203609,52,,,0,25,,203595,52,,,0
901,'Weekday',514,,203610,52,,,0,22,,203625,52,,,0,23,,203635,52,,,0,64,,203650,52,,,0,26,,203618,52,,,0,67,,203630,52,,,0,22,,203643,52,,,0,62,,203611,52,,,0,22,,203626,52,,,0,11,,203663,52,,,0,11,,203636,52,,,0,11,,203664,52,,,0,51,,203658,52,,,0,11,,203670,52,,,0,11,,203651,52,,,0,11,,203665,52,,,0,11,,203619,52,,,0,50,,203662,52,,,0,10,,203631,52,,,0,22,,203644,52,,,0,22,,203612,52,,,0,62,,203627,52,,,0,22,,203637,52,,,0,62,,203659,52,,,0,22,,203652,52,,,0,22,,203620,52,,,0,62,,203632,52,,,0,22,,203645,52,,,0,22,,203613,52,,,0,62,,203628,52,,,0,22,,203638,52,,,0,22,,203660,52,,,0,62,,203653,52,,,0,22,,203621,52,,,0,64,,203633,52,,,0,23,,203646,52,,,0,10,,203666,52,,,0,13,,203614,52,,,0,9,,203667,52,,,0,54,,203629,52,,,0,8,,203668,52,,,0,15,,203639,52,,,0,22,,203661,52,,,0,61,,203654,52,,,0,19,,203622,52,,,0,11,,203669,52,,,0,6,,203634,52,,,0,63,,203647,52,,,0,30,,203615,52,,,0,70,,203640,52,,,0,30,,203655,52,,,0,70,,203623,52,,,0,30,,203648,52,,,0,70,,203616,52,,,0,30,,203641,52,,,0,70,,203656,52,,,0,30,,203624,52,,,0,70,,203649,52,,,0,30,,203617,52,,,0,70,,203642,52,,,0,30,,203657,52,,,0
1300,'Saturday',732,,204055,23,,,0,74,,204063,23,,,0,34,,204073,23,,,0,74,,204054,23,,,0,34,,204064,23,,,0,74,,204074,23,,,0,34,,204057,23,,,0,74,,204065,23,,,0,74,,204056,23,,,0,34,,204068,23,,,0,74,,204075,23,,,0,34,,204058,23,,,0,74,,204067,23,,,0,34,,204076,23,,,0,76,,204059,23,,,0,74,,204066,23,,,0,34,,204077,23,,,0,74,,204060,23,,,0,34,,204069,23,,,0,73,,204079,23,,,0,33,,204061,23,,,0,74,,204070,23,,,0,74,,204078,23,,,0,34,,204071,23,,,0,74,,204080,23,,,0,34,,204062,23,,,0,74,,204072,23,,,0,34,,204081,23,,,0,74,,204082,23,,,0
1300,'Sunday',732,,204084,23,,,0,74,,204095,23,,,0,34,,204105,23,,,0,75,,204085,23,,,0,34,,204096,23,,,0,74,,204106,23,,,0,34,,204086,23,,,0,74,,204097,23,,,0,74,,204108,23,,,0,34,,204088,23,,,0,74,,204098,23,,,0,34,,204107,23,,,0,74,,204087,23,,,0,34,,204099,23,,,0,76,,204109,23,,,0,74,,204089,23,,,0,34,,204100,23,,,0,74,,204110,23,,,0,34,,204090,23,,,0,72,,204101,23,,,0,33,,204111,23,,,0,74,,204092,23,,,0,74,,204102,23,,,0,34,,204112,23,,,0,74,,204093,23,,,0,34,,204103,23,,,0,74,,204113,23,,,0,34,,204091,23,,,0,74,,204104,23,,,0,34,,204114,23,,,0,74,,204094,23,,,0
1300,'Weekday',603,,204116,23,,,0,31,,204124,23,,,0,69,,204142,23,,,0,30,,204133,23,,,0,70,,204118,23,,,0,29,,204125,23,,,0,70,,204143,23,,,0,30,,204134,23,,,0,70,,204115,23,,,0,31,,204126,23,,,0,70,,204145,23,,,0,30,,204135,23,,,0,70,,204117,23,,,0,30,,204127,23,,,0,70,,204144,23,,,0,30,,204136,23,,,0,70,,204119,23,,,0,30,,204128,23,,,0,70,,204146,23,,,0,31,,204137,23,,,0,70,,204120,23,,,0,30,,204129,23,,,0,70,,204147,23,,,0,30,,204138,23,,,0,69,,204121,23,,,0,24,,204130,23,,,0,30,,204149,23,,,0,70,,204139,23,,,0,30,,204122,23,,,0,70,,204131,23,,,0,30,,204148,23,,,0,70,,204140,23,,,0,30,,204123,23,,,0,70,,204132,23,,,0,30,,204150,23,,,0,64,,204141,23,,,0
2001,'Saturday',634,,205179,34,,,0,69,,205188,60,,,0,26,,205201,60,,,0,26,,205208,60,,,0,60,,205172,60,,,0,26,,205194,60,,,0,67,,205180,60,,,0,28,,205185,60,,,0,67,,205202,60,,,0,27,,205209,60,,,0,27,,205173,60,,,0,67,,205195,60,,,0,27,,205181,60,,,0,67,,205189,60,,,0,27,,205203,60,,,0,67,,205210,60,,,0,27,,205174,60,,,0,67,,205197,60,,,0,27,,205182,60,,,0,67,,205191,60,,,0,27,,205204,60,,,0,27,,205211,60,,,0,67,,205175,60,,,0,27,,205196,60,,,0,67,,205183,60,,,0,27,,205190,60,,,0,67,,205205,60,,,0,27,,205212,60,,,0,67,,205176,60,,,0,27,,205198,60,,,0,27,,205184,60,,,0,65,,205192,60,,,0,25,,205206,60,,,0,66,,205213,60,,,0,26,,205177,60,,,0,66,,205199,60,,,0,26,,205186,60,,,0,26,,205193,60,,,0,66,,205207,60,,,0,24,,205216,60,,,0,75,,205215,60,,,0
2001,'Sunday',634,,205224,34,,,0,69,,205231,60,,,0,26,,205245,60,,,0,26,,205252,60,,,0,60,,205217,60,,,0,26,,205238,60,,,0,67,,205225,60,,,0,28,,205232,60,,,0,67,,205247,60,,,0,27,,205253,60,,,0,27,,205218,60,,,0,67,,205239,60,,,0,27,,205226,60,,,0,67,,205233,60,,,0,27,,205246,60,,,0,67,,205254,60,,,0,27,,205219,60,,,0,67,,205240,60,,,0,27,,205227,60,,,0,67,,205234,60,,,0,27,,205248,60,,,0,27,,205255,60,,,0,67,,205220,60,,,0,27,,205242,60,,,0,67,,205229,60,,,0,27,,205235,60,,,0,67,,205249,60,,,0,27,,205256,60,,,0,67,,205221,60,,,0,27,,205241,60,,,0,27,,205228,60,,,0,65,,205236,60,,,0,25,,205250,60,,,0,66,,205257,60,,,0,26,,205222,60,,,0,66,,205243,60,,,0,26,,205230,60,,,0,26,,205237,60,,,0,64,,205259,60,,,0,26,,205260,60,,,0,75,,205251,60,,,0
2001,'Weekday',542,,205284,19,,,0,66,,205269,60,,,0,29,,205261,60,,,0,72,,205271,60,,,0,16,,205294,60,,,0,14,,205276,60,,,0,16,,205297,60,,,0,55,,205288,60,,,0,14,,205298,60,,,0,14,,205283,60,,,0,14,,205295,60,,,0,55,,205300,60,,,0,9,,205270,60,,,0,10,,205296,60,,,0,6,,205262,60,,,0,14,,205299,60,,,0,13,,205272,60,,,0,68,,205277,60,,,0,28,,205289,60,,,0,68,,205285,60,,,0,28,,205301,60,,,0,68,,205263,60,,,0,28,,205273,60,,,0,68,,205278,60,,,0,28,,205290,60,,,0,68,,205286,60,,,0,28,,205302,60,,,0,69,,205264,60,,,0,25,,205274,60,,,0,70,,205280,60,,,0,14,,205308,60,,,0,14,,205311,60,,,0,14,,205292,60,,,0,14,,205287,60,,,0,53,,205307,60,,,0,13,,205303,60,,,0,14,,205310,60,,,0,14,,205265,60,,,0,52,,205316,60,,,0,14,,205275,60,,,0,14,,205318,60,,,0,13,,205279,60,,,0,54,,205309,60,,,0,13,,205312,60,,,0,15,,205291,60,,,0,29,,205304,60,,,0,68,,205266,60,,,0,27,,205315,60,,,0,65,,205281,60,,,0,25,,205313,60,,,0,64,,205293,60,,,0,30,,205305,60,,,0,68,,205267,60,,,0,27,,205317,60,,,0,27,,205282,60,,,0,68,,205314,60,,,0,30,,205306,60,,,0,70,,205268,60,,,0
69901,'Weekday',843,,225958,44,0,115 116,0
