1400,'Saturday',547,,204287,1,,,0,68,,204274,1,,,0,32,,204262,1,,,0,70,,204251,1,,,0,30,,204275,1,,,0,70,,204264,1,,,0,30,,204250,1,,,0,70,,204276,1,,,0,30,,204263,1,,,0,70,,204252,1,,,0,30,,204278,1,,,0,70,,204266,1,,,0,30,,204253,1,,,0,70,,204279,1,,,0,30,,204265,1,,,0,70,,204254,1,,,0,30,,204280,1,,,0,70,,204267,1,,,0,30,,204255,1,,,0,70,,204277,1,,,0,30,,204268,1,,,0,70,,204256,1,,,0,30,,204281,1,,,0,70,,204270,1,,,0,30,,204258,1,,,0,70,,204282,1,,,0,30,,204269,1,,,0,70,,204257,1,,,0,30,,204283,1,,,0,70,,204272,1,,,0,30,,204259,1,,,0,70,,204284,1,,,0,30,,204271,1,,,0,70,,204261,1,,,0,37,,204285,1,,,0,63,,204273,1,,,0,30,,204260,1,,,0,70,,204286,1,,,0
1400,'Sunday',547,,204302,1,,,0,68,,204290,1,,,0,32,,204315,1,,,0,70,,204303,1,,,0,30,,204291,1,,,0,70,,204317,1,,,0,30,,204304,1,,,0,70,,204293,1,,,0,30,,204316,1,,,0,70,,204305,1,,,0,30,,204292,1,,,0,70,,204318,1,,,0,30,,204307,1,,,0,70,,204289,1,,,0,30,,204319,1,,,0,70,,204306,1,,,0,30,,204294,1,,,0,70,,204320,1,,,0,30,,204308,1,,,0,70,,204296,1,,,0,30,,204321,1,,,0,70,,204310,1,,,0,30,,204295,1,,,0,70,,204322,1,,,0,30,,204309,1,,,0,70,,204297,1,,,0,30,,204323,1,,,0,70,,204311,1,,,0,30,,204299,1,,,0,70,,204324,1,,,0,30,,204312,1,,,0,70,,204298,1,,,0,30,,204325,1,,,0,70,,204313,1,,,0,36,,204300,1,,,0,64,,204288,1,,,0,30,,204314,1,,,0,70,,204301,1,,,0
1400,'Weekday',420,,204331,1,,,0,30,,204341,1,,,0,61,,204351,1,,,0,15,,204332,1,,,0,22,,204327,1,,,0,55,,204368,1,,,0,15,,204342,1,,,0,15,,204352,1,,,0,15,,204333,1,,,0,55,,204362,1,,,0,15,,204328,1,,,0,15,,204369,1,,,0,15,,204343,1,,,0,55,,204370,1,,,0,16,,204334,1,,,0,8,,204329,1,,,0,8,,204364,1,,,0,5,,204375,1,,,0,8,,204330,1,,,0,55,,204353,1,,,0,22,,204344,1,,,0,22,,204335,1,,,0,62,,204363,1,,,0,22,,204354,1,,,0,22,,204345,1,,,0,62,,204336,1,,,0,22,,204365,1,,,0,22,,204355,1,,,0,62,,204346,1,,,0,22,,204337,1,,,0,62,,204366,1,,,0,22,,204356,1,,,0,22,,204347,1,,,0,62,,204338,1,,,0,22,,204367,1,,,0,16,,204357,1,,,0,52,,204359,1,,,0,20,,204348,1,,,0,15,,204326,1,,,0,15,,204339,1,,,0,57,,204372,1,,,0,20,,204374,1,,,0,20,,204349,1,,,0,60,,204360,1,,,0,20,,204340,1,,,0,13,,204373,1,,,0,10,,204350,1,,,0,55,,204361,1,,,0,15,,204358,1,,,0,21,,204387,1,,,0,70,,204378,1,,,0,30,,204379,1,,,0,70,,204380,1,,,0,30,,204381,1,,,0,70,,204382,1,,,0,30,,204383,1,,,0,70,,204384,1,,,0,30,,204385,1,,,0,65,,204386,1,,,0,30,,204376,1,,,0,75,,204377,1,,,0
1401,'Saturday',614,,204427,36,4,,0,30,,204426,36,4,,0,70,,204401,36,4,,0,30,,204389,36,4,,0,70,,204415,36,4,,0,30,,204403,36,4,,0,70,,204392,36,4,,0,31,,204416,36,4,,0,70,,204402,36,4,,0,30,,204390,36,4,,0,70,,204413,36,4,,0,30,,204404,36,4,,0,70,,204393,36,4,,0,30,,204417,36,4,,0,70,,204405,36,4,,0,30,,204391,36,4,,0,70,,204418,36,4,,0,30,,204406,36,4,,0,72,,204394,36,4,,0,30,,204421,36,4,,0,70,,204407,36,4,,0,30,,204395,36,4,,0,70,,204419,36,4,,0,30,,204409,36,4,,0,70,,204396,36,4,,0,30,,204423,36,4,,0,68,,204408,36,4,,0,29,,204397,36,4,,0,70,,204420,36,4,,0,30,,204410,36,4,,0,70,,204398,36,4,,0,30,,204425,36,4,,0,70,,204411,36,4,,0,30,,204399,36,4,,0,70,,204422,36,4,,0,30,,204412,36,4,,0,70,,204400,36,4,,0,30,,204424,36,4,,0,74,,204414,36,4,,0
1401,'Sunday',614,,204428,36,4,,0,30,,204456,36,4,,0,70,,204442,36,4,,0,30,,204429,36,4,,0,70,,204454,36,4,,0,30,,204443,36,4,,0,70,,204430,36,4,,0,31,,204458,36,4,,0,70,,204445,36,4,,0,30,,204431,36,4,,0,70,,204457,36,4,,0,30,,204444,36,4,,0,70,,204432,36,4,,0,30,,204459,36,4,,0,70,,204446,36,4,,0,30,,204433,36,4,,0,70,,204460,36,4,,0,30,,204448,36,4,,0,72,,204434,36,4,,0,30,,204462,36,4,,0,70,,204447,36,4,,0,30,,204435,36,4,,0,70,,204461,36,4,,0,30,,204450,36,4,,0,70,,204436,36,4,,0,30,,204463,36,4,,0,68,,204449,36,4,,0,30,,204437,36,4,,0,70,,204465,36,4,,0,30,,204451,36,4,,0,70,,204438,36,4,,0,30,,204464,36,4,,0,70,,204452,36,4,,0,30,,204439,36,4,,0,70,,204466,36,4,,0,30,,204453,36,4,,0,70,,204440,36,4,,0,30,,204441,36,4,,0,74,,204455,36,4,,0
1401,'Weekday',446,,204470,36,4,,0,62,,204497,36,4,,0,22,,204471,36,4,,0,22,,204512,36,4,,0,48,,204524,26,4,,0,7,,204473,36,4,,0,10,,204488,36,4,,0,7,,204513,36,4,,0,7,,204498,36,4,,0,8,,204474,26,4,,0,7,,204479,36,4,,0,7,,204526,36,4,,0,49,,204511,26,4,,0,10,,204477,36,4,,0,6,,204475,36,4,,0,8,,204525,26,4,,0,8,,204527,36,4,,0,8,,204489,36,4,,0,8,,204472,26,4,,0,9,,204499,36,4,,0,48,,204528,36,4,,0,10,,204480,36,4,,0,8,,204476,36,4,,0,7,,204514,36,4,,0,7,,204533,36,4,,0,7,,204478,36,4,,0,54,,204500,36,4,,0,16,,204490,36,4,,0,29,,204481,36,4,,0,63,,204515,36,4,,0,22,,204501,36,4,,0,22,,204491,36,4,,0,62,,204482,36,4,,0,22,,204517,36,4,,0,22,,204504,36,4,,0,62,,204492,36,4,,0,22,,204483,36,4,,0,62,,204516,36,4,,0,22,,204502,36,4,,0,22,,204493,36,4,,0,62,,204484,36,4,,0,22,,204518,36,4,,0,23,,204503,36,4,,0,63,,204494,36,4,,0,15,,204467,36,4,,0,15,,204485,36,4,,0,55,,204529,36,4,,0,8,,204519,36,4,,0,9,,204505,36,4,,0,4,,204531,36,4,,0,10,,204509,36,4,,0,10,,204521,36,4,,0,10,,204495,36,4,,0,47,,204506,36,4,,0,7,,204468,36,4,,0,7,,204510,36,4,,0,7,,204486,36,4,,0,7,,204522,36,4,,0,8,,204530,36,4,,0,6,,204507,36,4,,0,7,,204469,36,4,,0,7,,204532,36,4,,0,47,,204523,36,4,,0,14,,204508,36,4,,0,20,,204520,36,4,,0,65,,204487,36,4,,0,31,,204496,36,4,,0,70,,204535,36,4,,0,30,,204534,36,4,,0,70,,204536,36,4,,0,29,,204537,36,4,,0,70,,204538,36,4,,0,30,,204539,36,4,,0,70,,204540,36,4,,0,30,,204541,36,4,,0,70,,204542,36,4,,0,25,,204543,36,4,,0,75,,204544,36,4,,0
1401,'Weekday0000100',1404,,204545,36,4,,0
5200,'Saturday',545,,209752,1,,,0,85,,209751,1,,,0,85,,209755,1,,,0,85,,209753,1,,,0,45,,209756,1,,,0,85,,209757,1,,,0,85,,209759,1,,,0,85,,209760,1,,,0,45,,209761,1,,,0,85,,209758,1,,,0,92,,209763,1,,,0,85,,209765,1,,,0,45,,209762,1,,,0,85,,209767,1,,,0,84,,209764,1,,,0,86,,209766,1,,,0,40,,209769,1,,,0,90,,209770,1,,,0,82,,209771,1,,,0,88,,209768,1,,,0,45,,209772,1,,,0,85,,209754,1,,,0
5200,'Sunday',724,,209773,1,,,0,100,,209774,1,,,0,85,,209775,1,,,0,45,,209776,1,,,0,85,,209778,1,,,0,85,,209779,1,,,0,85,,209777,1,,,0,45,,209781,1,,,0,85,,209782,1,,,0,85,,209780,1,,,0,85,,209783,1,,,0,45,,209784,1,,,0,85,,209785,1,,,0,85,,209788,1,,,0,85,,209789,1,,,0,45,,209786,1,,,0,85,,209787,1,,,0,85,,209790,1,,,0,85,,209791,1,,,0
5200,'Weekday',600,,209812,1,,,0,45,,209810,1,,,0,85,,209813,1,,,0,85,,209809,1,,,0,93,,209811,1,,,0,45,,209805,1,,,0,85,,209806,1,,,0,85,,209807,1,,,0,85,,209808,1,,,0,45,,209800,1,,,0,85,,209804,1,,,0,85,,209802,1,,,0,92,,209803,1,,,0,86,,209798,1,,,0,44,,209801,1,,,0,85,,209797,1,,,0,85,,209799,1,,,0,43,,209795,1,,,0,85,,209796,1,,,0,87,,209794,1,,,0,81,,209792,1,,,0,91,,209793,1,,,0
5201,'Saturday',714,,209828,48,4,,0,45,,209819,48,4,,0,85,,209829,48,4,,0,85,,209820,48,4,,0,85,,209830,48,4,,0,45,,209823,48,4,,0,85,,209833,48,4,,0,85,,209824,48,4,,0,92,,209834,48,4,,0,85,,209822,48,4,,0,45,,209835,48,4,,0,85,,209818,48,4,,0,85,,209831,48,4,,0,85,,209825,48,4,,0,41,,209832,48,4,,0,89,,209826,48,4,,0,82,,209816,48,4,,0,88,,209827,48,4,,0,45,,209815,48,4,,0,85,,209821,48,4,,0,85,,209817,48,4,,0
5201,'Sunday',823,,209845,48,4,,0,85,,209836,48,4,,0,45,,209846,48,4,,0,85,,209840,48,4,,0,85,,209849,48,4,,0,85,,209837,48,4,,0,45,,209850,48,4,,0,85,,209838,48,4,,0,85,,209847,48,4,,0,85,,209841,48,4,,0,45,,209848,48,4,,0,85,,209839,48,4,,0,85,,209852,48,4,,0,85,,209842,48,4,,0,45,,209851,48,4,,0,85,,209843,48,4,,0,85,,209853,48,4,,0,85,,209844,48,4,,0,45,,209854,48,4,,0
5201,'Weekday',557,,209875,48,4,,0,85,,209874,48,4,,0,85,,209873,48,4,,0,85,,209872,48,4,,0,45,,209876,48,4,,0,93,,209869,48,4,,0,85,,209871,48,4,,0,85,,209867,48,4,,0,85,,209870,48,4,,0,45,,209868,48,4,,0,85,,209866,48,4,,0,85,,209861,48,4,,0,85,,209865,48,4,,0,96,,209864,48,4,,0,44,,209863,48,4,,0,83,,209859,48,4,,0,85,,209862,48,4,,0,43,,209860,48,4,,0,85,,209858,48,4,,0,84,,209857,48,4,,0,85,,209856,48,4,,0,91,,209855,48,4,,0
