12000,'Saturday',705,,218549,18,,,0,46,,218548,18,,,0,86,,218550,18,,,0,86,,218551,18,,,0,86,,218552,18,,,0,46,,218553,18,,,0,86,,218554,18,,,0,88,,218555,18,,,0,86,,218557,18,,,0,86,,218556,18,,,0,46,,218558,18,,,0,86,,218559,18,,,0,86,,218560,18,,,0,86,,218561,18,,,0,46,,218562,18,,,0,86,,218563,18,,,0,86,,218564,18,,,0,86,,218565,18,,,0,46,,218566,18,,,0,83,,218567,18,,,0,86,,218568,18,,,0,86,,218569,18,,,0,46,,218570,18,,,0
12000,'Sunday',705,,218571,18,,,0,46,,218572,18,,,0,86,,218573,18,,,0,86,,218574,18,,,0,86,,218575,18,,,0,46,,218576,18,,,0,86,,218577,18,,,0,88,,218578,18,,,0,86,,218579,18,,,0,86,,218581,18,,,0,46,,218580,18,,,0,86,,218582,18,,,0,86,,218583,18,,,0,86,,218584,18,,,0,46,,218585,18,,,0,86,,218586,18,,,0,86,,218587,18,,,0,86,,218589,18,,,0,46,,218588,18,,,0,83,,218590,18,,,0,86,,218591,18,,,0,86,,218592,18,,,0,46,,218593,18,,,0
12000,'Weekday',530,,218594,18,,,0,85,,218595,18,,,0,23,,218620,18,,,0,62,,218598,18,,,0,23,,218621,18,,,0,22,,218597,18,,,0,63,,218622,18,,,0,22,,218599,18,,,0,85,,218600,18,,,0,85,,218601,18,,,0,45,,218602,18,,,0,85,,218603,18,,,0,85,,218604,18,,,0,85,,218605,18,,,0,45,,218606,18,,,0,85,,218607,18,,,0,86,,218608,18,,,0,23,,218625,18,,,0,62,,218610,18,,,0,23,,218624,18,,,0,22,,218611,18,,,0,63,,218623,18,,,0,22,,218612,18,,,0,85,,218609,18,,,0,84,,218613,18,,,0,45,,218614,18,,,0,85,,218615,18,,,0,85,,218616,18,,,0,43,,218617,18,,,0,85,,218618,18,,,0,85,,218619,18,,,0,85,,218596,18,,,0
72500,'Weekday0000100',1432,,226038,2,4,,0
72500,'Weekday1111000',1615,,226039,2,4,,0
79400,'Weekday',747,,226188,24,0,210 287 79,0
79401,'Weekday0000100',1237,,226190,4,4,,0
79401,'Weekday1111000',1517,,226192,4,4,,0
82000,'Weekday',829,,226248,23,0,12 265 145 119,0
83600,'Weekday',800,,226274,31,0,12 196 197 198 199 145,0
