801,'Saturday',707,,203263,33,,,0,27,,203264,33,,,0,67,,203265,33,,,0,27,,203266,33,,,0,27,,203267,33,,,0,67,,203268,33,,,0,27,,203269,33,,,0,67,,203270,33,,,0,27,,203271,33,,,0,67,,203272,33,,,0,27,,203273,33,,,0,67,,203274,33,,,0,27,,203275,33,,,0,27,,203276,33,,,0,67,,203277,33,,,0,27,,203278,33,,,0,67,,203280,33,,,0,27,,203281,33,,,0,67,,203282,33,,,0,27,,203279,33,,,0,67,,203283,33,,,0,27,,203284,33,,,0,67,,203285,33,,,0,27,,203286,33,,,0,27,,203287,33,,,0,67,,203289,33,,,0,27,,203290,33,,,0,67,,203291,33,,,0,27,,203288,33,,,0,67,,203292,33,,,0,27,,203293,33,,,0,70,,203294,33,,,0,35,,203295,33,,,0,75,,203296,33,,,0,35,,203297,33,,,0,75,,203298,33,,,0,75,,203299,33,,,0
801,'Sunday',707,,203301,33,,,0,27,,203300,33,,,0,67,,203302,33,,,0,27,,203303,33,,,0,27,,203304,33,,,0,67,,203305,33,,,0,27,,203307,33,,,0,67,,203306,33,,,0,27,,203308,33,,,0,67,,203309,33,,,0,27,,203310,33,,,0,67,,203311,33,,,0,27,,203312,33,,,0,27,,203313,33,,,0,67,,203314,33,,,0,27,,203315,33,,,0,67,,203316,33,,,0,27,,203317,33,,,0,67,,203318,33,,,0,27,,203319,33,,,0,67,,203320,33,,,0,27,,203321,33,,,0,67,,203323,33,,,0,27,,203325,33,,,0,27,,203324,33,,,0,67,,203326,33,,,0,27,,203322,33,,,0,67,,203329,33,,,0,27,,203327,33,,,0,67,,203328,33,,,0,27,,203330,33,,,0,70,,203331,33,,,0,35,,203332,33,,,0,75,,203333,33,,,0,35,,203334,33,,,0,75,,203335,33,,,0,75,,203336,33,,,0
801,'Weekday',538,,203398,33,,,0,18,,203361,33,,,0,59,,203340,33,,,0,18,,203342,33,,,0,17,,203352,33,,,0,55,,203369,33,,,0,18,,203377,33,,,0,6,,203385,33,,,0,5,,203386,33,,,0,7,,203399,33,,,0,5,,203387,33,,,0,5,,203388,33,,,0,7,,203362,33,,,0,45,,203389,33,,,0,5,,203390,33,,,0,7,,203341,33,,,0,5,,203391,33,,,0,5,,203392,33,,,0,7,,203344,33,,,0,5,,203393,33,,,0,12,,203353,33,,,0,56,,203370,33,,,0,16,,203378,33,,,0,13,,203400,33,,,0,21,,203363,33,,,0,61,,203343,33,,,0,21,,203354,33,,,0,21,,203371,33,,,0,61,,203401,33,,,0,21,,203364,33,,,0,61,,203345,33,,,0,21,,203355,33,,,0,21,,203373,33,,,0,61,,203402,33,,,0,21,,203365,33,,,0,21,,203346,33,,,0,61,,203356,33,,,0,21,,203372,33,,,0,25,,203403,33,,,0,52,,203394,33,,,0,10,,203366,33,,,0,10,,203395,33,,,0,10,,203347,33,,,0,5,,203396,33,,,0,9,,203380,33,,,0,59,,203357,33,,,0,5,,203397,33,,,0,7,,203383,33,,,0,5,,203374,33,,,0,5,,203382,33,,,0,5,,203384,33,,,0,5,,203379,33,,,0,17,,203404,33,,,0,57,,203367,33,,,0,17,,203348,33,,,0,17,,203381,33,,,0,57,,203338,33,,,0,22,,203375,33,,,0,19,,203405,33,,,0,61,,203368,33,,,0,21,,203349,33,,,0,21,,203358,33,,,0,61,,203376,33,,,0,20,,203406,33,,,0,75,,203339,33,,,0,29,,203359,33,,,0,75,,203408,33,,,0,31,,203350,33,,,0,73,,203360,33,,,0,33,,203407,33,,,0,73,,203351,33,,,0,33,,203337,33,,,0,85,,203409,33,,,0
801,'Weekday0000100',1417,,203410,33,,,0,39,,203411,33,,,0
801,'Weekday1111000',1559,,203412,33,,,0
901,'Saturday',508,,203540,15,,,0,25,,203545,15,,,0,72,,203546,15,,,0,32,,203547,15,,,0,72,,203548,15,,,0,32,,203549,15,,,0,72,,203550,15,,,0,32,,203551,15,,,0,72,,203552,15,,,0,32,,203553,15,,,0,72,,203554,15,,,0,32,,203555,15,,,0,72,,203556,15,,,0,32,,203557,15,,,0,72,,203558,15,,,0,72,,203559,15,,,0,32,,203560,15,,,0,72,,203561,15,,,0,32,,203562,15,,,0,72,,203563,15,,,0,32,,203564,15,,,0,72,,203565,15,,,0,32,,203566,15,,,0,72,,203567,15,,,0,32,,203568,15,,,0,72,,203569,15,,,0,32,,203570,15,,,0,72,,203571,15,,,0,32,,203572,15,,,0,72,,203573,15,,,0,72,,203574,15,,,0,32,,203541,15,,,0,72,,203544,15,,,0,32,,203542,15,,,0,65,,203543,15,,,0
901,'Sunday',508,,203575,15,,,0,25,,203582,15,,,0,72,,203596,15,,,0,32,,203603,15,,,0,72,,203589,15,,,0,32,,203576,15,,,0,72,,203583,15,,,0,32,,203597,15,,,0,72,,203604,15,,,0,32,,203590,15,,,0,72,,203577,15,,,0,32,,203584,15,,,0,72,,203598,15,,,0,32,,203605,15,,,0,72,,203591,15,,,0,72,,203578,15,,,0,32,,203585,15,,,0,72,,203599,15,,,0,32,,203606,15,,,0,72,,203592,15,,,0,32,,203579,15,,,0,72,,203586,15,,,0,32,,203600,15,,,0,72,,203607,15,,,0,32,,203593,15,,,0,72,,203580,15,,,0,32,,203587,15,,,0,72,,203601,15,,,0,32,,203608,15,,,0,72,,203594,15,,,0,72,,203581,15,,,0,32,,203588,15,,,0,72,,203602,15,,,0,32,,203609,15,,,0,65,,203595,15,,,0
901,'Weekday',429,,203610,15,,,0,22,,203625,15,,,0,62,,203635,15,,,0,22,,203650,15,,,0,22,,203618,15,,,0,67,,203630,15,,,0,22,,203643,15,,,0,62,,203611,15,,,0,22,,203626,15,,,0,11,,203663,15,,,0,11,,203636,15,,,0,51,,203664,15,,,0,11,,203658,15,,,0,11,,203670,15,,,0,11,,203651,15,,,0,11,,203665,15,,,0,11,,203619,15,,,0,50,,203662,15,,,0,10,,203631,15,,,0,22,,203644,15,,,0,62,,203612,15,,,0,22,,203627,15,,,0,22,,203637,15,,,0,62,,203659,15,,,0,22,,203652,15,,,0,22,,203620,15,,,0,62,,203632,15,,,0,22,,203645,15,,,0,22,,203613,15,,,0,62,,203628,15,,,0,22,,203638,15,,,0,62,,203660,15,,,0,22,,203653,15,,,0,22,,203621,15,,,0,63,,203633,15,,,0,23,,203646,15,,,0,10,,203666,15,,,0,13,,203614,15,,,0,49,,203667,15,,,0,14,,203629,15,,,0,8,,203668,15,,,0,15,,203639,15,,,0,63,,203661,15,,,0,23,,203654,15,,,0,23,,203622,15,,,0,53,,203669,15,,,0,6,,203634,15,,,0,23,,203647,15,,,0,70,,203615,15,,,0,30,,203640,15,,,0,70,,203655,15,,,0,30,,203623,15,,,0,70,,203648,15,,,0,30,,203616,15,,,0,70,,203641,15,,,0,30,,203656,15,,,0,70,,203624,15,,,0,30,,203649,15,,,0,70,,203617,15,,,0,30,,203642,15,,,0,70,,203657,15,,,0
2001,'Saturday',610,,205179,13,,,0,29,,205188,39,,,0,66,,205201,39,,,0,26,,205208,39,,,0,20,,205172,39,,,0,66,,205194,39,,,0,26,,205180,39,,,0,67,,205185,39,,,0,27,,205202,39,,,0,67,,205209,39,,,0,27,,205173,39,,,0,27,,205195,39,,,0,67,,205181,39,,,0,27,,205189,39,,,0,67,,205203,39,,,0,27,,205210,39,,,0,67,,205174,39,,,0,27,,205197,39,,,0,67,,205182,39,,,0,27,,205191,39,,,0,67,,205204,39,,,0,27,,205211,39,,,0,27,,205175,39,,,0,67,,205196,39,,,0,27,,205183,39,,,0,67,,205190,39,,,0,27,,205205,39,,,0,67,,205212,39,,,0,27,,205176,39,,,0,67,,205198,39,,,0,27,,205184,39,,,0,27,,205192,39,,,0,65,,205206,39,,,0,26,,205213,39,,,0,66,,205177,39,,,0,26,,205199,39,,,0,66,,205186,39,,,0,26,,205193,39,,,0,26,,205207,39,,,0,66,,205216,39,,,0,75,,205215,39,,,0
2001,'Sunday',610,,205224,13,,,0,29,,205231,39,,,0,66,,205245,39,,,0,26,,205252,39,,,0,20,,205217,39,,,0,66,,205238,39,,,0,26,,205225,39,,,0,67,,205232,39,,,0,27,,205247,39,,,0,67,,205253,39,,,0,27,,205218,39,,,0,27,,205239,39,,,0,67,,205226,39,,,0,27,,205233,39,,,0,67,,205246,39,,,0,27,,205254,39,,,0,67,,205219,39,,,0,27,,205240,39,,,0,67,,205227,39,,,0,27,,205234,39,,,0,67,,205248,39,,,0,27,,205255,39,,,0,27,,205220,39,,,0,67,,205242,39,,,0,27,,205229,39,,,0,67,,205235,39,,,0,27,,205249,39,,,0,67,,205256,39,,,0,27,,205221,39,,,0,67,,205241,39,,,0,27,,205228,39,,,0,27,,205236,39,,,0,65,,205250,39,,,0,26,,205257,39,,,0,66,,205222,39,,,0,26,,205243,39,,,0,66,,205230,39,,,0,26,,205237,39,,,0,26,,205259,39,,,0,66,,205260,39,,,0,75,,205251,39,,,0
2001,'Weekday',540,,205269,39,,,0,68,,205261,39,,,0,31,,205271,39,,,0,14,,205294,39,,,0,54,,205276,39,,,0,16,,205297,39,,,0,15,,205288,39,,,0,14,,205298,39,,,0,54,,205283,39,,,0,14,,205295,39,,,0,16,,205300,39,,,0,9,,205270,39,,,0,11,,205296,39,,,0,46,,205262,39,,,0,14,,205299,39,,,0,13,,205272,39,,,0,28,,205277,39,,,0,68,,205289,39,,,0,28,,205285,39,,,0,68,,205301,39,,,0,28,,205263,39,,,0,68,,205273,39,,,0,28,,205278,39,,,0,68,,205290,39,,,0,28,,205286,39,,,0,68,,205302,39,,,0,28,,205264,39,,,0,72,,205274,39,,,0,23,,205280,39,,,0,14,,205308,39,,,0,54,,205311,39,,,0,14,,205292,39,,,0,14,,205287,39,,,0,14,,205307,39,,,0,14,,205303,39,,,0,54,,205310,39,,,0,14,,205265,39,,,0,12,,205316,39,,,0,14,,205275,39,,,0,54,,205318,39,,,0,14,,205279,39,,,0,14,,205309,39,,,0,13,,205312,39,,,0,55,,205291,39,,,0,29,,205304,39,,,0,28,,205266,39,,,0,67,,205315,39,,,0,28,,205281,39,,,0,66,,205313,39,,,0,24,,205293,39,,,0,70,,205305,39,,,0,28,,205267,39,,,0,68,,205317,39,,,0,27,,205282,39,,,0,68,,205314,39,,,0,30,,205306,39,,,0,70,,205268,39,,,0
10801,'Saturday',709,,217782,3,,,0,45,,217772,3,,,0,85,,217783,3,,,0,85,,217774,3,,,0,85,,217784,3,,,0,45,,217775,3,,,0,85,,217785,3,,,0,85,,217776,3,,,0,85,,217786,3,,,0,45,,217777,3,,,0,85,,217787,3,,,0,85,,217778,3,,,0,85,,217788,3,,,0,45,,217779,3,,,0,85,,217789,3,,,0,85,,217780,3,,,0,85,,217790,3,,,0,45,,217781,3,,,0,85,,217791,3,,,0,85,,217792,3,,,0,85,,217773,3,,,0
10801,'Sunday',709,,217803,3,,,0,45,,217794,3,,,0,85,,217804,3,,,0,85,,217795,3,,,0,85,,217805,3,,,0,45,,217796,3,,,0,85,,217808,3,,,0,85,,217797,3,,,0,85,,217806,3,,,0,45,,217799,3,,,0,85,,217807,3,,,0,85,,217798,3,,,0,85,,217809,3,,,0,45,,217800,3,,,0,85,,217810,3,,,0,85,,217801,3,,,0,85,,217811,3,,,0,45,,217802,3,,,0,85,,217812,3,,,0,85,,217813,3,,,0,85,,217793,3,,,0
10801,'Weekday',618,,217849,3,,,0,25,,217850,3,,,0,65,,217847,3,,,0,25,,217818,3,,,0,25,,217815,3,,,0,70,,217848,3,,,0,76,,217817,3,,,0,32,,217836,3,,,0,70,,217819,3,,,0,30,,217820,3,,,0,70,,217822,3,,,0,30,,217837,3,,,0,70,,217821,3,,,0,30,,217838,3,,,0,70,,217824,3,,,0,30,,217823,3,,,0,70,,217839,3,,,0,30,,217842,3,,,0,70,,217840,3,,,0,30,,217826,3,,,0,65,,217841,3,,,0,25,,217825,3,,,0,25,,217843,3,,,0,65,,217827,3,,,0,25,,217846,3,,,0,72,,217844,3,,,0,32,,217829,3,,,0,70,,217830,3,,,0,30,,217828,3,,,0,70,,217831,3,,,0,30,,217845,3,,,0,70,,217832,3,,,0,30,,217816,3,,,0,70,,217835,3,,,0,30,,217834,3,,,0,70,,217833,3,,,0,33,,217814,3,,,0
