1400,'Saturday',634,,204287,44,4,,0,68,,204274,44,4,,0,32,,204262,44,4,,0,70,,204251,44,4,,0,30,,204275,44,4,,0,70,,204264,44,4,,0,32,,204250,44,4,,0,70,,204276,44,4,,0,30,,204263,44,4,,0,70,,204252,44,4,,0,30,,204278,44,4,,0,70,,204266,44,4,,0,30,,204253,44,4,,0,70,,204279,44,4,,0,30,,204265,44,4,,0,70,,204254,44,4,,0,30,,204280,44,4,,0,70,,204267,44,4,,0,30,,204255,44,4,,0,70,,204277,44,4,,0,30,,204268,44,4,,0,70,,204256,44,4,,0,30,,204281,44,4,,0,70,,204270,44,4,,0,30,,204258,44,4,,0,70,,204282,44,4,,0,29,,204269,44,4,,0,70,,204257,44,4,,0,30,,204283,44,4,,0,70,,204272,44,4,,0,30,,204259,44,4,,0,70,,204284,44,4,,0,30,,204271,44,4,,0,70,,204261,44,4,,0,37,,204285,44,4,,0,63,,204273,44,4,,0,30,,204260,44,4,,0,70,,204286,44,4,,0
1400,'Sunday',634,,204302,44,4,,0,68,,204290,44,4,,0,32,,204315,44,4,,0,70,,204303,44,4,,0,30,,204291,44,4,,0,70,,204317,44,4,,0,32,,204304,44,4,,0,70,,204293,44,4,,0,30,,204316,44,4,,0,70,,204305,44,4,,0,30,,204292,44,4,,0,70,,204318,44,4,,0,30,,204307,44,4,,0,70,,204289,44,4,,0,30,,204319,44,4,,0,70,,204306,44,4,,0,30,,204294,44,4,,0,70,,204320,44,4,,0,30,,204308,44,4,,0,70,,204296,44,4,,0,30,,204321,44,4,,0,70,,204310,44,4,,0,30,,204295,44,4,,0,70,,204322,44,4,,0,30,,204309,44,4,,0,70,,204297,44,4,,0,29,,204323,44,4,,0,70,,204311,44,4,,0,30,,204299,44,4,,0,70,,204324,44,4,,0,30,,204312,44,4,,0,70,,204298,44,4,,0,30,,204325,44,4,,0,70,,204313,44,4,,0,36,,204300,44,4,,0,64,,204288,44,4,,0,30,,204314,44,4,,0,70,,204301,44,4,,0
1400,'Weekday',508,,204331,44,4,,0,30,,204341,44,4,,0,21,,204351,44,4,,0,56,,204332,44,4,,0,24,,204327,44,4,,0,16,,204368,44,4,,0,55,,204342,44,4,,0,15,,204352,44,4,,0,16,,204333,44,4,,0,16,,204362,44,4,,0,57,,204328,44,4,,0,15,,204369,44,4,,0,14,,204343,44,4,,0,14,,204370,44,4,,0,53,,204334,44,4,,0,15,,204364,44,4,,0,13,,204330,44,4,,0,15,,204353,44,4,,0,62,,204344,44,4,,0,22,,204335,44,4,,0,22,,204363,44,4,,0,62,,204354,44,4,,0,22,,204345,44,4,,0,62,,204336,44,4,,0,22,,204365,44,4,,0,22,,204355,44,4,,0,62,,204346,44,4,,0,22,,204337,44,4,,0,22,,204366,44,4,,0,64,,204356,44,4,,0,25,,204347,44,4,,0,64,,204338,44,4,,0,22,,204367,44,4,,0,16,,204357,44,4,,0,2,,204371,5,4,,0,10,,204359,44,4,,0,60,,204348,44,4,,0,15,,204326,44,4,,0,16,,204339,44,4,,0,57,,204372,44,4,,0,20,,204374,44,4,,0,19,,204349,44,4,,0,60,,204360,44,4,,0,20,,204340,44,4,,0,13,,204373,44,4,,0,10,,204350,44,4,,0,54,,204361,44,4,,0,13,,204358,44,4,,0,17,,204387,44,4,,0,68,,204378,44,4,,0,30,,204379,44,4,,0,70,,204380,44,4,,0,30,,204381,44,4,,0,70,,204382,44,4,,0,30,,204383,44,4,,0,70,,204384,44,4,,0,30,,204385,44,4,,0,25,,204386,44,4,,0,70,,204376,44,4,,0,75,,204377,44,4,,0
1400,'Weekday0000100',1331,,204388,5,4,,0
1401,'Saturday',542,,204427,1,,,0,70,,204426,1,,,0,30,,204401,1,,,0,70,,204389,1,,,0,30,,204415,1,,,0,70,,204403,1,,,0,30,,204392,1,,,0,70,,204416,1,,,0,30,,204402,1,,,0,70,,204390,1,,,0,30,,204413,1,,,0,70,,204404,1,,,0,30,,204393,1,,,0,70,,204417,1,,,0,30,,204405,1,,,0,70,,204391,1,,,0,30,,204418,1,,,0,70,,204406,1,,,0,30,,204394,1,,,0,70,,204421,1,,,0,30,,204407,1,,,0,70,,204395,1,,,0,30,,204419,1,,,0,70,,204409,1,,,0,30,,204396,1,,,0,70,,204423,1,,,0,30,,204408,1,,,0,70,,204397,1,,,0,30,,204420,1,,,0,70,,204410,1,,,0,30,,204398,1,,,0,70,,204425,1,,,0,30,,204411,1,,,0,70,,204399,1,,,0,30,,204422,1,,,0,70,,204412,1,,,0,30,,204400,1,,,0,70,,204424,1,,,0,34,,204414,1,,,0
1401,'Sunday',542,,204428,1,,,0,70,,204456,1,,,0,30,,204442,1,,,0,70,,204429,1,,,0,30,,204454,1,,,0,70,,204443,1,,,0,30,,204430,1,,,0,70,,204458,1,,,0,30,,204445,1,,,0,70,,204431,1,,,0,30,,204457,1,,,0,70,,204444,1,,,0,30,,204432,1,,,0,70,,204459,1,,,0,30,,204446,1,,,0,70,,204433,1,,,0,30,,204460,1,,,0,70,,204448,1,,,0,30,,204434,1,,,0,70,,204462,1,,,0,30,,204447,1,,,0,70,,204435,1,,,0,30,,204461,1,,,0,70,,204450,1,,,0,30,,204436,1,,,0,70,,204463,1,,,0,30,,204449,1,,,0,70,,204437,1,,,0,30,,204465,1,,,0,70,,204451,1,,,0,30,,204438,1,,,0,70,,204464,1,,,0,30,,204452,1,,,0,70,,204439,1,,,0,30,,204466,1,,,0,70,,204453,1,,,0,30,,204440,1,,,0,70,,204441,1,,,0,34,,204455,1,,,0
1401,'Weekday',415,,204470,1,,,0,22,,204497,1,,,0,22,,204471,1,,,0,62,,204512,1,,,0,15,,204473,1,,,0,10,,204488,1,,,0,7,,204513,1,,,0,47,,204498,1,,,0,15,,204479,1,,,0,7,,204526,1,,,0,19,,204477,1,,,0,6,,204475,1,,,0,56,,204527,1,,,0,8,,204489,1,,,0,17,,204499,1,,,0,8,,204528,1,,,0,10,,204480,1,,,0,8,,204476,1,,,0,47,,204514,1,,,0,7,,204533,1,,,0,7,,204478,1,,,0,14,,204500,1,,,0,16,,204490,1,,,0,70,,204481,1,,,0,22,,204515,1,,,0,22,,204501,1,,,0,62,,204491,1,,,0,22,,204482,1,,,0,62,,204517,1,,,0,22,,204504,1,,,0,22,,204492,1,,,0,62,,204483,1,,,0,22,,204516,1,,,0,22,,204502,1,,,0,62,,204493,1,,,0,22,,204484,1,,,0,62,,204518,1,,,0,22,,204503,1,,,0,22,,204494,1,,,0,55,,204467,1,,,0,15,,204485,1,,,0,15,,204529,1,,,0,8,,204519,1,,,0,9,,204505,1,,,0,4,,204531,1,,,0,50,,204509,1,,,0,10,,204521,1,,,0,10,,204495,1,,,0,7,,204506,1,,,0,7,,204468,1,,,0,7,,204510,1,,,0,7,,204486,1,,,0,7,,204522,1,,,0,48,,204530,1,,,0,6,,204507,1,,,0,7,,204469,1,,,0,7,,204532,1,,,0,7,,204523,1,,,0,14,,204508,1,,,0,61,,204520,1,,,0,25,,204487,1,,,0,71,,204496,1,,,0,30,,204535,1,,,0,70,,204534,1,,,0,30,,204536,1,,,0,70,,204537,1,,,0,30,,204538,1,,,0,70,,204539,1,,,0,30,,204540,1,,,0,70,,204541,1,,,0,30,,204542,1,,,0,25,,204543,1,,,0,75,,204544,1,,,0
1401,'Weekday0000100',1333,,204545,1,,,0
86900,'Weekday0000100',1439,,226326,2,4,,0
86900,'Weekday1111000',1555,,226327,2,4,,0
