3600,'Saturday',600,,207286,6,,,0,45,,207290,6,,,0,85,,207293,6,,,0,85,,207295,6,,,0,85,,207287,6,,,0,45,,207291,6,,,0,85,,207292,6,,,0,85,,207294,6,,,0,85,,207274,6,,,0,45,,207275,6,,,0,85,,207276,6,,,0,85,,207277,6,,,0,85,,207278,6,,,0,45,,207279,6,,,0,85,,207280,6,,,0,85,,207281,6,,,0,85,,207282,6,,,0,45,,207283,6,,,0,85,,207288,6,,,0,85,,207284,6,,,0,85,,207285,6,,,0,45,,207289,6,,,0,85,,207297,6,,,0,85,,207296,6,,,0
3600,'Sunday',730,,207311,6,,,0,85,,207313,6,,,0,85,,207309,6,,,0,45,,207308,6,,,0,85,,207310,6,,,0,85,,207312,6,,,0,85,,207299,6,,,0,45,,207298,6,,,0,85,,207300,6,,,0,85,,207301,6,,,0,85,,207302,6,,,0,45,,207303,6,,,0,85,,207304,6,,,0,85,,207305,6,,,0,85,,207306,6,,,0,45,,207307,6,,,0,85,,207314,6,,,0,85,,207316,6,,,0,85,,207317,6,,,0,45,,207319,6,,,0,85,,207318,6,,,0,85,,207315,6,,,0
3600,'Weekday',513,,207320,3,,,0,111,,207331,6,,,0,35,,207332,6,,,0,75,,207333,6,,,0,75,,207334,6,,,0,35,,207335,6,,,0,75,,207337,6,,,0,35,,207336,6,,,0,75,,207341,6,,,0,75,,207338,6,,,0,35,,207339,6,,,0,75,,207340,6,,,0,35,,207342,6,,,0,75,,207343,6,,,0,35,,207344,6,,,0,75,,207345,6,,,0,75,,207346,6,,,0,36,,207347,6,,,0,75,,207348,6,,,0,35,,207349,6,,,0,75,,207350,6,,,0,73,,207322,6,,,0,35,,207323,6,,,0,73,,207321,6,,,0,32,,207324,6,,,0,81,,207325,6,,,0,81,,207326,6,,,0,41,,207327,6,,,0,81,,207328,6,,,0,81,,207329,6,,,0,41,,207330,6,,,0
4100,'Saturday',555,,208209,3,,,0,83,,208208,29,,,0,85,,208206,29,,,0,85,,208191,29,,,0,45,,208192,29,,,0,85,,208193,29,,,0,85,,208194,29,,,0,85,,208195,29,,,0,47,,208196,29,,,0,85,,208197,29,,,0,85,,208198,29,,,0,85,,208199,29,,,0,45,,208200,29,,,0,85,,208202,29,,,0,85,,208203,29,,,0,85,,208204,29,,,0,45,,208201,29,,,0,85,,208205,29,,,0,83,,208207,29,,,0
4100,'Weekday',549,,208210,3,,,0,75,,208213,29,,,0,76,,208214,29,,,0,35,,208215,29,,,0,75,,208216,29,,,0,37,,208217,29,,,0,73,,208221,29,,,0,35,,208219,29,,,0,75,,208222,29,,,0,75,,208220,29,,,0,35,,208218,29,,,0,75,,208224,29,,,0,35,,208223,29,,,0,75,,208227,29,,,0,75,,208225,29,,,0,35,,208226,29,,,0,76,,208228,29,,,0,36,,208229,29,,,0,74,,208230,29,,,0,35,,208231,29,,,0,72,,208232,29,,,0,75,,208233,29,,,0,36,,208211,29,,,0,72,,208212,29,,,0
4100,'Weekday0000100',1242,,208234,16,,,0
4100,'Weekday1111000',1502,,208235,16,,,0
77901,'Weekday',816,,226167,26,0,95 255,0
85300,'Weekday',1550,,226294,4,0,12 93 94,0
85301,'Weekday',821,,226295,2,0,12 93 94,0
