3600,'Saturday',604,,207286,12,,,0,45,,207290,12,,,0,85,,207293,12,,,0,85,,207295,12,,,0,85,,207287,12,,,0,45,,207291,12,,,0,85,,207292,12,,,0,85,,207294,12,,,0,85,,207274,12,,,0,45,,207275,12,,,0,85,,207276,12,,,0,85,,207277,12,,,0,85,,207278,12,,,0,45,,207279,12,,,0,85,,207280,12,,,0,85,,207281,12,,,0,85,,207282,12,,,0,45,,207283,12,,,0,85,,207288,12,,,0,85,,207284,12,,,0,85,,207285,12,,,0,45,,207289,12,,,0,85,,207297,12,,,0,85,,207296,12,,,0
3600,'Sunday',734,,207311,12,,,0,85,,207313,12,,,0,85,,207309,12,,,0,45,,207308,12,,,0,85,,207310,12,,,0,85,,207312,12,,,0,85,,207299,12,,,0,45,,207298,12,,,0,85,,207300,12,,,0,85,,207301,12,,,0,85,,207302,12,,,0,45,,207303,12,,,0,85,,207304,12,,,0,85,,207305,12,,,0,85,,207306,12,,,0,45,,207307,12,,,0,85,,207314,12,,,0,85,,207316,12,,,0,85,,207317,12,,,0,45,,207319,12,,,0,85,,207318,12,,,0,85,,207315,12,,,0
3600,'Weekday',517,,207320,9,,,0,112,,207331,12,,,0,75,,207332,12,,,0,35,,207333,12,,,0,75,,207334,12,,,0,35,,207335,12,,,0,74,,207337,12,,,0,35,,207336,12,,,0,75,,207341,12,,,0,75,,207338,12,,,0,35,,207339,12,,,0,75,,207340,12,,,0,35,,207342,12,,,0,75,,207343,12,,,0,75,,207344,12,,,0,35,,207345,12,,,0,75,,207346,12,,,0,37,,207347,12,,,0,75,,207348,12,,,0,75,,207349,12,,,0,34,,207350,12,,,0,73,,207322,12,,,0,35,,207323,12,,,0,73,,207321,12,,,0,32,,207324,12,,,0,81,,207325,12,,,0,81,,207326,12,,,0,41,,207327,12,,,0,81,,207328,12,,,0,81,,207329,12,,,0,41,,207330,12,,,0
4100,'Saturday',559,,208209,9,,,0,83,,208208,35,,,0,85,,208206,35,,,0,85,,208191,35,,,0,45,,208192,35,,,0,85,,208193,35,,,0,85,,208194,35,,,0,85,,208195,35,,,0,47,,208196,35,,,0,85,,208197,35,,,0,85,,208198,35,,,0,85,,208199,35,,,0,45,,208200,35,,,0,85,,208202,35,,,0,85,,208203,35,,,0,85,,208204,35,,,0,45,,208201,35,,,0,85,,208205,35,,,0,83,,208207,35,,,0
4100,'Weekday',554,,208210,9,,,0,76,,208213,35,,,0,76,,208214,35,,,0,35,,208215,35,,,0,75,,208216,35,,,0,37,,208217,35,,,0,71,,208221,35,,,0,35,,208219,35,,,0,75,,208222,35,,,0,75,,208220,35,,,0,35,,208218,35,,,0,75,,208224,35,,,0,35,,208223,35,,,0,75,,208227,35,,,0,75,,208225,35,,,0,35,,208226,35,,,0,76,,208228,35,,,0,36,,208229,35,,,0,74,,208230,35,,,0,75,,208231,35,,,0,33,,208232,35,,,0,75,,208233,35,,,0,36,,208211,35,,,0,72,,208212,35,,,0
4100,'Weekday0000100',1246,,208234,22,,,0
4100,'Weekday1111000',1506,,208235,22,,,0
77901,'Weekday',819,,226167,32,0,95 255,0
85300,'Weekday',1555,,226294,10,0,12 93 94,0
85301,'Weekday',824,,226295,8,0,12 93 94,0
