6700,'Saturday',611,,212321,11,4,,0,30,,212313,11,4,,0,70,,212333,11,4,,0,30,,212322,11,4,,0,70,,212314,11,4,,0,30,,212334,11,4,,0,70,,212323,11,4,,0,30,,212315,11,4,,0,70,,212335,11,4,,0,30,,212324,11,4,,0,70,,212316,11,4,,0,30,,212336,11,4,,0,70,,212326,11,4,,0,31,,212317,11,4,,0,70,,212337,11,4,,0,30,,212325,11,4,,0,70,,212318,11,4,,0,30,,212338,11,4,,0,70,,212327,11,4,,0,30,,212319,11,4,,0,70,,212339,11,4,,0,30,,212328,11,4,,0,70,,212320,11,4,,0,30,,212340,11,4,,0,70,,212341,11,4,,0,30,,212345,11,4,,0,70,,212329,11,4,,0,30,,212342,11,4,,0,70,,212348,11,4,,0,30,,212330,11,4,,0,70,,212343,11,4,,0,30,,212347,11,4,,0,70,,212331,11,4,,0,29,,212344,11,4,,0,70,,212346,11,4,,0,30,,212332,11,4,,0
6700,'Sunday',611,,212361,11,4,,0,30,,212349,11,4,,0,70,,212373,11,4,,0,30,,212362,11,4,,0,70,,212350,11,4,,0,30,,212374,11,4,,0,70,,212363,11,4,,0,30,,212351,11,4,,0,70,,212375,11,4,,0,30,,212364,11,4,,0,70,,212352,11,4,,0,30,,212376,11,4,,0,70,,212365,11,4,,0,31,,212353,11,4,,0,70,,212377,11,4,,0,30,,212366,11,4,,0,70,,212354,11,4,,0,30,,212378,11,4,,0,70,,212367,11,4,,0,30,,212355,11,4,,0,70,,212379,11,4,,0,30,,212368,11,4,,0,70,,212356,11,4,,0,30,,212380,11,4,,0,70,,212369,11,4,,0,30,,212357,11,4,,0,70,,212381,11,4,,0,30,,212370,11,4,,0,70,,212358,11,4,,0,30,,212382,11,4,,0,70,,212371,11,4,,0,30,,212359,11,4,,0,70,,212383,11,4,,0,29,,212372,11,4,,0,70,,212360,11,4,,0,30,,212384,11,4,,0
6700,'Weekday',512,,212419,11,4,,0,30,,212420,11,4,,0,70,,212421,11,4,,0,30,,212422,11,4,,0,70,,212385,11,4,,0,30,,212407,11,4,,0,71,,212409,11,4,,0,31,,212386,11,4,,0,70,,212406,11,4,,0,30,,212408,11,4,,0,70,,212387,11,4,,0,30,,212397,11,4,,0,70,,212410,11,4,,0,30,,212388,11,4,,0,70,,212398,11,4,,0,30,,212411,11,4,,0,70,,212389,11,4,,0,30,,212399,11,4,,0,70,,212412,11,4,,0,31,,212390,11,4,,0,71,,212400,11,4,,0,32,,212413,11,4,,0,71,,212391,11,4,,0,31,,212401,11,4,,0,71,,212414,11,4,,0,32,,212392,11,4,,0,70,,212402,11,4,,0,31,,212415,11,4,,0,72,,212393,11,4,,0,30,,212403,11,4,,0,68,,212416,11,4,,0,30,,212394,11,4,,0,69,,212404,11,4,,0,29,,212417,11,4,,0,69,,212395,11,4,,0,28,,212405,11,4,,0,68,,212418,11,4,,0,29,,212396,11,4,,0
6701,'Saturday',612,,212431,1,,,0,30,,212423,1,,,0,70,,212441,1,,,0,30,,212432,1,,,0,70,,212424,1,,,0,30,,212444,1,,,0,70,,212433,1,,,0,30,,212425,1,,,0,70,,212445,1,,,0,30,,212434,1,,,0,70,,212426,1,,,0,30,,212446,1,,,0,70,,212435,1,,,0,30,,212427,1,,,0,70,,212447,1,,,0,30,,212436,1,,,0,70,,212428,1,,,0,30,,212448,1,,,0,70,,212437,1,,,0,30,,212429,1,,,0,70,,212449,1,,,0,30,,212438,1,,,0,70,,212430,1,,,0,30,,212450,1,,,0,70,,212451,1,,,0,30,,212458,1,,,0,70,,212439,1,,,0,30,,212452,1,,,0,70,,212457,1,,,0,30,,212440,1,,,0,70,,212453,1,,,0,30,,212456,1,,,0,70,,212442,1,,,0,30,,212454,1,,,0,70,,212455,1,,,0,30,,212443,1,,,0
6701,'Sunday',612,,212472,1,,,0,30,,212459,1,,,0,70,,212483,1,,,0,30,,212471,1,,,0,70,,212460,1,,,0,30,,212484,1,,,0,70,,212473,1,,,0,30,,212461,1,,,0,70,,212485,1,,,0,30,,212474,1,,,0,70,,212462,1,,,0,30,,212486,1,,,0,70,,212475,1,,,0,30,,212463,1,,,0,70,,212487,1,,,0,30,,212476,1,,,0,70,,212464,1,,,0,30,,212488,1,,,0,70,,212477,1,,,0,30,,212465,1,,,0,70,,212489,1,,,0,30,,212478,1,,,0,70,,212466,1,,,0,30,,212490,1,,,0,70,,212479,1,,,0,30,,212467,1,,,0,70,,212491,1,,,0,30,,212480,1,,,0,70,,212468,1,,,0,30,,212492,1,,,0,70,,212481,1,,,0,30,,212469,1,,,0,70,,212493,1,,,0,30,,212482,1,,,0,70,,212470,1,,,0,30,,212494,1,,,0
6701,'Weekday',514,,212530,1,,,0,30,,212531,1,,,0,70,,212529,1,,,0,30,,212532,1,,,0,70,,212495,1,,,0,30,,212516,1,,,0,70,,212518,1,,,0,30,,212496,1,,,0,70,,212517,1,,,0,30,,212519,1,,,0,70,,212497,1,,,0,30,,212507,1,,,0,70,,212521,1,,,0,30,,212498,1,,,0,70,,212508,1,,,0,30,,212520,1,,,0,70,,212499,1,,,0,30,,212509,1,,,0,70,,212522,1,,,0,31,,212500,1,,,0,71,,212510,1,,,0,32,,212523,1,,,0,71,,212501,1,,,0,31,,212511,1,,,0,71,,212524,1,,,0,32,,212502,1,,,0,70,,212512,1,,,0,31,,212525,1,,,0,72,,212503,1,,,0,30,,212513,1,,,0,69,,212526,1,,,0,29,,212504,1,,,0,69,,212514,1,,,0,29,,212527,1,,,0,69,,212505,1,,,0,28,,212515,1,,,0,68,,212528,1,,,0,29,,212506,1,,,0
12700,'Saturday',633,,219163,13,4,,0,75,,219162,13,4,,0,35,,219160,13,4,,0,75,,219161,13,4,,0,35,,219158,13,4,,0,75,,219159,13,4,,0,75,,219157,13,4,,0,35,,219154,13,4,,0,75,,219153,13,4,,0,35,,219156,13,4,,0,75,,219155,13,4,,0,35,,219152,13,4,,0,76,,219151,13,4,,0,77,,219150,13,4,,0,35,,219149,13,4,,0,75,,219145,13,4,,0,35,,219148,13,4,,0,75,,219143,13,4,,0,75,,219147,13,4,,0,35,,219146,13,4,,0,75,,219144,13,4,,0,35,,219142,13,4,,0,75,,219139,13,4,,0,75,,219141,13,4,,0,35,,219137,13,4,,0,75,,219140,13,4,,0,35,,219138,13,4,,0
12700,'Sunday',633,,219166,13,4,,0,75,,219165,13,4,,0,35,,219164,13,4,,0,75,,219169,13,4,,0,35,,219168,13,4,,0,75,,219167,13,4,,0,75,,219172,13,4,,0,35,,219170,13,4,,0,75,,219171,13,4,,0,35,,219173,13,4,,0,75,,219174,13,4,,0,35,,219175,13,4,,0,76,,219177,13,4,,0,77,,219176,13,4,,0,35,,219178,13,4,,0,75,,219181,13,4,,0,35,,219180,13,4,,0,75,,219183,13,4,,0,75,,219179,13,4,,0,35,,219182,13,4,,0,75,,219185,13,4,,0,35,,219184,13,4,,0,75,,219186,13,4,,0,75,,219187,13,4,,0,35,,219189,13,4,,0,75,,219188,13,4,,0,35,,219190,13,4,,0
12700,'Weekday',519,,219224,13,4,,0,30,,219220,30,4,,0,70,,219200,30,4,,0,30,,219219,30,4,,0,70,,219199,30,4,,0,31,,219218,30,4,,0,70,,219198,30,4,,0,31,,219217,30,4,,0,71,,219196,30,4,,0,30,,219216,30,4,,0,71,,219197,30,4,,0,30,,219215,30,4,,0,71,,219191,30,4,,0,30,,219214,30,4,,0,71,,219193,30,4,,0,30,,219213,30,4,,0,71,,219195,30,4,,0,30,,219212,30,4,,0,71,,219194,30,4,,0,30,,219211,30,4,,0,71,,219192,30,4,,0,31,,219226,30,4,,0,71,,219225,30,4,,0,70,,219210,30,4,,0,30,,219223,30,4,,0,70,,219209,30,4,,0,30,,219222,30,4,,0,70,,219208,30,4,,0,35,,219205,13,4,,0,75,,219207,13,4,,0,35,,219206,13,4,,0,75,,219204,13,4,,0,35,,219203,13,4,,0,75,,219202,13,4,,0,75,,219201,13,4,,0,35,,219221,13,4,,0
12701,'Saturday',559,,219251,1,0,87 47,0,75,,219253,1,0,87 47,0,75,,219249,1,0,87 47,0,35,,219252,1,0,87 47,0,75,,219246,1,0,87 47,0,35,,219250,1,0,87 47,0,75,,219248,1,0,87 47,0,75,,219247,1,0,87 47,0,35,,219245,1,0,87 47,0,75,,219244,1,0,87 47,0,35,,219243,1,0,87 47,0,75,,219242,1,0,87 47,0,35,,219241,1,0,87 47,0,76,,219240,1,0,87 47,0,76,,219239,1,0,87 47,0,35,,219237,1,0,87 47,0,75,,219238,1,0,87 47,0,35,,219231,1,0,87 47,0,75,,219234,1,0,87 47,0,75,,219236,1,0,87 47,0,35,,219235,1,0,87 47,0,75,,219233,1,0,87 47,0,35,,219232,1,0,87 47,0,75,,219230,1,0,87 47,0,75,,219229,1,0,87 47,0,35,,219228,1,0,87 47,0,75,,219227,1,0,87 47,0
12701,'Sunday',559,,219254,1,0,87 47,0,75,,219256,1,0,87 47,0,75,,219255,1,0,87 47,0,35,,219258,1,0,87 47,0,75,,219259,1,0,87 47,0,35,,219257,1,0,87 47,0,75,,219261,1,0,87 47,0,75,,219260,1,0,87 47,0,35,,219264,1,0,87 47,0,75,,219263,1,0,87 47,0,35,,219262,1,0,87 47,0,75,,219265,1,0,87 47,0,35,,219266,1,0,87 47,0,76,,219267,1,0,87 47,0,76,,219270,1,0,87 47,0,35,,219269,1,0,87 47,0,75,,219271,1,0,87 47,0,35,,219272,1,0,87 47,0,75,,219273,1,0,87 47,0,75,,219268,1,0,87 47,0,35,,219278,1,0,87 47,0,75,,219277,1,0,87 47,0,35,,219274,1,0,87 47,0,75,,219275,1,0,87 47,0,75,,219276,1,0,87 47,0,35,,219279,1,0,87 47,0,75,,219280,1,0,87 47,0
12701,'Weekday',520,,219289,1,,,0,30,,219309,1,,,0,70,,219288,1,,,0,30,,219308,1,,,0,70,,219287,1,,,0,30,,219307,1,,,0,70,,219286,1,,,0,31,,219306,1,,,0,71,,219285,1,,,0,30,,219305,1,,,0,71,,219284,1,,,0,30,,219303,1,,,0,71,,219282,1,,,0,30,,219304,1,,,0,71,,219311,1,,,0,30,,219302,1,,,0,71,,219283,1,,,0,30,,219300,1,,,0,71,,219281,1,,,0,30,,219313,1,,,0,71,,219315,1,,,0,31,,219301,1,,,0,71,,219314,1,,,0,70,,219298,1,,,0,30,,219310,1,,,0,70,,219299,1,,,0,30,,219297,1,0,87 47,0,70,,219296,1,0,87 47,0,35,,219295,1,0,87 47,0,75,,219293,1,0,87 47,0,35,,219294,1,0,87 47,0,75,,219292,1,0,87 47,0,35,,219290,1,0,87 47,0,75,,219291,1,0,87 47,0,75,,219312,1,0,87 47,0
