2000,'Saturday',658,,205031,40,,,0,66,,205050,40,,,0,26,,205037,40,,,0,66,,205043,40,,,0,26,,205058,40,,,0,67,,205063,40,,,0,27,,205032,40,,,0,67,,205051,40,,,0,27,,205038,40,,,0,27,,205045,40,,,0,67,,205057,40,,,0,27,,205064,40,,,0,67,,205030,40,,,0,27,,205052,40,,,0,67,,205039,40,,,0,27,,205046,40,,,0,67,,205059,40,,,0,27,,205065,40,,,0,67,,205033,40,,,0,27,,205053,40,,,0,27,,205040,40,,,0,67,,205047,40,,,0,27,,205060,40,,,0,67,,205066,40,,,0,27,,205034,40,,,0,67,,205054,40,,,0,27,,205041,40,,,0,67,,205048,40,,,0,27,,205062,40,,,0,27,,205067,40,,,0,65,,205036,40,,,0,26,,205055,40,,,0,66,,205042,40,,,0,26,,205049,40,,,0,66,,205061,40,,,0,26,,205068,40,,,0,26,,205035,40,,,0,64,,205056,40,,,0,26,,205070,40,,,0,65,,205069,40,,,0,26,,205044,40,,,0
2000,'Sunday',658,,205071,40,,,0,66,,205090,40,,,0,26,,205079,40,,,0,66,,205084,40,,,0,26,,205097,40,,,0,67,,205104,40,,,0,27,,205072,40,,,0,67,,205091,40,,,0,27,,205080,40,,,0,27,,205085,40,,,0,67,,205098,40,,,0,27,,205103,40,,,0,67,,205073,40,,,0,27,,205092,40,,,0,67,,205081,40,,,0,27,,205086,40,,,0,67,,205099,40,,,0,27,,205105,40,,,0,67,,205074,40,,,0,27,,205093,40,,,0,27,,205082,40,,,0,67,,205087,40,,,0,27,,205100,40,,,0,67,,205107,40,,,0,27,,205075,40,,,0,67,,205094,40,,,0,27,,205078,40,,,0,67,,205088,40,,,0,27,,205101,40,,,0,27,,205106,40,,,0,65,,205077,40,,,0,26,,205095,40,,,0,66,,205083,40,,,0,26,,205089,40,,,0,66,,205102,40,,,0,26,,205108,40,,,0,26,,205076,40,,,0,64,,205110,40,,,0,26,,205109,40,,,0,64,,205096,40,,,0
2000,'Weekday',523,,205111,25,,,0,24,,205121,25,,,0,66,,205125,40,,,0,30,,205139,40,,,0,66,,205133,40,,,0,16,,205145,40,,,0,14,,205119,40,,,0,14,,205147,40,,,0,54,,205112,40,,,0,14,,205149,40,,,0,13,,205120,40,,,0,14,,205144,40,,,0,53,,205126,40,,,0,14,,205146,40,,,0,12,,205137,40,,,0,14,,205148,40,,,0,14,,205135,40,,,0,68,,205150,40,,,0,28,,205113,40,,,0,68,,205122,40,,,0,28,,205127,40,,,0,68,,205140,40,,,0,28,,205134,40,,,0,68,,205151,40,,,0,28,,205114,40,,,0,68,,205123,40,,,0,25,,205128,40,,,0,71,,205141,40,,,0,30,,205136,40,,,0,3,,205156,25,,,0,20,,205161,25,,,0,45,,205152,40,,,0,14,,205159,40,,,0,14,,205115,40,,,0,14,,205167,40,,,0,14,,205124,40,,,0,54,,205170,40,,,0,14,,205130,40,,,0,13,,205157,40,,,0,12,,205162,40,,,0,54,,205142,40,,,0,14,,205138,40,,,0,13,,205158,40,,,0,13,,205153,40,,,0,14,,205160,40,,,0,54,,205116,40,,,0,13,,205166,40,,,0,28,,205129,40,,,0,68,,205163,40,,,0,28,,205143,40,,,0,68,,205154,40,,,0,28,,205117,40,,,0,68,,205168,40,,,0,28,,205131,40,,,0,75,,205164,40,,,0,27,,205155,40,,,0,70,,205118,40,,,0,30,,205169,40,,,0,70,,205132,40,,,0
2000,'Weekday0000100',1457,,205171,25,,,0
3800,'Saturday',437,,207699,7,,,0,63,,207700,7,,,0,23,,207701,7,,,0,23,,207703,7,,,0,63,,207704,7,,,0,23,,207702,7,,,0,23,,207705,7,,,0,63,,207707,7,,,0,23,,207706,7,,,0,63,,207708,7,,,0,23,,207709,7,,,0,23,,207711,7,,,0,63,,207710,7,,,0,23,,207715,7,,,0,22,,207716,7,,,0,62,,207717,7,,,0,23,,207714,7,,,0,61,,207713,7,,,0,21,,207712,7,,,0,21,,207718,7,,,0,62,,207720,7,,,0,22,,207719,7,,,0,22,,207721,7,,,0,62,,207675,7,,,0,21,,207670,7,,,0,21,,207722,7,,,0,62,,207697,7,,,0,22,,207724,7,,,0,62,,207723,7,,,0,22,,207676,7,,,0,21,,207677,7,,,0,60,,207688,7,,,0,22,,207685,7,,,0,22,,207671,7,,,0,62,,207681,7,,,0,22,,207678,7,,,0,21,,207682,7,,,0,60,,207672,7,,,0,20,,207693,7,,,0,23,,207698,7,,,0,60,,207689,7,,,0,20,,207686,7,,,0,64,,207673,7,,,0,24,,207679,7,,,0,24,,207687,7,,,0,65,,207694,7,,,0,24,,207683,7,,,0,64,,207690,7,,,0,24,,207680,7,,,0,24,,207674,7,,,0,64,,207696,7,,,0,24,,207691,7,,,0,64,,207695,7,,,0,24,,207684,7,,,0,24,,207692,7,,,0
3800,'Sunday',437,,207725,7,,,0,63,,207726,7,,,0,23,,207727,7,,,0,23,,207728,7,,,0,63,,207729,7,,,0,23,,207730,7,,,0,23,,207731,7,,,0,63,,207732,7,,,0,23,,207733,7,,,0,63,,207734,7,,,0,23,,207735,7,,,0,23,,207736,7,,,0,63,,207737,7,,,0,23,,207738,7,,,0,22,,207739,7,,,0,62,,207740,7,,,0,23,,207741,7,,,0,61,,207742,7,,,0,21,,207743,7,,,0,21,,207744,7,,,0,62,,207745,7,,,0,22,,207746,7,,,0,22,,207747,7,,,0,62,,207748,7,,,0,21,,207749,7,,,0,21,,207750,7,,,0,62,,207751,7,,,0,22,,207752,7,,,0,62,,207753,7,,,0,22,,207754,7,,,0,21,,207779,7,,,0,60,,207755,7,,,0,22,,207756,7,,,0,22,,207757,7,,,0,62,,207758,7,,,0,22,,207759,7,,,0,21,,207760,7,,,0,60,,207761,7,,,0,20,,207762,7,,,0,22,,207763,7,,,0,61,,207764,7,,,0,21,,207765,7,,,0,63,,207766,7,,,0,24,,207767,7,,,0,24,,207768,7,,,0,65,,207769,7,,,0,24,,207770,7,,,0,64,,207771,7,,,0,24,,207772,7,,,0,24,,207773,7,,,0,64,,207774,7,,,0,24,,207775,7,,,0,64,,207776,7,,,0,24,,207777,7,,,0,24,,207778,7,,,0
3800,'Weekday',427,,207781,7,,,0,13,,207782,7,,,0,13,,207783,7,,,0,53,,207784,7,,,0,13,,207785,7,,,0,13,,207786,7,,,0,13,,207800,7,,,0,55,,207787,7,,,0,15,,207788,7,,,0,15,,207789,7,,,0,15,,207790,7,,,0,56,,207791,7,,,0,14,,207792,7,,,0,15,,207793,7,,,0,15,,207794,7,,,0,55,,207795,7,,,0,16,,207796,7,,,0,17,,207797,7,,,0,13,,207780,7,0,121 47,0,5,,207798,7,,,0,59,,207799,7,,,0,20,,207802,7,,,0,20,,207813,7,,,0,58,,207805,7,,,0,18,,207809,7,,,0,19,,207811,7,,,0,59,,207815,7,,,0,19,,207807,7,,,0,18,,207803,7,,,0,18,,207814,7,,,0,60,,207810,7,,,0,20,,207808,7,,,0,19,,207804,7,,,0,59,,207812,7,,,0,17,,207801,7,,,0,17,,207806,7,,,0,55,,207816,7,,,0,15,,207819,7,,,0,15,,207821,7,,,0,16,,207822,7,,,0,55,,207823,7,,,0,15,,207824,7,,,0,5,,207855,7,,,0,10,,207825,7,,,0,15,,207826,7,,,0,54,,207827,7,,,0,15,,207828,7,,,0,15,,207829,7,,,0,16,,207830,7,,,0,55,,207831,7,,,0,16,,207832,7,,,0,15,,207833,7,,,0,14,,207834,7,,,0,55,,207817,7,,,0,14,,207818,7,,,0,15,,207820,7,,,0,20,,207835,7,,,0,60,,207836,7,,,0,20,,207837,7,,,0,20,,207838,7,,,0,60,,207839,7,,,0,20,,207840,7,,,0,21,,207841,7,,,0,60,,207842,7,,,0,20,,207843,7,,,0,20,,207844,7,,,0,59,,207845,7,,,0,20,,207846,7,,,0,20,,207847,7,,,0,60,,207848,7,,,0,20,,207849,7,,,0,20,,207850,7,,,0,60,,207851,7,,,0,20,,207852,7,,,0,20,,207853,7,,,0,60,,207854,7,,,0
3800,'Weekday0000100',900,,207856,7,0,121 47,0,442,,207858,7,,,0,82,,207857,7,,,0
3800,'Weekday1111000',841,,207859,7,0,121 47,0,680,,207861,7,,,0,6,,207860,7,,,0
10501,'Saturday',629,,217609,16,,,0,75,,217619,16,,,0,40,,217616,16,,,0,80,,217618,16,,,0,80,,217621,16,,,0,40,,217617,16,,,0,80,,217620,16,,,0,80,,217623,16,,,0,40,,217624,16,,,0,80,,217626,16,,,0,80,,217622,16,,,0,40,,217627,16,,,0,80,,217628,16,,,0,80,,217625,16,,,0,40,,217629,16,,,0,80,,217630,16,,,0,80,,217614,16,,,0,40,,217613,16,,,0,79,,217615,16,,,0,80,,217611,16,,,0,40,,217612,16,,,0,80,,217610,16,,,0
10501,'Sunday',629,,217631,16,,,0,75,,217638,16,,,0,40,,217645,16,,,0,80,,217632,16,,,0,80,,217639,16,,,0,40,,217646,16,,,0,80,,217633,16,,,0,80,,217640,16,,,0,40,,217647,16,,,0,80,,217634,16,,,0,80,,217641,16,,,0,40,,217648,16,,,0,80,,217635,16,,,0,80,,217642,16,,,0,40,,217649,16,,,0,80,,217636,16,,,0,80,,217643,16,,,0,40,,217650,16,,,0,79,,217637,16,,,0,80,,217644,16,,,0,40,,217652,16,,,0,80,,217651,16,,,0
10501,'Weekday',520,,217678,16,,,0,30,,217669,16,,,0,69,,217661,16,,,0,33,,217653,16,,,0,70,,217679,16,,,0,31,,217672,16,,,0,70,,217662,16,,,0,15,,217687,16,,,0,13,,217654,16,,,0,70,,217680,16,,,0,30,,217670,16,,,0,70,,217663,16,,,0,30,,217655,16,,,0,70,,217681,16,,,0,30,,217671,16,,,0,70,,217664,16,,,0,30,,217656,16,,,0,70,,217682,16,,,0,30,,217673,16,,,0,70,,217665,16,,,0,30,,217657,16,,,0,72,,217683,16,,,0,30,,217674,16,,,0,70,,217666,16,,,0,30,,217658,16,,,0,70,,217684,16,,,0,30,,217675,16,,,0,70,,217668,16,,,0,28,,217659,16,,,0,69,,217685,16,,,0,30,,217676,16,,,0,70,,217667,16,,,0,30,,217660,16,,,0,69,,217686,16,,,0,83,,217677,16,,,0
