9200,'Saturday',740,,215536,23,,,0,85,,215520,23,,,0,85,,215525,23,,,0,45,,215530,23,,,0,85,,215535,23,,,0,85,,215521,23,,,0,85,,215526,23,,,0,45,,215531,23,,,0,85,,215537,23,,,0,85,,215523,23,,,0,85,,215527,23,,,0,45,,215532,23,,,0,85,,215538,23,,,0,85,,215522,23,,,0,85,,215528,23,,,0,45,,215533,23,,,0,83,,215539,23,,,0,85,,215524,23,,,0,85,,215529,23,,,0,38,,215534,23,,,0
9200,'Sunday',739,,215555,23,,,0,85,,215540,23,,,0,85,,215545,23,,,0,45,,215550,23,,,0,85,,215556,23,,,0,85,,215541,23,,,0,85,,215546,23,,,0,45,,215551,23,,,0,85,,215558,23,,,0,85,,215542,23,,,0,85,,215547,23,,,0,45,,215552,23,,,0,85,,215557,23,,,0,85,,215543,23,,,0,85,,215548,23,,,0,45,,215553,23,,,0,85,,215559,23,,,0,85,,215544,23,,,0,85,,215549,23,,,0,38,,215554,23,,,0
9200,'Weekday',440,,215568,23,,,0,69,,215573,23,,,0,31,,215582,23,,,0,71,,215569,23,,,0,32,,215574,23,,,0,73,,215591,23,,,0,31,,215578,23,,,0,71,,215560,23,,,0,31,,215583,23,,,0,68,,215570,23,,,0,31,,215575,23,,,0,71,,215592,23,,,0,31,,215579,23,,,0,71,,215588,23,,,0,31,,215584,23,,,0,71,,215571,23,,,0,31,,215576,23,,,0,71,,215593,23,,,0,31,,215580,23,,,0,71,,215566,23,,,0,31,,215585,23,,,0,73,,215572,23,,,0,71,,215577,23,,,0,31,,215594,23,,,0,71,,215581,23,,,0,31,,215564,23,,,0,67,,215561,23,,,0,43,,215586,23,,,0,85,,215562,23,,,0,85,,215565,23,,,0,85,,215589,23,,,0,45,,215587,23,,,0,85,,215563,23,,,0,85,,215567,23,,,0,43,,215590,23,,,0
11700,'Weekday',614,,218480,18,,,0,21,,218481,18,,,0,65,,218479,18,,,0
15100,'Weekday',606,,221101,27,,,0,50,,221100,28,,,0
71600,'Weekday',821,,226005,12,0,29 34 35,0
71700,'Weekday',824,,226011,22,0,258,0
72003,'Weekday',826,,226026,15,0,259,0
82500,'Weekday',817,,226259,6,0,40 238 86,0
84800,'Weekday',812,,226285,11,0,36 37 38 263 35,0
