2000,'Saturday',607,,205031,1,,,0,26,,205050,1,,,0,26,,205037,1,,,0,66,,205043,1,,,0,26,,205058,1,,,0,66,,205063,1,,,0,26,,205032,1,,,0,66,,205051,1,,,0,27,,205038,1,,,0,67,,205045,1,,,0,27,,205057,1,,,0,27,,205064,1,,,0,67,,205030,1,,,0,27,,205052,1,,,0,67,,205039,1,,,0,27,,205046,1,,,0,67,,205059,1,,,0,27,,205065,1,,,0,67,,205033,1,,,0,27,,205053,1,,,0,67,,205040,1,,,0,27,,205047,1,,,0,27,,205060,1,,,0,67,,205066,1,,,0,27,,205034,1,,,0,67,,205054,1,,,0,27,,205041,1,,,0,67,,205048,1,,,0,27,,205062,1,,,0,67,,205067,1,,,0,27,,205036,1,,,0,27,,205055,1,,,0,66,,205042,1,,,0,26,,205049,1,,,0,66,,205061,1,,,0,26,,205068,1,,,0,66,,205035,1,,,0,26,,205056,1,,,0,26,,205070,1,,,0,65,,205069,1,,,0,26,,205044,1,,,0
2000,'Sunday',607,,205071,1,,,0,26,,205090,1,,,0,26,,205079,1,,,0,66,,205084,1,,,0,26,,205097,1,,,0,66,,205104,1,,,0,26,,205072,1,,,0,66,,205091,1,,,0,27,,205080,1,,,0,67,,205085,1,,,0,27,,205098,1,,,0,27,,205103,1,,,0,67,,205073,1,,,0,27,,205092,1,,,0,67,,205081,1,,,0,27,,205086,1,,,0,67,,205099,1,,,0,27,,205105,1,,,0,67,,205074,1,,,0,27,,205093,1,,,0,67,,205082,1,,,0,27,,205087,1,,,0,27,,205100,1,,,0,67,,205107,1,,,0,27,,205075,1,,,0,67,,205094,1,,,0,27,,205078,1,,,0,67,,205088,1,,,0,27,,205101,1,,,0,67,,205106,1,,,0,27,,205077,1,,,0,27,,205095,1,,,0,66,,205083,1,,,0,26,,205089,1,,,0,66,,205102,1,,,0,26,,205108,1,,,0,66,,205076,1,,,0,26,,205110,1,,,0,26,,205109,1,,,0,64,,205096,1,,,0
2000,'Weekday',515,,205125,1,,,0,28,,205139,1,,,0,68,,205133,1,,,0,14,,205145,1,,,0,14,,205119,1,,,0,14,,205147,1,,,0,54,,205112,1,,,0,14,,205149,1,,,0,14,,205120,1,,,0,14,,205144,1,,,0,54,,205126,1,,,0,14,,205146,1,,,0,14,,205137,1,,,0,14,,205148,1,,,0,14,,205135,1,,,0,68,,205150,1,,,0,28,,205113,1,,,0,68,,205122,1,,,0,28,,205127,1,,,0,68,,205140,1,,,0,28,,205134,1,,,0,68,,205151,1,,,0,28,,205114,1,,,0,68,,205123,1,,,0,25,,205128,1,,,0,71,,205141,1,,,0,28,,205136,1,,,0,68,,205152,1,,,0,14,,205159,1,,,0,14,,205115,1,,,0,14,,205167,1,,,0,14,,205124,1,,,0,54,,205170,1,,,0,14,,205130,1,,,0,14,,205157,1,,,0,14,,205162,1,,,0,54,,205142,1,,,0,14,,205138,1,,,0,14,,205158,1,,,0,14,,205153,1,,,0,54,,205160,1,,,0,14,,205116,1,,,0,14,,205166,1,,,0,68,,205129,1,,,0,28,,205163,1,,,0,28,,205143,1,,,0,68,,205154,1,,,0,28,,205117,1,,,0,68,,205168,1,,,0,28,,205131,1,,,0,75,,205164,1,,,0,27,,205155,1,,,0,70,,205118,1,,,0,30,,205169,1,,,0,70,,205132,1,,,0,20,,205165,1,,,0
2001,'Saturday',652,,205179,46,4,,0,67,,205188,72,4,,0,28,,205201,72,4,,0,66,,205208,72,4,,0,20,,205172,72,4,,0,26,,205194,72,4,,0,68,,205180,72,4,,0,28,,205185,72,4,,0,67,,205202,72,4,,0,27,,205209,72,4,,0,67,,205173,72,4,,0,27,,205195,72,4,,0,67,,205181,72,4,,0,27,,205189,72,4,,0,67,,205203,72,4,,0,27,,205210,72,4,,0,27,,205174,72,4,,0,67,,205197,72,4,,0,27,,205182,72,4,,0,67,,205191,72,4,,0,27,,205204,72,4,,0,67,,205211,72,4,,0,27,,205175,72,4,,0,67,,205196,72,4,,0,27,,205183,72,4,,0,67,,205190,72,4,,0,27,,205205,72,4,,0,27,,205212,72,4,,0,67,,205176,72,4,,0,27,,205198,72,4,,0,66,,205184,72,4,,0,25,,205192,72,4,,0,65,,205206,72,4,,0,26,,205213,72,4,,0,26,,205177,72,4,,0,66,,205199,72,4,,0,26,,205186,72,4,,0,66,,205193,72,4,,0,26,,205207,72,4,,0,64,,205216,72,4,,0,35,,205215,72,4,,0
2001,'Sunday',652,,205224,46,4,,0,67,,205231,72,4,,0,28,,205245,72,4,,0,66,,205252,72,4,,0,20,,205217,72,4,,0,26,,205238,72,4,,0,68,,205225,72,4,,0,28,,205232,72,4,,0,67,,205247,72,4,,0,27,,205253,72,4,,0,67,,205218,72,4,,0,27,,205239,72,4,,0,67,,205226,72,4,,0,27,,205233,72,4,,0,67,,205246,72,4,,0,27,,205254,72,4,,0,27,,205219,72,4,,0,67,,205240,72,4,,0,27,,205227,72,4,,0,67,,205234,72,4,,0,27,,205248,72,4,,0,67,,205255,72,4,,0,27,,205220,72,4,,0,67,,205242,72,4,,0,27,,205229,72,4,,0,67,,205235,72,4,,0,27,,205249,72,4,,0,27,,205256,72,4,,0,67,,205221,72,4,,0,27,,205241,72,4,,0,66,,205228,72,4,,0,25,,205236,72,4,,0,65,,205250,72,4,,0,26,,205257,72,4,,0,26,,205222,72,4,,0,66,,205243,72,4,,0,26,,205230,72,4,,0,66,,205237,72,4,,0,24,,205259,72,4,,0,66,,205260,72,4,,0,35,,205251,72,4,,0
2001,'Weekday',558,,205284,31,4,,0,68,,205269,72,4,,0,29,,205261,72,4,,0,72,,205271,72,4,,0,16,,205294,72,4,,0,14,,205276,72,4,,0,56,,205297,72,4,,0,15,,205288,72,4,,0,14,,205298,72,4,,0,14,,205283,72,4,,0,53,,205295,72,4,,0,14,,205300,72,4,,0,9,,205270,72,4,,0,10,,205296,72,4,,0,6,,205262,72,4,,0,54,,205299,72,4,,0,13,,205272,72,4,,0,28,,205277,72,4,,0,68,,205289,72,4,,0,28,,205285,72,4,,0,68,,205301,72,4,,0,28,,205263,72,4,,0,68,,205273,72,4,,0,28,,205278,72,4,,0,28,,205290,72,4,,0,68,,205286,72,4,,0,29,,205302,72,4,,0,70,,205264,72,4,,0,25,,205274,72,4,,0,70,,205280,72,4,,0,14,,205308,72,4,,0,14,,205311,72,4,,0,54,,205292,72,4,,0,14,,205287,72,4,,0,13,,205307,72,4,,0,13,,205303,72,4,,0,14,,205310,72,4,,0,54,,205265,72,4,,0,12,,205316,72,4,,0,13,,205275,72,4,,0,12,,205318,72,4,,0,53,,205279,72,4,,0,14,,205309,72,4,,0,13,,205312,72,4,,0,15,,205291,72,4,,0,69,,205304,72,4,,0,28,,205266,72,4,,0,67,,205315,72,4,,0,25,,205281,72,4,,0,25,,205313,72,4,,0,64,,205293,72,4,,0,30,,205305,72,4,,0,68,,205267,72,4,,0,27,,205317,72,4,,0,67,,205282,72,4,,0,28,,205314,72,4,,0,70,,205306,72,4,,0,30,,205268,72,4,,0
5600,'Saturday',555,,210299,45,4,,0,83,,210288,45,4,,0,85,,210301,45,4,,0,86,,210290,45,4,,0,45,,210302,45,4,,0,85,,210289,45,4,,0,85,,210303,45,4,,0,85,,210291,45,4,,0,45,,210304,45,4,,0,85,,210293,45,4,,0,85,,210306,45,4,,0,85,,210292,45,4,,0,45,,210305,45,4,,0,85,,210295,45,4,,0,85,,210307,45,4,,0,85,,210296,45,4,,0,45,,210308,45,4,,0,85,,210294,45,4,,0,84,,210310,45,4,,0,85,,210297,45,4,,0,45,,210309,45,4,,0,85,,210298,45,4,,0,85,,210311,45,4,,0,85,,210300,45,4,,0,45,,210312,45,4,,0
5600,'Sunday',555,,210325,45,4,,0,83,,210313,45,4,,0,85,,210326,45,4,,0,86,,210314,45,4,,0,45,,210327,45,4,,0,85,,210315,45,4,,0,85,,210328,45,4,,0,85,,210316,45,4,,0,45,,210329,45,4,,0,85,,210317,45,4,,0,85,,210330,45,4,,0,85,,210318,45,4,,0,45,,210331,45,4,,0,85,,210319,45,4,,0,85,,210332,45,4,,0,85,,210320,45,4,,0,45,,210334,45,4,,0,85,,210321,45,4,,0,84,,210333,45,4,,0,85,,210322,45,4,,0,45,,210335,45,4,,0,85,,210323,45,4,,0,85,,210336,45,4,,0,85,,210324,45,4,,0,45,,210337,45,4,,0
5600,'Weekday',606,,210338,45,4,,0,39,,210339,45,4,,0,75,,210358,45,4,,0,35,,210367,45,4,,0,60,,210371,40,4,,0,20,,210359,45,4,,0,70,,210366,45,4,,0,32,,210357,45,4,,0,75,,210340,45,4,,0,35,,210341,45,4,,0,75,,210342,45,4,,0,35,,210343,45,4,,0,75,,210344,45,4,,0,75,,210345,45,4,,0,35,,210346,45,4,,0,75,,210347,45,4,,0,36,,210369,45,4,,0,80,,210368,45,4,,0,72,,210365,45,4,,0,17,,210370,45,4,,0,23,,210364,45,4,,0,58,,210372,45,4,,0,12,,210361,45,4,,0,35,,210360,45,4,,0,75,,210363,45,4,,0,76,,210362,45,4,,0,30,,210348,45,4,,0,74,,210349,45,4,,0,35,,210351,45,4,,0,75,,210352,45,4,,0,35,,210354,45,4,,0,75,,210355,45,4,,0,75,,210356,45,4,,0,35,,210353,45,4,,0,81,,210350,45,4,,0
5601,'Saturday',515,,210373,1,0,111,0,85,,210386,1,0,111,0,45,,210374,1,0,111,0,85,,210388,1,0,111,0,85,,210375,1,0,111,0,85,,210390,1,0,111,0,45,,210376,1,0,111,0,85,,210389,1,0,111,0,85,,210377,1,0,111,0,85,,210387,1,0,111,0,45,,210378,1,0,111,0,85,,210392,1,0,111,0,85,,210379,1,0,111,0,85,,210393,1,0,111,0,45,,210382,1,0,111,0,85,,210391,1,0,111,0,85,,210380,1,0,111,0,85,,210394,1,0,111,0,45,,210381,1,0,111,0,85,,210395,1,0,111,0,85,,210384,1,0,111,0,85,,210396,1,0,111,0,45,,210383,1,0,111,0,85,,210397,1,0,111,0,85,,210385,1,0,111,0
5601,'Sunday',515,,210398,1,0,111,0,85,,210412,1,0,111,0,45,,210399,1,0,111,0,85,,210413,1,0,111,0,85,,210400,1,0,111,0,85,,210414,1,0,111,0,45,,210401,1,0,111,0,85,,210411,1,0,111,0,85,,210402,1,0,111,0,85,,210415,1,0,111,0,45,,210404,1,0,111,0,85,,210416,1,0,111,0,85,,210403,1,0,111,0,85,,210417,1,0,111,0,45,,210405,1,0,111,0,85,,210418,1,0,111,0,85,,210406,1,0,111,0,85,,210420,1,0,111,0,45,,210407,1,0,111,0,85,,210419,1,0,111,0,85,,210408,1,0,111,0,85,,210421,1,0,111,0,45,,210409,1,0,111,0,85,,210422,1,0,111,0,85,,210410,1,0,111,0
5601,'Weekday',430,,210433,1,0,111,0,75,,210434,1,0,111,0,35,,210435,1,0,111,0,75,,210437,1,0,111,0,35,,210438,1,0,111,0,75,,210439,1,0,111,0,75,,210436,1,0,111,0,35,,210440,1,0,111,0,75,,210441,1,0,111,0,35,,210442,1,0,111,0,75,,210443,1,0,111,0,35,,210444,1,0,111,0,75,,210445,1,0,111,0,75,,210446,1,0,111,0,35,,210448,1,0,111,0,75,,210449,1,0,111,0,35,,210450,1,0,111,0,75,,210447,1,0,111,0,75,,210452,1,0,111,0,35,,210453,1,0,111,0,75,,210451,1,0,111,0,35,,210454,1,0,111,0,75,,210455,1,0,111,0,35,,210456,1,0,111,0,76,,210430,1,0,111,0,74,,210429,1,0,111,0,35,,210428,1,0,111,0,75,,210425,1,0,111,0,35,,210423,1,0,111,0,75,,210426,1,0,111,0,75,,210431,1,0,111,0,35,,210424,1,0,111,0,75,,210427,1,0,111,0,35,,210432,1,0,111,0
30600,'Saturday',626,2,224599,7,,,0,20,2,224608,7,,,0,60,2,224621,7,,,0,20,2,224575,7,,,0,20,2,224583,7,,,0,60,2,224592,7,,,0,20,2,224600,7,,,0,20,2,224610,7,,,0,60,2,224617,7,,,0,20,2,224574,7,,,0,20,2,224584,7,,,0,60,2,224591,7,,,0,20,2,224601,7,,,0,20,2,224609,7,,,0,60,2,224618,7,,,0,20,2,224576,7,,,0,20,2,224585,7,,,0,60,2,224593,7,,,0,22,2,224603,7,,,0,20,2,224612,7,,,0,60,2,224622,7,,,0,20,2,224577,7,,,0,20,2,224586,7,,,0,60,2,224594,7,,,0,20,2,224602,7,,,0,20,2,224611,7,,,0,60,2,224619,7,,,0,20,2,224578,7,,,0,20,2,224587,7,,,0,60,2,224595,7,,,0,20,2,224604,7,,,0,20,2,224613,7,,,0,60,2,224620,7,,,0,20,2,224579,7,,,0,20,2,224588,7,,,0,60,2,224596,7,,,0,18,2,224605,7,,,0,20,2,224614,7,,,0,60,2,224623,7,,,0,20,2,224580,7,,,0,20,2,224589,7,,,0,60,2,224597,7,,,0,20,2,224607,7,,,0,20,2,224615,7,,,0,60,2,224624,7,,,0,20,2,224581,7,,,0,20,2,224590,7,,,0,60,2,224598,7,,,0,20,2,224606,7,,,0,20,2,224616,7,,,0,60,2,224625,7,,,0,20,2,224582,7,,,0
30600,'Sunday',626,2,224651,7,,,0,20,2,224660,7,,,0,60,2,224669,7,,,0,20,2,224626,7,,,0,20,2,224635,7,,,0,60,2,224643,7,,,0,20,2,224653,7,,,0,20,2,224661,7,,,0,60,2,224670,7,,,0,20,2,224627,7,,,0,20,2,224636,7,,,0,60,2,224644,7,,,0,20,2,224652,7,,,0,20,2,224662,7,,,0,60,2,224671,7,,,0,20,2,224628,7,,,0,20,2,224637,7,,,0,60,2,224645,7,,,0,22,2,224654,7,,,0,20,2,224663,7,,,0,60,2,224672,7,,,0,20,2,224629,7,,,0,20,2,224638,7,,,0,60,2,224646,7,,,0,20,2,224655,7,,,0,20,2,224664,7,,,0,60,2,224673,7,,,0,20,2,224630,7,,,0,20,2,224639,7,,,0,60,2,224647,7,,,0,20,2,224656,7,,,0,20,2,224665,7,,,0,60,2,224674,7,,,0,20,2,224631,7,,,0,20,2,224642,7,,,0,60,2,224648,7,,,0,18,2,224657,7,,,0,20,2,224666,7,,,0,60,2,224675,7,,,0,20,2,224632,7,,,0,20,2,224640,7,,,0,60,2,224649,7,,,0,20,2,224658,7,,,0,20,2,224667,7,,,0,60,2,224676,7,,,0,20,2,224633,7,,,0,20,2,224641,7,,,0,60,2,224650,7,,,0,20,2,224659,7,,,0,20,2,224668,7,,,0,60,2,224677,7,,,0,20,2,224634,7,,,0
30600,'Weekday',607,2,224682,7,,,0,20,2,224688,7,,,0,21,2,224693,7,,,0,60,2,224690,7,,,0,20,2,224694,7,,,0,20,2,224707,7,,,0,60,2,224695,7,,,0,20,2,224696,7,,,0,20,2,224697,7,,,0,60,2,224698,7,,,0,24,2,224715,7,,,0,68,42,224712,7,,,0,24,2,224716,7,,,0,24,2,224709,7,,,0,64,2,224717,7,,,0,24,2,224710,7,,,0,64,42,224722,7,,,0,24,2,224711,7,,,0,24,2,224719,7,,,0,64,2,224723,7,,,0,24,2,224720,7,,,0,64,42,224714,7,,,0,24,2,224721,7,,,0,24,2,224713,7,,,0,60,2,224718,7,,,0,21,2,224706,7,,,0,20,3,224699,7,,,0,59,2,224700,7,,,0,20,2,224701,7,,,0,20,2,224702,7,,,0,60,2,224703,7,,,0,20,2,224704,7,,,0,20,2,224692,7,,,0,60,2,224691,7,,,0,19,2,224687,7,,,0,20,2,224689,7,,,0,60,2,224705,7,,,0,28,2,224686,7,,,0,68,2,224679,7,,,0,28,2,224678,7,,,0,28,2,224680,7,,,0,68,2,224681,7,,,0,28,2,224683,7,,,0,68,2,224685,7,,,0,28,2,224708,7,,,0,68,2,224684,7,,,0
