3600,'Saturday',607,,207286,17,,,0,45,,207290,17,,,0,85,,207293,17,,,0,85,,207295,17,,,0,85,,207287,17,,,0,45,,207291,17,,,0,85,,207292,17,,,0,85,,207294,17,,,0,85,,207274,17,,,0,45,,207275,17,,,0,85,,207276,17,,,0,85,,207277,17,,,0,85,,207278,17,,,0,45,,207279,17,,,0,85,,207280,17,,,0,85,,207281,17,,,0,85,,207282,17,,,0,45,,207283,17,,,0,85,,207288,17,,,0,85,,207284,17,,,0,85,,207285,17,,,0,45,,207289,17,,,0,85,,207297,17,,,0,85,,207296,17,,,0
3600,'Sunday',737,,207311,17,,,0,85,,207313,17,,,0,85,,207309,17,,,0,45,,207308,17,,,0,85,,207310,17,,,0,85,,207312,17,,,0,85,,207299,17,,,0,45,,207298,17,,,0,85,,207300,17,,,0,85,,207301,17,,,0,85,,207302,17,,,0,45,,207303,17,,,0,85,,207304,17,,,0,85,,207305,17,,,0,85,,207306,17,,,0,45,,207307,17,,,0,85,,207314,17,,,0,85,,207316,17,,,0,85,,207317,17,,,0,45,,207319,17,,,0,85,,207318,17,,,0,85,,207315,17,,,0
3600,'Weekday',520,,207320,14,,,0,112,,207331,17,,,0,75,,207332,17,,,0,35,,207333,17,,,0,75,,207334,17,,,0,35,,207335,17,,,0,74,,207337,17,,,0,75,,207336,17,,,0,35,,207341,17,,,0,75,,207338,17,,,0,35,,207339,17,,,0,75,,207340,17,,,0,35,,207342,17,,,0,75,,207343,17,,,0,75,,207344,17,,,0,35,,207345,17,,,0,75,,207346,17,,,0,37,,207347,17,,,0,75,,207348,17,,,0,75,,207349,17,,,0,34,,207350,17,,,0,73,,207322,17,,,0,35,,207323,17,,,0,73,,207321,17,,,0,32,,207324,17,,,0,81,,207325,17,,,0,81,,207326,17,,,0,41,,207327,17,,,0,81,,207328,17,,,0,81,,207329,17,,,0,41,,207330,17,,,0
4100,'Saturday',601,,208209,14,,,0,43,,208208,40,,,0,85,,208206,40,,,0,85,,208191,40,,,0,45,,208192,40,,,0,85,,208193,40,,,0,85,,208194,40,,,0,85,,208195,40,,,0,87,,208196,40,,,0,45,,208197,40,,,0,85,,208198,40,,,0,85,,208199,40,,,0,85,,208200,40,,,0,45,,208202,40,,,0,85,,208203,40,,,0,85,,208204,40,,,0,85,,208201,40,,,0,45,,208205,40,,,0,83,,208207,40,,,0
4100,'Weekday',557,,208210,14,,,0,77,,208213,40,,,0,76,,208214,40,,,0,35,,208215,40,,,0,75,,208216,40,,,0,37,,208217,40,,,0,71,,208221,40,,,0,75,,208219,40,,,0,35,,208222,40,,,0,75,,208220,40,,,0,35,,208218,40,,,0,75,,208224,40,,,0,35,,208223,40,,,0,75,,208227,40,,,0,75,,208225,40,,,0,35,,208226,40,,,0,76,,208228,40,,,0,36,,208229,40,,,0,74,,208230,40,,,0,74,,208231,40,,,0,32,,208232,40,,,0,75,,208233,40,,,0,36,,208211,40,,,0,72,,208212,40,,,0
4100,'Weekday0000100',1250,,208234,27,,,0
4100,'Weekday1111000',1510,,208235,27,,,0
77901,'Weekday',822,,226167,35,0,95 255,0
85300,'Weekday',1600,,226294,16,0,12 93 94,0
85301,'Weekday',827,,226295,14,0,12 93 94,0
