9800,'Saturday',553,,216364,15,,,0,77,,216365,15,,,0,75,,216366,15,,,0,35,,216368,15,,,0,75,,216369,15,,,0,35,,216367,15,,,0,75,,216370,15,,,0,75,,216371,15,,,0,35,,216372,15,,,0,75,,216373,15,,,0,35,,216374,15,,,0,75,,216375,15,,,0,35,,216376,15,,,0,75,,216377,15,,,0,75,,216378,15,,,0,35,,216379,15,,,0,75,,216380,15,,,0,35,,216381,15,,,0,75,,216382,15,,,0,75,,216383,15,,,0,35,,216384,15,,,0,75,,216385,15,,,0,35,,216386,15,,,0,75,,216387,15,,,0,35,,216388,15,,,0,75,,216389,15,,,0,75,,216390,15,,,0,35,,216391,15,,,0,75,,216392,15,,,0,35,,216393,15,,,0
9800,'Sunday',814,,216394,15,,,0,35,,216395,15,,,0,75,,216396,15,,,0,35,,216397,15,,,0,75,,216399,15,,,0,75,,216400,15,,,0,35,,216401,15,,,0,75,,216398,15,,,0,35,,216402,15,,,0,75,,216403,15,,,0,75,,216404,15,,,0,35,,216405,15,,,0,75,,216407,15,,,0,35,,216406,15,,,0,75,,216408,15,,,0,35,,216410,15,,,0,75,,216409,15,,,0,75,,216411,15,,,0,35,,216412,15,,,0,75,,216413,15,,,0,35,,216414,15,,,0,75,,216415,15,,,0,75,,216416,15,,,0,35,,216417,15,,,0,75,,216419,15,,,0,35,,216418,15,,,0
9800,'Weekday',507,,216422,15,,,0,33,,216439,15,,,0,76,,216423,15,,,0,33,,216440,15,,,0,73,,216424,15,,,0,33,,216441,15,,,0,67,,216421,15,,,0,6,,216425,15,,,0,73,,216442,15,,,0,32,,216426,15,,,0,73,,216443,15,,,0,33,,216427,15,,,0,73,,216444,15,,,0,33,,216428,15,,,0,73,,216445,15,,,0,33,,216429,15,,,0,73,,216446,15,,,0,33,,216430,15,,,0,73,,216447,15,,,0,74,,216431,15,,,0,34,,216448,15,,,0,17,,216420,15,,,0,56,,216432,15,,,0,33,,216449,15,,,0,73,,216433,15,,,0,33,,216450,15,,,0,70,,216434,15,,,0,33,,216451,15,,,0,73,,216435,15,,,0,33,,216452,15,,,0,73,,216436,15,,,0,73,,216453,15,,,0,33,,216437,15,,,0,73,,216454,15,,,0,33,,216438,15,,,0,73,,216455,15,,,0
9800,'Weekday0000100',1312,,216456,15,,,0
9800,'Weekday1111000',1559,,216457,15,,,0
69900,'Weekday0000100',1429,,225956,39,0,115 116,0,80,,225955,39,0,115 116,0
69900,'Weekday1111000',1627,,225957,39,0,115 116,0
72800,'Weekday',820,,226044,12,0,140 69 31,0
72801,'Weekday0000100',1437,,226045,2,4,,0
72801,'Weekday1111000',1620,,226046,2,4,,0
89401,'Weekday',1516,,226360,44,0,12 242 12,0
