1901,'Saturday',656,,204926,58,,,0,75,,204918,58,,,0,75,,204934,58,,,0,35,,204942,58,,,0,75,,204927,58,,,0,35,,204919,58,,,0,75,,204935,58,,,0,75,,204943,58,,,0,35,,204928,58,,,0,75,,204920,58,,,0,35,,204936,58,,,0,74,,204944,58,,,0,35,,204929,58,,,0,68,,204921,58,,,0,24,,204949,58,,,0,68,,204938,58,,,0,28,,204945,58,,,0,68,,204930,58,,,0,28,,204922,58,,,0,68,,204950,58,,,0,28,,204937,58,,,0,68,,204946,58,,,0,28,,204931,58,,,0,28,,204923,58,,,0,68,,204951,58,,,0,23,,204940,58,,,0,73,,204948,58,,,0,35,,204932,58,,,0,75,,204924,58,,,0,75,,204941,58,,,0,35,,204947,58,,,0,75,,204933,58,,,0,35,,204925,58,,,0
1901,'Sunday',656,,204960,58,,,0,75,,204952,58,,,0,75,,204968,58,,,0,35,,204975,58,,,0,75,,204961,58,,,0,35,,204953,58,,,0,75,,204969,58,,,0,75,,204977,58,,,0,35,,204962,58,,,0,75,,204954,58,,,0,35,,204970,58,,,0,74,,204979,58,,,0,35,,204964,58,,,0,68,,204955,58,,,0,24,,204983,58,,,0,68,,204971,58,,,0,28,,204978,58,,,0,68,,204966,58,,,0,28,,204956,58,,,0,68,,204984,58,,,0,28,,204972,58,,,0,68,,204980,58,,,0,28,,204965,58,,,0,28,,204957,58,,,0,68,,204985,58,,,0,23,,204973,58,,,0,73,,204981,58,,,0,35,,204963,58,,,0,75,,204958,58,,,0,75,,204974,58,,,0,35,,204982,58,,,0,75,,204967,58,,,0,35,,204959,58,,,0
1901,'Weekday',538,,205021,17,,,0,64,,204988,58,,,0,34,,204996,58,,,0,64,,205004,58,,,0,32,,205012,58,,,0,72,,205022,58,,,0,27,,204989,58,,,0,76,,204997,58,,,0,29,,205005,58,,,0,74,,205013,58,,,0,33,,205023,58,,,0,72,,204990,58,,,0,32,,204998,58,,,0,72,,205006,58,,,0,32,,205014,58,,,0,72,,205024,58,,,0,32,,204991,58,,,0,72,,204999,58,,,0,28,,204987,58,,,0,3,,204986,17,,,0,45,,205007,58,,,0,32,,205016,58,,,0,72,,205025,58,,,0,31,,204992,58,,,0,71,,205000,58,,,0,32,,205008,58,,,0,71,,205015,58,,,0,24,,205026,58,,,0,69,,204993,58,,,0,30,,205001,58,,,0,70,,205009,58,,,0,30,,205017,58,,,0,70,,205028,58,,,0,30,,204994,58,,,0,70,,205002,58,,,0,26,,205010,58,,,0,28,,205018,58,,,0,70,,205027,58,,,0,30,,204995,58,,,0,70,,205003,58,,,0,30,,205011,58,,,0,70,,205019,58,,,0,30,,205020,58,,,0
1901,'Weekday0000100',1211,,205029,3,,,0
6501,'Saturday',643,,211996,3,,,0,80,,212008,3,,,0,80,,211997,3,,,0,40,,212009,3,,,0,80,,211998,3,,,0,34,,212010,3,,,0,68,,211986,3,,,0,28,,211999,3,,,0,68,,212011,3,,,0,28,,211987,3,,,0,68,,212000,3,,,0,28,,212012,3,,,0,68,,211988,3,,,0,28,,212001,3,,,0,68,,212013,3,,,0,28,,211989,3,,,0,68,,212002,3,,,0,28,,212014,3,,,0,68,,211990,3,,,0,28,,212003,3,,,0,28,,212015,3,,,0,68,,211991,3,,,0,28,,212004,3,,,0,68,,212016,3,,,0,24,,211992,3,,,0,78,,212005,3,,,0,82,,211993,3,,,0,40,,212006,3,,,0,80,,211994,3,,,0,80,,212007,3,,,0,43,,211995,3,,,0
6501,'Sunday',643,,212027,3,,,0,80,,212039,3,,,0,80,,212028,3,,,0,40,,212040,3,,,0,80,,212029,3,,,0,34,,212041,3,,,0,68,,212017,3,,,0,28,,212030,3,,,0,68,,212042,3,,,0,28,,212018,3,,,0,68,,212031,3,,,0,28,,212043,3,,,0,68,,212019,3,,,0,28,,212032,3,,,0,68,,212044,3,,,0,28,,212020,3,,,0,68,,212033,3,,,0,28,,212045,3,,,0,68,,212021,3,,,0,28,,212034,3,,,0,28,,212046,3,,,0,68,,212022,3,,,0,28,,212035,3,,,0,68,,212047,3,,,0,24,,212023,3,,,0,78,,212036,3,,,0,82,,212024,3,,,0,40,,212037,3,,,0,80,,212025,3,,,0,80,,212038,3,,,0,43,,212026,3,,,0
6501,'Weekday',506,,212074,3,,,0,18,,212048,3,,,0,24,,212062,3,,,0,64,,212051,3,,,0,24,,212075,3,,,0,64,,212049,3,,,0,24,,212063,3,,,0,24,,212052,3,,,0,64,,212076,3,,,0,24,,212050,3,,,0,22,,212064,3,,,0,83,,212077,3,,,0,83,,212065,3,,,0,83,,212078,3,,,0,43,,212066,3,,,0,83,,212079,3,,,0,19,,212053,3,,,0,64,,212067,3,,,0,27,,212057,3,,,0,16,,212080,3,,,0,67,,212054,3,,,0,23,,212068,3,,,0,64,,212058,3,,,0,24,,212081,3,,,0,64,,212055,3,,,0,24,,212069,3,,,0,24,,212059,3,,,0,64,,212082,3,,,0,24,,212056,3,,,0,20,,212070,3,,,0,66,,212060,3,,,0,28,,212083,3,,,0,70,,212071,3,,,0,30,,212061,3,,,0,69,,212084,3,,,0,81,,212072,3,,,0,42,,212085,3,,,0,83,,212073,3,,,0,84,,212086,3,,,0
42200,'Saturday',625,,225347,6,,,0,100,,225348,6,,,0,100,,225349,6,,,0,100,,225350,6,,,0,100,,225351,6,,,0,100,,225352,6,,,0,100,,225353,6,,,0,100,,225355,6,,,0,100,,225354,6,,,0,100,,225356,6,,,0,100,,225357,6,,,0,100,,225358,6,,,0,100,,225359,6,,,0
42200,'Sunday',625,,225360,6,,,0,100,,225361,6,,,0,100,,225362,6,,,0,100,,225363,6,,,0,100,,225364,6,,,0,100,,225365,6,,,0,100,,225366,6,,,0,100,,225367,6,,,0,100,,225368,6,,,0,100,,225369,6,,,0,100,,225370,6,,,0,100,,225371,6,,,0,100,,225372,6,,,0
42200,'Weekday',624,,225373,6,,,0,30,,225391,6,,,0,70,,225374,6,,,0,30,,225395,6,,,0,70,,225375,6,,,0,30,,225396,6,,,0,70,,225376,6,,,0,30,,225393,6,,,0,70,,225377,6,,,0,30,,225394,6,,,0,70,,225378,6,,,0,30,,225397,6,,,0,70,,225379,6,,,0,30,,225390,6,,,0,70,,225380,6,,,0,30,,225399,6,,,0,70,,225381,6,,,0,79,,225398,6,,,0,21,,225382,6,,,0,30,,225392,6,,,0,70,,225384,6,,,0,30,,225400,6,,,0,70,,225383,6,,,0,30,,225389,6,,,0,70,,225387,6,,,0,99,,225386,6,,,0,100,,225385,6,,,0,100,,225388,6,,,0
