4200,'Saturday',625,,208238,36,,,0,80,,208242,36,,,0,39,,208243,36,,,0,79,,208240,36,,,0,79,,208244,36,,,0,39,,208241,36,,,0,81,,208239,36,,,0,85,,208245,36,,,0,45,,208247,36,,,0,85,,208248,36,,,0,85,,208249,36,,,0,85,,208246,36,,,0,45,,208250,36,,,0,85,,208251,36,,,0,85,,208253,36,,,0,85,,208254,36,,,0,45,,208255,36,,,0,84,,208252,36,,,0,84,,208257,36,,,0,83,,208258,36,,,0,43,,208260,36,,,0,80,,208256,36,,,0,80,,208259,36,,,0,40,,208261,36,,,0,80,,208262,36,,,0,80,,208263,36,,,0,40,,208236,36,,,0,80,,208237,36,,,0
4200,'Sunday',625,,208265,36,,,0,80,,208267,36,,,0,39,,208268,36,,,0,79,,208264,36,,,0,79,,208269,36,,,0,39,,208266,36,,,0,81,,208270,36,,,0,85,,208271,36,,,0,45,,208272,36,,,0,85,,208273,36,,,0,85,,208274,36,,,0,85,,208276,36,,,0,45,,208277,36,,,0,85,,208278,36,,,0,85,,208275,36,,,0,85,,208279,36,,,0,45,,208280,36,,,0,84,,208289,36,,,0,84,,208281,36,,,0,83,,208282,36,,,0,43,,208283,36,,,0,80,,208284,36,,,0,80,,208286,36,,,0,40,,208287,36,,,0,80,,208290,36,,,0,80,,208288,36,,,0,40,,208291,36,,,0,80,,208285,36,,,0
4200,'Weekday',512,,208293,36,,,0,20,,208294,36,,,0,22,,208299,36,,,0,60,,208295,36,,,0,13,,208349,36,,,0,13,,208302,36,,,0,15,,208320,36,,,0,53,,208350,36,,,0,13,,208304,36,,,0,16,,208321,36,,,0,14,,208305,36,,,0,55,,208351,36,,,0,11,,208359,36,,,0,11,,208322,36,,,0,12,,208352,36,,,0,7,,208324,36,,,0,5,,208345,36,,,0,53,,208292,36,,,0,18,,208306,36,,,0,14,,208353,36,,,0,13,,208325,36,,,0,61,,208303,36,,,0,23,,208326,36,,,0,23,,208307,36,,,0,63,,208323,36,,,0,23,,208308,36,,,0,63,,208327,36,,,0,23,,208309,36,,,0,23,,208328,36,,,0,63,,208310,36,,,0,23,,208311,36,,,0,63,,208330,36,,,0,26,,208312,36,,,0,25,,208314,36,,,0,66,,208331,36,,,0,10,,208356,36,,,0,7,,208346,36,,,0,10,,208315,36,,,0,9,,208348,36,,,0,52,,208332,36,,,0,16,,208357,36,,,0,11,,208316,36,,,0,12,,208344,36,,,0,12,,208329,36,,,0,53,,208358,36,,,0,12,,208313,36,,,0,11,,208347,36,,,0,11,,208334,36,,,0,13,,208354,36,,,0,52,,208317,36,,,0,20,,208355,36,,,0,23,,208318,36,,,0,63,,208335,36,,,0,23,,208319,36,,,0,63,,208296,36,,,0,23,,208333,36,,,0,23,,208337,36,,,0,63,,208298,36,,,0,23,,208338,36,,,0,22,,208300,36,,,0,63,,208336,36,,,0,22,,208297,36,,,0,61,,208339,36,,,0,23,,208301,36,,,0,23,,208340,36,,,0,79,,208341,36,,,0,79,,208342,36,,,0,39,,208343,36,,,0
4200,'Weekday0000100',1345,,208360,36,,,0,73,,208361,36,,,0
4200,'Weekday1111000',1505,,208362,36,,,0
4300,'Saturday',605,,208367,51,,,0,24,,208366,51,,,0,24,,208368,51,,,0,64,,208370,51,,,0,24,,208371,51,,,0,64,,208372,51,,,0,24,,208369,51,,,0,24,,208373,51,,,0,64,,208375,51,,,0,25,,208374,51,,,0,66,,208376,51,,,0,26,,208379,51,,,0,19,,208377,51,,,0,59,,208378,51,,,0,21,,208380,51,,,0,21,,208381,51,,,0,59,,208382,51,,,0,19,,208386,51,,,0,20,,208383,51,,,0,61,,208384,51,,,0,20,,208385,51,,,0,20,,208387,51,,,0,61,,208391,51,,,0,21,,208392,51,,,0,20,,208389,51,,,0,60,,208388,51,,,0,20,,208390,51,,,0,20,,208398,51,,,0,60,,208399,51,,,0,20,,208397,51,,,0,21,,208394,51,,,0,61,,208396,51,,,0,20,,208395,51,,,0,20,,208393,51,,,0,60,,208404,51,,,0,20,,208400,51,,,0,20,,208402,51,,,0,59,,208407,51,,,0,18,,208403,51,,,0,18,,208405,51,,,0,60,,208401,51,,,0,19,,208406,51,,,0,20,,208408,51,,,0,59,,208409,51,,,0,19,,208411,51,,,0,30,,208412,51,,,0,70,,208410,51,,,0,30,,208413,51,,,0,70,,208414,51,,,0,30,,208415,51,,,0,70,,208416,51,,,0,30,,208417,51,,,0
4300,'Sunday',605,,208418,51,,,0,24,,208419,51,,,0,24,,208420,51,,,0,64,,208421,51,,,0,24,,208422,51,,,0,64,,208423,51,,,0,24,,208424,51,,,0,24,,208425,51,,,0,64,,208426,51,,,0,25,,208427,51,,,0,66,,208428,51,,,0,26,,208429,51,,,0,19,,208430,51,,,0,59,,208431,51,,,0,21,,208432,51,,,0,21,,208433,51,,,0,59,,208434,51,,,0,19,,208435,51,,,0,20,,208436,51,,,0,61,,208437,51,,,0,20,,208438,51,,,0,20,,208439,51,,,0,61,,208440,51,,,0,21,,208441,51,,,0,20,,208442,51,,,0,60,,208443,51,,,0,20,,208444,51,,,0,20,,208445,51,,,0,60,,208472,51,,,0,20,,208446,51,,,0,21,,208447,51,,,0,61,,208448,51,,,0,20,,208449,51,,,0,20,,208450,51,,,0,60,,208451,51,,,0,20,,208452,51,,,0,20,,208453,51,,,0,59,,208454,51,,,0,18,,208455,51,,,0,18,,208456,51,,,0,60,,208457,51,,,0,19,,208458,51,,,0,20,,208459,51,,,0,59,,208460,51,,,0,19,,208461,51,,,0,30,,208462,51,,,0,70,,208463,51,,,0,30,,208464,51,,,0,70,,208465,51,,,0,30,,208466,51,,,0,70,,208467,51,,,0,30,,208468,51,,,0
4300,'Weekday',432,,208476,3,,,0,22,,208477,3,,,0,52,,208475,51,,,0,23,,208473,51,,,0,23,,208478,51,,,0,64,,208482,51,,,0,21,,208483,51,,,0,22,,208484,51,,,0,57,,208485,51,,,0,15,,208488,51,,,0,14,,208487,51,,,0,9,,208486,51,,,0,50,,208489,51,,,0,10,,208494,51,,,0,10,,208492,51,,,0,9,,208493,51,,,0,13,,208490,51,,,0,13,,208491,51,,,0,53,,208496,51,,,0,12,,208495,51,,,0,14,,208499,51,,,0,16,,208500,51,,,0,61,,208501,51,,,0,21,,208502,51,,,0,22,,208503,51,,,0,62,,208504,51,,,0,19,,208505,51,,,0,19,,208498,51,,,0,60,,208497,51,,,0,18,,208508,51,,,0,19,,208507,51,,,0,60,,208506,51,,,0,20,,208513,51,,,0,20,,208514,51,,,0,50,,208479,51,,,0,10,,208512,51,,,0,11,,208480,51,,,0,10,,208511,51,,,0,10,,208474,51,,,0,10,,208509,51,,,0,50,,208481,51,,,0,11,,208510,51,,,0,10,,208518,51,,,0,15,,208516,51,,,0,14,,208515,51,,,0,52,,208519,51,,,0,12,,208521,51,,,0,13,,208520,51,,,0,13,,208517,51,,,0,13,,208522,51,,,0,52,,208523,51,,,0,12,,208524,51,,,0,11,,208525,51,,,0,11,,208530,51,,,0,9,,208531,51,,,0,54,,208527,51,,,0,11,,208528,51,,,0,13,,208526,51,,,0,16,,208529,51,,,0,61,,208533,51,,,0,21,,208535,51,,,0,20,,208536,51,,,0,56,,208534,51,,,0,16,,208537,51,,,0,18,,208532,51,,,0,19,,208540,51,,,0,58,,208539,51,,,0,18,,208538,51,,,0,20,,208541,51,,,0,60,,208542,51,,,0,19,,208543,51,,,0,23,,208544,51,,,0,70,,208545,51,,,0,30,,208546,51,,,0,70,,208548,51,,,0,30,,208547,51,,,0
8701,'Saturday',621,,214862,25,,,0,30,,214883,25,,,0,70,,214871,25,,,0,30,,214863,25,,,0,70,,214884,25,,,0,31,,214872,25,,,0,70,,214864,25,,,0,30,,214885,25,,,0,70,,214873,25,,,0,30,,214865,25,,,0,70,,214886,25,,,0,30,,214874,25,,,0,70,,214866,25,,,0,30,,214887,25,,,0,70,,214875,25,,,0,30,,214867,25,,,0,70,,214888,25,,,0,30,,214877,25,,,0,70,,214868,25,,,0,30,,214889,25,,,0,70,,214876,25,,,0,30,,214869,25,,,0,70,,214890,25,,,0,30,,214879,25,,,0,70,,214870,25,,,0,30,,214878,25,,,0,70,,214891,25,,,0,30,,214896,25,,,0,70,,214880,25,,,0,30,,214892,25,,,0,70,,214895,25,,,0,30,,214881,25,,,0,70,,214893,25,,,0,30,,214897,25,,,0,70,,214882,25,,,0,30,,214894,25,,,0,70,,214898,25,,,0
8701,'Sunday',621,,214899,25,,,0,30,,214924,25,,,0,70,,214912,25,,,0,30,,214900,25,,,0,70,,214925,25,,,0,31,,214913,25,,,0,70,,214901,25,,,0,30,,214926,25,,,0,70,,214914,25,,,0,30,,214902,25,,,0,70,,214927,25,,,0,30,,214915,25,,,0,70,,214903,25,,,0,30,,214928,25,,,0,70,,214917,25,,,0,30,,214904,25,,,0,70,,214929,25,,,0,30,,214916,25,,,0,70,,214905,25,,,0,30,,214930,25,,,0,70,,214918,25,,,0,30,,214906,25,,,0,70,,214931,25,,,0,30,,214919,25,,,0,70,,214907,25,,,0,30,,214932,25,,,0,70,,214920,25,,,0,30,,214908,25,,,0,70,,214933,25,,,0,30,,214921,25,,,0,70,,214909,25,,,0,30,,214934,25,,,0,70,,214922,25,,,0,30,,214910,25,,,0,70,,214935,25,,,0,30,,214923,25,,,0,70,,214911,25,,,0
8701,'Weekday',521,,214959,25,,,0,30,,214936,25,,,0,70,,214960,25,,,0,30,,214937,25,,,0,70,,214961,25,,,0,30,,214963,25,,,0,73,,214938,25,,,0,13,,214975,25,,,0,17,,214962,25,,,0,70,,214964,25,,,0,30,,214939,25,,,0,70,,214949,25,,,0,30,,214965,25,,,0,70,,214941,25,,,0,30,,214950,25,,,0,70,,214966,25,,,0,30,,214942,25,,,0,70,,214951,25,,,0,30,,214967,25,,,0,70,,214940,25,,,0,30,,214952,25,,,0,74,,214968,25,,,0,31,,214943,25,,,0,71,,214953,25,,,0,71,,214969,25,,,0,32,,214944,25,,,0,70,,214954,25,,,0,31,,214970,25,,,0,72,,214945,25,,,0,29,,214955,25,,,0,69,,214972,25,,,0,30,,214946,25,,,0,70,,214956,25,,,0,29,,214971,25,,,0,68,,214947,25,,,0,28,,214957,25,,,0,28,,214973,25,,,0,69,,214948,25,,,0,28,,214958,25,,,0,69,,214974,25,,,0
8701,'Weekday0000100',1507,,214976,25,,,0
8701,'Weekday1111000',1620,,214977,25,,,0
13500,'Weekday',548,,219786,24,,,0,62,,219785,24,,,0,22,,219790,24,,,0,23,,219787,24,,,0,63,,219793,24,,,0,24,,219788,24,,,0,63,,219791,24,,,0,23,,219789,24,,,0,22,,219792,24,,,0,62,,219806,24,,,0,22,,219804,24,,,0,579,,219794,24,,,0,24,,219799,24,,,0,64,,219795,24,,,0,24,,219800,24,,,0,24,,219797,24,,,0,64,,219801,24,,,0,23,,219796,24,,,0,64,,219802,24,,,0,22,,219798,24,,,0,23,,219805,24,,,0,63,,219803,24,,,0
