2301,'Saturday',449,,205868,2,0,80 12 53,0,59,,205867,2,0,80 12 53,0,19,,205927,2,0,80 12 53,0,19,,205928,2,0,80 12 53,0,59,,205925,2,0,80 12 53,0,19,,205929,2,0,80 12 53,0,19,,205930,2,0,80 12 53,0,59,,205931,2,0,80 12 53,0,19,,205905,2,0,80 12 53,0,19,,205923,2,0,80 12 53,0,19,,205891,2,0,80 12 53,0,59,,205924,2,0,80 12 53,0,19,,205892,2,0,80 12 53,0,19,,205893,2,0,80 12 53,0,59,,205894,2,0,80 12 53,0,19,,205896,2,0,80 12 53,0,19,,205897,2,0,80 12 53,0,59,,205898,2,0,80 12 53,0,19,,205895,2,0,80 12 53,0,19,,205899,2,0,80 12 53,0,59,,205900,2,0,80 12 53,0,19,,205902,2,0,80 12 53,0,19,,205903,2,0,80 12 53,0,59,,205904,2,0,80 12 53,0,18,,205886,2,0,80 12 53,0,18,,205890,2,0,80 12 53,0,59,,205889,2,0,80 12 53,0,19,,205885,2,0,80 12 53,0,19,,205888,2,0,80 12 53,0,19,,205887,2,0,80 12 53,0,59,,205882,2,0,80 12 53,0,19,,205880,2,0,80 12 53,0,19,,205883,2,0,80 12 53,0,60,,205884,2,0,80 12 53,0,19,,205906,2,0,80 12 53,0,19,,205907,2,0,80 12 53,0,59,,205910,2,0,80 12 53,0,19,,205912,2,0,80 12 53,0,19,,205908,2,0,80 12 53,0,58,,205909,2,0,80 12 53,0,18,,205911,2,0,80 12 53,0,18,,205913,2,0,80 12 53,0,59,,205914,2,0,80 12 53,0,18,,205915,2,0,80 12 53,0,19,,205916,2,0,80 12 53,0,19,,205917,2,0,80 12 53,0,59,,205918,2,0,80 12 53,0,19,,205919,2,0,80 12 53,0,19,,205920,2,0,80 12 53,0,59,,205921,2,0,80 12 53,0,19,,205881,2,0,80 12 53,0,20,,205901,2,0,80 12 53,0,63,,205879,2,0,80 12 53,0,20,,205878,2,0,80 12 53,0,19,,205870,2,0,80 12 53,0,59,,205877,2,0,80 12 53,0,18,,205873,2,0,80 12 53,0,19,,205875,2,0,80 12 53,0,59,,205871,2,0,80 12 53,0,19,,205872,2,0,80 12 53,0,18,,205874,2,0,80 12 53,0,58,,205926,2,0,80 12 53,0,18,,205876,2,0,80 12 53,0,18,,205922,2,0,80 12 53,0,58,,205869,2,0,80 12 53,0
2301,'Sunday',449,,205932,2,0,80 12 53,0,59,,205933,2,0,80 12 53,0,19,,205936,2,0,80 12 53,0,19,,205940,2,0,80 12 53,0,59,,205935,2,0,80 12 53,0,19,,205934,2,0,80 12 53,0,19,,205937,2,0,80 12 53,0,59,,205938,2,0,80 12 53,0,19,,205939,2,0,80 12 53,0,19,,205941,2,0,80 12 53,0,19,,205942,2,0,80 12 53,0,59,,205943,2,0,80 12 53,0,19,,205944,2,0,80 12 53,0,19,,205945,2,0,80 12 53,0,59,,205946,2,0,80 12 53,0,19,,205948,2,0,80 12 53,0,19,,205949,2,0,80 12 53,0,59,,205947,2,0,80 12 53,0,19,,205952,2,0,80 12 53,0,19,,205953,2,0,80 12 53,0,59,,205950,2,0,80 12 53,0,19,,205954,2,0,80 12 53,0,19,,205951,2,0,80 12 53,0,59,,205955,2,0,80 12 53,0,18,,205957,2,0,80 12 53,0,18,,205958,2,0,80 12 53,0,59,,205956,2,0,80 12 53,0,19,,205959,2,0,80 12 53,0,19,,205960,2,0,80 12 53,0,19,,205961,2,0,80 12 53,0,59,,205962,2,0,80 12 53,0,19,,205963,2,0,80 12 53,0,19,,205964,2,0,80 12 53,0,60,,205965,2,0,80 12 53,0,19,,205966,2,0,80 12 53,0,19,,205967,2,0,80 12 53,0,59,,205968,2,0,80 12 53,0,19,,205970,2,0,80 12 53,0,19,,205969,2,0,80 12 53,0,58,,205971,2,0,80 12 53,0,18,,205972,2,0,80 12 53,0,18,,205973,2,0,80 12 53,0,59,,205974,2,0,80 12 53,0,18,,205975,2,0,80 12 53,0,19,,205976,2,0,80 12 53,0,19,,205977,2,0,80 12 53,0,59,,205978,2,0,80 12 53,0,19,,205979,2,0,80 12 53,0,19,,205980,2,0,80 12 53,0,59,,205981,2,0,80 12 53,0,19,,205982,2,0,80 12 53,0,20,,205983,2,0,80 12 53,0,63,,205984,2,0,80 12 53,0,20,,205986,2,0,80 12 53,0,19,,205985,2,0,80 12 53,0,59,,205987,2,0,80 12 53,0,18,,205988,2,0,80 12 53,0,19,,205989,2,0,80 12 53,0,59,,205990,2,0,80 12 53,0,19,,205992,2,0,80 12 53,0,18,,205991,2,0,80 12 53,0,58,,205993,2,0,80 12 53,0,18,,205994,2,0,80 12 53,0,18,,205995,2,0,80 12 53,0,58,,205996,2,0,80 12 53,0
2301,'Weekday',401,,206000,2,0,80 12 53,0,15,,206055,2,0,80 12 53,0,15,,205999,2,0,80 12 53,0,10,,206056,2,0,80 12 53,0,10,,206066,2,0,80 12 53,0,50,,206051,2,0,80 12 53,0,11,,206004,2,0,80 12 53,0,11,,206010,2,0,80 12 53,0,10,,206006,2,0,80 12 53,0,8,,206015,2,0,80 12 53,0,7,,206067,2,0,80 12 53,0,7,,206025,2,0,80 12 53,0,49,,206001,2,0,80 12 53,0,9,,206008,2,0,80 12 53,0,10,,205997,2,0,80 12 53,0,10,,206031,2,0,80 12 53,0,10,,206003,2,0,80 12 53,0,10,,206036,2,0,80 12 53,0,50,,206002,2,0,80 12 53,0,10,,206020,2,0,80 12 53,0,10,,206057,2,0,80 12 53,0,10,,206041,2,0,80 12 53,0,10,,206005,2,0,80 12 53,0,10,,206011,2,0,80 12 53,0,50,,206007,2,0,80 12 53,0,10,,206016,2,0,80 12 53,0,9,,206064,2,0,80 12 53,0,9,,206026,2,0,80 12 53,0,10,,206009,2,0,80 12 53,0,10,,206062,2,0,80 12 53,0,50,,206034,2,0,80 12 53,0,10,,206063,2,0,80 12 53,0,10,,206038,2,0,80 12 53,0,20,,206021,2,0,80 12 53,0,60,,206042,2,0,80 12 53,0,20,,206012,2,0,80 12 53,0,22,,206017,2,0,80 12 53,0,62,,206027,2,0,80 12 53,0,22,,206032,2,0,80 12 53,0,22,,206037,2,0,80 12 53,0,62,,206022,2,0,80 12 53,0,22,,206043,2,0,80 12 53,0,22,,206018,2,0,80 12 53,0,62,,206028,2,0,80 12 53,0,22,,206033,2,0,80 12 53,0,16,,206065,2,0,80 12 53,0,56,,206039,2,0,80 12 53,0,16,,206061,2,0,80 12 53,0,16,,206023,2,0,80 12 53,0,16,,206060,2,0,80 12 53,0,50,,206079,2,0,80 12 53,0,10,,206044,2,0,80 12 53,0,11,,206045,2,0,80 12 53,0,16,,206013,2,0,80 12 53,0,57,,206019,2,0,80 12 53,0,16,,206029,2,0,80 12 53,0,16,,206048,2,0,80 12 53,0,16,,206035,2,0,80 12 53,0,56,,206047,2,0,80 12 53,0,16,,206040,2,0,80 12 53,0,16,,206050,2,0,80 12 53,0,16,,206024,2,0,80 12 53,0,56,,206046,2,0,80 12 53,0,16,,206014,2,0,80 12 53,0,16,,206030,2,0,80 12 53,0,16,,206049,2,0,80 12 53,0,56,,205998,2,0,80 12 53,0,17,,206052,2,0,80 12 53,0,17,,206059,2,0,80 12 53,0,54,,206053,2,0,80 12 53,0,15,,206054,2,0,80 12 53,0,19,,206058,2,0,80 12 53,0,66,,206068,2,0,80 12 53,0,26,,206069,2,0,80 12 53,0,25,,206070,2,0,80 12 53,0,65,,206071,2,0,80 12 53,0,26,,206072,2,0,80 12 53,0,66,,206073,2,0,80 12 53,0,26,,206074,2,0,80 12 53,0,66,,206075,2,0,80 12 53,0,24,,206078,2,0,80 12 53,0,26,,206077,2,0,80 12 53,0,67,,206076,2,0,80 12 53,0
3801,'Saturday',437,,207896,2,,,0,68,,207897,2,,,0,25,,207898,2,,,0,23,,207899,2,,,0,63,,207900,2,,,0,23,,207902,2,,,0,63,,207901,2,,,0,23,,207903,2,,,0,23,,207906,2,,,0,63,,207904,2,,,0,23,,207905,2,,,0,23,,207907,2,,,0,63,,207908,2,,,0,24,,207910,2,,,0,67,,207913,2,,,0,26,,207912,2,,,0,22,,207911,2,,,0,62,,207909,2,,,0,23,,207916,2,,,0,61,,207915,2,,,0,21,,207914,2,,,0,21,,207892,2,,,0,62,,207870,2,,,0,22,,207893,2,,,0,22,,207895,2,,,0,62,,207876,2,,,0,21,,207884,2,,,0,21,,207894,2,,,0,62,,207877,2,,,0,22,,207878,2,,,0,62,,207871,2,,,0,22,,207865,2,,,0,21,,207862,2,,,0,60,,207885,2,,,0,22,,207866,2,,,0,22,,207889,2,,,0,62,,207872,2,,,0,22,,207879,2,,,0,21,,207873,2,,,0,60,,207863,2,,,0,18,,207886,2,,,0,22,,207888,2,,,0,59,,207864,2,,,0,20,,207867,2,,,0,24,,207880,2,,,0,64,,207881,2,,,0,24,,207874,2,,,0,65,,207887,2,,,0,24,,207890,2,,,0,24,,207875,2,,,0,64,,207891,2,,,0,24,,207868,2,,,0,64,,207882,2,,,0,24,,207869,2,,,0,24,,207883,2,,,0
3801,'Sunday',437,,207917,2,,,0,68,,207918,2,,,0,25,,207919,2,,,0,23,,207920,2,,,0,63,,207921,2,,,0,23,,207922,2,,,0,63,,207923,2,,,0,23,,207924,2,,,0,23,,207925,2,,,0,63,,207926,2,,,0,23,,207927,2,,,0,23,,207928,2,,,0,63,,207929,2,,,0,24,,207930,2,,,0,67,,207931,2,,,0,26,,207932,2,,,0,22,,207933,2,,,0,62,,207934,2,,,0,23,,207935,2,,,0,61,,207936,2,,,0,21,,207937,2,,,0,21,,207938,2,,,0,62,,207939,2,,,0,22,,207940,2,,,0,22,,207941,2,,,0,62,,207942,2,,,0,21,,207943,2,,,0,21,,207944,2,,,0,62,,207945,2,,,0,22,,207946,2,,,0,62,,207947,2,,,0,22,,207948,2,,,0,21,,207949,2,,,0,60,,207950,2,,,0,22,,207951,2,,,0,22,,207952,2,,,0,62,,207953,2,,,0,22,,207954,2,,,0,21,,207955,2,,,0,60,,207956,2,,,0,18,,207957,2,,,0,22,,207958,2,,,0,59,,207959,2,,,0,20,,207960,2,,,0,24,,207961,2,,,0,64,,207971,2,,,0,24,,207962,2,,,0,65,,207963,2,,,0,24,,207964,2,,,0,24,,207965,2,,,0,64,,207966,2,,,0,24,,207967,2,,,0,64,,207968,2,,,0,24,,207969,2,,,0,24,,207970,2,,,0
3801,'Weekday',407,,207972,2,,,0,24,,207973,2,,,0,15,,207974,2,,,0,55,,207975,2,,,0,15,,207976,2,,,0,13,,207977,2,,,0,13,,207978,2,,,0,14,,207979,2,,,0,54,,207980,2,,,0,15,,207981,2,,,0,15,,207982,2,,,0,15,,207983,2,,,0,55,,207984,2,,,0,15,,207985,2,,,0,15,,207986,2,,,0,9,,207992,2,,,0,9,,207987,2,,,0,46,,207993,2,,,0,6,,207994,2,,,0,6,,207988,2,,,0,7,,207995,2,,,0,7,,207989,2,,,0,7,,207996,2,,,0,8,,207990,2,,,0,55,,207991,2,,,0,16,,207997,2,,,0,17,,207998,2,,,0,19,,207999,2,,,0,59,,208000,2,,,0,20,,208001,2,,,0,19,,208002,2,,,0,59,,208003,2,,,0,18,,208004,2,,,0,19,,208005,2,,,0,59,,208006,2,,,0,19,,208007,2,,,0,19,,208008,2,,,0,59,,208009,2,,,0,19,,208010,2,,,0,19,,208011,2,,,0,19,,208012,2,,,0,59,,208013,2,,,0,17,,208014,2,,,0,17,,208015,2,,,0,56,,208016,2,,,0,16,,208019,2,,,0,16,,208026,2,,,0,16,,208027,2,,,0,56,,208028,2,,,0,15,,208023,2,,,0,15,,208022,2,,,0,15,,208025,2,,,0,54,,208029,2,,,0,14,,208021,2,,,0,15,,208017,2,,,0,15,,208020,2,,,0,55,,208024,2,,,0,15,,208018,2,,,0,15,,208030,2,,,0,14,,208034,2,,,0,55,,208032,2,,,0,14,,208033,2,,,0,15,,208031,2,,,0,20,,208036,2,,,0,60,,208037,2,,,0,20,,208038,2,,,0,18,,208039,2,,,0,58,,208040,2,,,0,18,,208041,2,,,0,20,,208042,2,,,0,60,,208043,2,,,0,20,,208044,2,,,0,20,,208045,2,,,0,59,,208046,2,,,0,20,,208047,2,,,0,20,,208048,2,,,0,60,,208049,2,,,0,20,,208050,2,,,0,20,,208051,2,,,0,60,,208035,2,,,0
6101,'Saturday',455,,211711,2,0,151,0,70,,211674,2,0,151,0,30,,211712,2,0,151,0,70,,211675,2,0,151,0,30,,211713,2,0,151,0,60,,211693,2,0,151,0,20,,211676,2,0,151,0,20,,211714,2,0,151,0,60,,211694,2,0,151,0,20,,211677,2,0,151,0,20,,211715,2,0,151,0,60,,211695,2,0,151,0,20,,211678,2,0,151,0,20,,211716,2,0,151,0,60,,211696,2,0,151,0,20,,211679,2,0,151,0,20,,211717,2,0,151,0,60,,211697,2,0,151,0,20,,211680,2,0,151,0,20,,211718,2,0,151,0,60,,211698,2,0,151,0,20,,211681,2,0,151,0,20,,211719,2,0,151,0,60,,211699,2,0,151,0,20,,211682,2,0,151,0,20,,211720,2,0,151,0,60,,211700,2,0,151,0,20,,211683,2,0,151,0,20,,211721,2,0,151,0,60,,211701,2,0,151,0,20,,211684,2,0,151,0,20,,211722,2,0,151,0,60,,211702,2,0,151,0,20,,211685,2,0,151,0,20,,211723,2,0,151,0,60,,211703,2,0,151,0,20,,211686,2,0,151,0,20,,211724,2,0,151,0,60,,211704,2,0,151,0,20,,211687,2,0,151,0,20,,211725,2,0,151,0,60,,211705,2,0,151,0,20,,211688,2,0,151,0,20,,211726,2,0,151,0,60,,211706,2,0,151,0,20,,211689,2,0,151,0,20,,211727,2,0,151,0,60,,211707,2,0,151,0,20,,211690,2,0,151,0,20,,211728,2,0,151,0,60,,211708,2,0,151,0,28,,211691,2,0,151,0,69,,211709,2,0,151,0,29,,211673,2,0,151,0,66,,211672,2,0,151,0,25,,211692,2,0,151,0,25,,211710,2,0,151,0
6101,'Sunday',455,,211783,2,0,151,0,70,,211764,2,0,151,0,30,,211784,2,0,151,0,70,,211765,2,0,151,0,30,,211763,2,0,151,0,60,,211743,2,0,151,0,20,,211766,2,0,151,0,20,,211732,2,0,151,0,60,,211744,2,0,151,0,20,,211785,2,0,151,0,20,,211733,2,0,151,0,60,,211745,2,0,151,0,20,,211767,2,0,151,0,20,,211731,2,0,151,0,60,,211746,2,0,151,0,20,,211768,2,0,151,0,20,,211729,2,0,151,0,60,,211747,2,0,151,0,20,,211769,2,0,151,0,20,,211730,2,0,151,0,60,,211748,2,0,151,0,20,,211770,2,0,151,0,20,,211734,2,0,151,0,60,,211749,2,0,151,0,20,,211771,2,0,151,0,20,,211759,2,0,151,0,60,,211750,2,0,151,0,20,,211772,2,0,151,0,20,,211735,2,0,151,0,60,,211751,2,0,151,0,20,,211773,2,0,151,0,20,,211736,2,0,151,0,60,,211752,2,0,151,0,20,,211774,2,0,151,0,20,,211737,2,0,151,0,60,,211753,2,0,151,0,20,,211775,2,0,151,0,20,,211738,2,0,151,0,60,,211754,2,0,151,0,20,,211776,2,0,151,0,20,,211739,2,0,151,0,60,,211755,2,0,151,0,20,,211777,2,0,151,0,20,,211740,2,0,151,0,60,,211756,2,0,151,0,20,,211778,2,0,151,0,20,,211741,2,0,151,0,60,,211781,2,0,151,0,20,,211779,2,0,151,0,20,,211742,2,0,151,0,60,,211761,2,0,151,0,28,,211780,2,0,151,0,69,,211762,2,0,151,0,29,,211760,2,0,151,0,66,,211757,2,0,151,0,25,,211782,2,0,151,0,25,,211758,2,0,151,0
6101,'Weekday',434,,211787,2,0,151,0,70,,211807,2,0,151,0,15,,211848,2,0,151,0,15,,211788,2,0,151,0,12,,211852,2,0,151,0,12,,211820,2,0,151,0,52,,211808,2,0,151,0,12,,211849,2,0,151,0,12,,211789,2,0,151,0,12,,211853,2,0,151,0,12,,211821,2,0,151,0,52,,211809,2,0,151,0,11,,211850,2,0,151,0,12,,211790,2,0,151,0,12,,211854,2,0,151,0,12,,211822,2,0,151,0,52,,211810,2,0,151,0,12,,211851,2,0,151,0,12,,211791,2,0,151,0,12,,211855,2,0,151,0,11,,211823,2,0,151,0,58,,211811,2,0,151,0,20,,211792,2,0,151,0,20,,211824,2,0,151,0,60,,211812,2,0,151,0,20,,211793,2,0,151,0,20,,211825,2,0,151,0,60,,211813,2,0,151,0,20,,211794,2,0,151,0,20,,211826,2,0,151,0,60,,211814,2,0,151,0,20,,211795,2,0,151,0,20,,211827,2,0,151,0,60,,211815,2,0,151,0,20,,211796,2,0,151,0,20,,211828,2,0,151,0,60,,211816,2,0,151,0,20,,211797,2,0,151,0,12,,211856,2,0,151,0,12,,211829,2,0,151,0,52,,211839,2,0,151,0,12,,211817,2,0,151,0,12,,211798,2,0,151,0,12,,211857,2,0,151,0,12,,211830,2,0,151,0,52,,211840,2,0,151,0,12,,211818,2,0,151,0,12,,211799,2,0,151,0,12,,211858,2,0,151,0,12,,211831,2,0,151,0,52,,211841,2,0,151,0,12,,211819,2,0,151,0,12,,211800,2,0,151,0,12,,211859,2,0,151,0,12,,211832,2,0,151,0,58,,211842,2,0,151,0,20,,211801,2,0,151,0,20,,211833,2,0,151,0,60,,211843,2,0,151,0,20,,211802,2,0,151,0,20,,211834,2,0,151,0,60,,211844,2,0,151,0,20,,211803,2,0,151,0,20,,211835,2,0,151,0,60,,211845,2,0,151,0,20,,211804,2,0,151,0,20,,211836,2,0,151,0,60,,211846,2,0,151,0,22,,211805,2,0,151,0,64,,211837,2,0,151,0,24,,211847,2,0,151,0,25,,211786,2,0,151,0,70,,211806,2,0,151,0,30,,211838,2,0,151,0
7001,'Saturday',444,,212882,2,,,0,70,,212901,2,,,0,30,,212883,2,,,0,70,,212902,2,,,0,30,,212884,2,,,0,70,,212903,2,,,0,21,,212916,2,,,0,21,,212885,2,,,0,61,,212904,2,,,0,21,,212917,2,,,0,21,,212886,2,,,0,61,,212905,2,,,0,21,,212918,2,,,0,61,,212887,2,,,0,21,,212906,2,,,0,21,,212919,2,,,0,61,,212888,2,,,0,21,,212907,2,,,0,21,,212920,2,,,0,61,,212889,2,,,0,21,,212908,2,,,0,21,,212921,2,,,0,61,,212890,2,,,0,21,,212909,2,,,0,21,,212922,2,,,0,61,,212891,2,,,0,21,,212910,2,,,0,21,,212923,2,,,0,61,,212892,2,,,0,21,,212911,2,,,0,21,,212924,2,,,0,61,,212893,2,,,0,21,,212912,2,,,0,61,,212925,2,,,0,21,,212894,2,,,0,21,,212913,2,,,0,61,,212926,2,,,0,21,,212895,2,,,0,21,,212914,2,,,0,62,,212927,2,,,0,22,,212896,2,,,0,21,,212915,2,,,0,61,,212928,2,,,0,31,,212897,2,,,0,70,,212929,2,,,0,30,,212898,2,,,0,70,,212930,2,,,0,30,,212899,2,,,0,70,,212931,2,,,0,30,,212900,2,,,0
7001,'Sunday',444,,212932,2,,,0,70,,212951,2,,,0,30,,212933,2,,,0,70,,212952,2,,,0,30,,212934,2,,,0,70,,212953,2,,,0,21,,212966,2,,,0,21,,212935,2,,,0,61,,212954,2,,,0,21,,212967,2,,,0,21,,212936,2,,,0,61,,212955,2,,,0,21,,212968,2,,,0,61,,212937,2,,,0,21,,212956,2,,,0,21,,212969,2,,,0,61,,212938,2,,,0,21,,212957,2,,,0,21,,212970,2,,,0,61,,212939,2,,,0,21,,212958,2,,,0,21,,212971,2,,,0,61,,212940,2,,,0,21,,212959,2,,,0,21,,212972,2,,,0,61,,212941,2,,,0,21,,212960,2,,,0,21,,212973,2,,,0,61,,212942,2,,,0,21,,212961,2,,,0,21,,212974,2,,,0,61,,212943,2,,,0,21,,212962,2,,,0,61,,212975,2,,,0,21,,212944,2,,,0,21,,212963,2,,,0,61,,212976,2,,,0,21,,212945,2,,,0,21,,212964,2,,,0,62,,212977,2,,,0,22,,212946,2,,,0,21,,212965,2,,,0,61,,212978,2,,,0,31,,212947,2,,,0,70,,212979,2,,,0,30,,212948,2,,,0,70,,212980,2,,,0,30,,212949,2,,,0,70,,212981,2,,,0,30,,212950,2,,,0
7001,'Weekday',444,,212982,2,,,0,70,,212983,2,,,0,15,,212984,2,,,0,15,,212985,2,,,0,15,,212986,2,,,0,56,,212987,2,,,0,15,,212988,2,,,0,16,,212989,2,,,0,55,,212990,2,,,0,16,,212991,2,,,0,16,,212992,2,,,0,17,,212993,2,,,0,56,,212994,2,,,0,16,,212995,2,,,0,17,,212996,2,,,0,17,,212997,2,,,0,61,,212998,2,,,0,21,,212999,2,,,0,21,,213000,2,,,0,61,,213001,2,,,0,21,,213002,2,,,0,62,,213003,2,,,0,21,,213004,2,,,0,21,,213005,2,,,0,61,,213006,2,,,0,21,,213007,2,,,0,21,,213008,2,,,0,61,,213009,2,,,0,21,,213010,2,,,0,21,,213011,2,,,0,61,,213012,2,,,0,15,,213013,2,,,0,16,,213014,2,,,0,16,,213015,2,,,0,56,,213016,2,,,0,16,,213017,2,,,0,17,,213018,2,,,0,57,,213019,2,,,0,17,,213020,2,,,0,17,,213021,2,,,0,17,,213022,2,,,0,56,,213023,2,,,0,16,,213024,2,,,0,17,,213025,2,,,0,57,,213026,2,,,0,21,,213027,2,,,0,22,,213028,2,,,0,62,,213029,2,,,0,21,,213030,2,,,0,21,,213031,2,,,0,61,,213032,2,,,0,21,,213033,2,,,0,21,,213034,2,,,0,61,,213035,2,,,0,20,,213036,2,,,0,21,,213037,2,,,0,70,,213038,2,,,0,30,,213039,2,,,0,70,,213040,2,,,0,30,,213041,2,,,0,70,,213042,2,,,0,30,,213043,2,,,0
