9801,'Saturday',600,,216458,8,,,0,35,,216459,8,,,0,75,,216461,8,,,0,35,,216460,8,,,0,75,,216463,8,,,0,35,,216464,8,,,0,75,,216462,8,,,0,75,,216465,8,,,0,35,,216466,8,,,0,75,,216467,8,,,0,35,,216468,8,,,0,75,,216469,8,,,0,75,,216470,8,,,0,35,,216471,8,,,0,75,,216472,8,,,0,35,,216473,8,,,0,75,,216474,8,,,0,35,,216475,8,,,0,75,,216476,8,,,0,75,,216477,8,,,0,35,,216478,8,,,0,75,,216479,8,,,0,35,,216481,8,,,0,75,,216480,8,,,0,75,,216482,8,,,0,35,,216483,8,,,0,75,,216485,8,,,0,35,,216484,8,,,0,75,,216487,8,,,0,35,,216486,8,,,0
9801,'Sunday',819,,216488,8,,,0,35,,216489,8,,,0,75,,216490,8,,,0,75,,216491,8,,,0,35,,216492,8,,,0,75,,216494,8,,,0,35,,216493,8,,,0,75,,216495,8,,,0,35,,216496,8,,,0,75,,216497,8,,,0,75,,216498,8,,,0,35,,216499,8,,,0,75,,216500,8,,,0,35,,216501,8,,,0,75,,216502,8,,,0,75,,216503,8,,,0,35,,216504,8,,,0,75,,216506,8,,,0,35,,216505,8,,,0,75,,216507,8,,,0,35,,216508,8,,,0,75,,216509,8,,,0,75,,216510,8,,,0,35,,216511,8,,,0,75,,216512,8,,,0,35,,216513,8,,,0
9801,'Weekday',442,,216516,8,,,0,73,,216517,8,,,0,33,,216534,8,,,0,74,,216518,8,,,0,33,,216535,8,,,0,73,,216519,8,,,0,73,,216536,8,,,0,27,,216514,8,,,0,6,,216520,8,,,0,72,,216537,8,,,0,33,,216521,8,,,0,73,,216538,8,,,0,33,,216522,8,,,0,73,,216539,8,,,0,33,,216523,8,,,0,73,,216540,8,,,0,33,,216524,8,,,0,73,,216541,8,,,0,73,,216525,8,,,0,33,,216542,8,,,0,74,,216526,8,,,0,34,,216543,8,,,0,57,,216515,8,,,0,16,,216527,8,,,0,33,,216544,8,,,0,73,,216528,8,,,0,33,,216545,8,,,0,72,,216529,8,,,0,72,,216546,8,,,0,33,,216530,8,,,0,73,,216547,8,,,0,33,,216531,8,,,0,73,,216548,8,,,0,33,,216532,8,,,0,73,,216549,8,,,0,33,,216533,8,,,0,73,,216550,8,,,0
9801,'Weekday0000100',1317,,216551,8,,,0
9801,'Weekday1111000',1605,,216552,8,,,0
69900,'Weekday0000100',1436,,225956,46,0,115 116,0,80,,225955,46,0,115 116,0
69900,'Weekday1111000',1634,,225957,46,0,115 116,0
72800,'Weekday',817,,226044,8,0,140 69 31,0
89400,'Weekday',721,,226359,13,0,12 242 12,0
89401,'Weekday',1513,,226360,40,0,12 242 12,0
