3600,'Saturday',602,,207286,10,,,0,45,,207290,10,,,0,85,,207293,10,,,0,85,,207295,10,,,0,85,,207287,10,,,0,45,,207291,10,,,0,85,,207292,10,,,0,85,,207294,10,,,0,85,,207274,10,,,0,45,,207275,10,,,0,85,,207276,10,,,0,85,,207277,10,,,0,85,,207278,10,,,0,45,,207279,10,,,0,85,,207280,10,,,0,85,,207281,10,,,0,85,,207282,10,,,0,45,,207283,10,,,0,85,,207288,10,,,0,85,,207284,10,,,0,85,,207285,10,,,0,45,,207289,10,,,0,85,,207297,10,,,0,85,,207296,10,,,0
3600,'Sunday',732,,207311,10,,,0,85,,207313,10,,,0,85,,207309,10,,,0,45,,207308,10,,,0,85,,207310,10,,,0,85,,207312,10,,,0,85,,207299,10,,,0,45,,207298,10,,,0,85,,207300,10,,,0,85,,207301,10,,,0,85,,207302,10,,,0,45,,207303,10,,,0,85,,207304,10,,,0,85,,207305,10,,,0,85,,207306,10,,,0,45,,207307,10,,,0,85,,207314,10,,,0,85,,207316,10,,,0,85,,207317,10,,,0,45,,207319,10,,,0,85,,207318,10,,,0,85,,207315,10,,,0
3600,'Weekday',515,,207320,7,,,0,112,,207331,10,,,0,75,,207332,10,,,0,35,,207333,10,,,0,75,,207334,10,,,0,35,,207335,10,,,0,74,,207337,10,,,0,35,,207336,10,,,0,75,,207341,10,,,0,75,,207338,10,,,0,35,,207339,10,,,0,75,,207340,10,,,0,35,,207342,10,,,0,75,,207343,10,,,0,75,,207344,10,,,0,35,,207345,10,,,0,75,,207346,10,,,0,37,,207347,10,,,0,75,,207348,10,,,0,35,,207349,10,,,0,74,,207350,10,,,0,73,,207322,10,,,0,35,,207323,10,,,0,73,,207321,10,,,0,32,,207324,10,,,0,81,,207325,10,,,0,81,,207326,10,,,0,41,,207327,10,,,0,81,,207328,10,,,0,81,,207329,10,,,0,41,,207330,10,,,0
4100,'Saturday',557,,208209,7,,,0,83,,208208,33,,,0,85,,208206,33,,,0,85,,208191,33,,,0,45,,208192,33,,,0,85,,208193,33,,,0,85,,208194,33,,,0,85,,208195,33,,,0,47,,208196,33,,,0,85,,208197,33,,,0,85,,208198,33,,,0,85,,208199,33,,,0,45,,208200,33,,,0,85,,208202,33,,,0,85,,208203,33,,,0,85,,208204,33,,,0,45,,208201,33,,,0,85,,208205,33,,,0,83,,208207,33,,,0
4100,'Weekday',552,,208210,7,,,0,76,,208213,33,,,0,76,,208214,33,,,0,35,,208215,33,,,0,75,,208216,33,,,0,37,,208217,33,,,0,72,,208221,33,,,0,35,,208219,33,,,0,75,,208222,33,,,0,75,,208220,33,,,0,35,,208218,33,,,0,75,,208224,33,,,0,35,,208223,33,,,0,75,,208227,33,,,0,75,,208225,33,,,0,35,,208226,33,,,0,76,,208228,33,,,0,36,,208229,33,,,0,74,,208230,33,,,0,35,,208231,33,,,0,72,,208232,33,,,0,75,,208233,33,,,0,36,,208211,33,,,0,72,,208212,33,,,0
4100,'Weekday0000100',1245,,208234,20,,,0
4100,'Weekday1111000',1505,,208235,20,,,0
77901,'Weekday',818,,226167,30,0,95 255,0
85300,'Weekday',1553,,226294,8,0,12 93 94,0
85301,'Weekday',823,,226295,6,0,12 93 94,0
