300,'Saturday',647,,201993,62,4,,0,58,,202002,62,4,,0,20,,202009,62,4,,0,20,,201963,62,4,,0,60,,201970,62,4,,0,20,,201978,62,4,,0,20,,201986,62,4,,0,60,,201995,62,4,,0,20,,202003,62,4,,0,20,,202012,62,4,,0,61,,201964,62,4,,0,20,,201971,62,4,,0,21,,201979,62,4,,0,60,,201987,62,4,,0,20,,201997,62,4,,0,20,,202004,62,4,,0,60,,202013,62,4,,0,21,,201965,62,4,,0,21,,201973,62,4,,0,61,,201980,62,4,,0,20,,201988,62,4,,0,20,,201996,62,4,,0,60,,202005,62,4,,0,20,,202014,62,4,,0,20,,201966,62,4,,0,61,,201972,62,4,,0,20,,201982,62,4,,0,20,,201989,62,4,,0,60,,201998,62,4,,0,20,,202006,62,4,,0,20,,202015,62,4,,0,60,,201967,62,4,,0,20,,201974,62,4,,0,20,,201981,62,4,,0,60,,201994,62,4,,0,19,,201999,62,4,,0,20,,202007,62,4,,0,59,,202017,62,4,,0,20,,201968,62,4,,0,21,,201975,62,4,,0,60,,201984,62,4,,0,20,,201990,62,4,,0,20,,202000,62,4,,0,60,,202008,62,4,,0,20,,202016,62,4,,0,20,,201969,62,4,,0,60,,201976,62,4,,0,19,,201983,62,4,,0,20,,201991,62,4,,0,60,,202001,62,4,,0,20,,202010,62,4,,0,20,,202018,62,4,,0,66,,201977,62,4,,0,33,,201985,62,4,,0,65,,201992,62,4,,0,35,,202011,62,4,,0
300,'Sunday',647,,202050,62,4,,0,58,,202060,62,4,,0,20,,202067,62,4,,0,20,,202019,62,4,,0,60,,202026,62,4,,0,20,,202034,62,4,,0,20,,202043,62,4,,0,60,,202052,62,4,,0,20,,202058,62,4,,0,20,,202068,62,4,,0,61,,202020,62,4,,0,20,,202027,62,4,,0,21,,202035,62,4,,0,60,,202042,62,4,,0,20,,202051,62,4,,0,20,,202059,62,4,,0,60,,202069,62,4,,0,21,,202021,62,4,,0,21,,202028,62,4,,0,61,,202036,62,4,,0,20,,202044,62,4,,0,20,,202053,62,4,,0,60,,202061,62,4,,0,20,,202070,62,4,,0,20,,202023,62,4,,0,61,,202029,62,4,,0,20,,202037,62,4,,0,20,,202046,62,4,,0,60,,202054,62,4,,0,20,,202062,62,4,,0,20,,202071,62,4,,0,60,,202022,62,4,,0,20,,202031,62,4,,0,20,,202039,62,4,,0,60,,202045,62,4,,0,19,,202055,62,4,,0,20,,202063,62,4,,0,59,,202072,62,4,,0,20,,202024,62,4,,0,21,,202030,62,4,,0,60,,202038,62,4,,0,20,,202047,62,4,,0,20,,202057,62,4,,0,60,,202065,62,4,,0,20,,202073,62,4,,0,20,,202025,62,4,,0,60,,202032,62,4,,0,19,,202040,62,4,,0,20,,202048,62,4,,0,60,,202056,62,4,,0,20,,202064,62,4,,0,20,,202074,62,4,,0,66,,202033,62,4,,0,33,,202041,62,4,,0,65,,202049,62,4,,0,35,,202066,62,4,,0
300,'Weekday',525,,202104,62,4,,0,20,,202109,62,4,,0,60,,202123,62,4,,0,20,,202076,62,4,,0,27,,202129,62,4,,0,59,,202112,62,4,,0,16,,202092,62,4,,0,15,,202136,62,4,,0,13,,202105,62,4,,0,47,,202167,62,4,,0,6,,202145,62,4,,0,7,,202078,62,4,,0,6,,202110,62,4,,0,7,,202075,62,4,,0,6,,202124,62,4,,0,7,,202153,62,4,,0,6,,202077,62,4,,0,54,,202137,62,4,,0,14,,202130,62,4,,0,15,,202097,62,4,,0,12,,202113,62,4,,0,17,,202093,62,4,,0,56,,202106,62,4,,0,15,,202146,62,4,,0,15,,202079,62,4,,0,55,,202125,62,4,,0,15,,202154,62,4,,0,15,,202138,62,4,,0,15,,202131,62,4,,0,55,,202098,62,4,,0,15,,202114,62,4,,0,15,,202094,62,4,,0,15,,202107,62,4,,0,55,,202147,62,4,,0,15,,202080,62,4,,0,15,,202126,62,4,,0,15,,202155,62,4,,0,55,,202139,62,4,,0,15,,202132,62,4,,0,15,,202099,62,4,,0,15,,202115,62,4,,0,55,,202095,62,4,,0,17,,202108,62,4,,0,7,,202162,62,4,,0,9,,202085,62,4,,0,4,,202148,62,4,,0,6,,202086,62,4,,0,8,,202081,62,4,,0,7,,202087,62,4,,0,48,,202127,62,4,,0,7,,202088,62,4,,0,7,,202156,62,4,,0,6,,202089,51,4,,0,7,,202140,62,4,,0,6,,202090,51,4,,0,7,,202111,62,4,,0,6,,202091,51,4,,0,7,,202133,62,4,,0,46,,202152,35,4,,0,7,,202100,62,4,,0,6,,202168,35,4,,0,7,,202116,62,4,,0,6,,202161,35,4,,0,7,,202096,62,4,,0,13,,202120,62,4,,0,53,,202163,62,4,,0,10,,202149,62,4,,0,10,,202082,62,4,,0,14,,202128,62,4,,0,11,,202157,62,4,,0,52,,202141,62,4,,0,15,,202134,62,4,,0,15,,202101,62,4,,0,15,,202117,62,4,,0,55,,202121,62,4,,0,15,,202164,62,4,,0,15,,202150,62,4,,0,15,,202083,62,4,,0,55,,202158,62,4,,0,15,,202142,62,4,,0,15,,202135,62,4,,0,15,,202102,62,4,,0,55,,202118,62,4,,0,15,,202122,62,4,,0,15,,202165,62,4,,0,21,,202151,62,4,,0,60,,202159,62,4,,0,24,,202143,62,4,,0,64,,202103,62,4,,0,18,,202119,62,4,,0,30,,202166,62,4,,0,65,,202160,62,4,,0,35,,202144,62,4,,0
301,'Saturday',535,,202169,1,,,0,65,,202177,1,,,0,20,,202187,1,,,0,20,,202195,1,,,0,17,,202203,1,,,0,60,,202210,1,,,0,20,,202217,1,,,0,20,,202170,1,,,0,60,,202178,1,,,0,20,,202185,1,,,0,20,,202197,1,,,0,60,,202204,1,,,0,20,,202211,1,,,0,20,,202219,1,,,0,60,,202171,1,,,0,20,,202180,1,,,0,20,,202188,1,,,0,60,,202196,1,,,0,20,,202205,1,,,0,20,,202212,1,,,0,60,,202220,1,,,0,20,,202172,1,,,0,20,,202181,1,,,0,60,,202190,1,,,0,20,,202198,1,,,0,20,,202206,1,,,0,60,,202213,1,,,0,20,,202221,1,,,0,20,,202173,1,,,0,60,,202179,1,,,0,20,,202189,1,,,0,20,,202199,1,,,0,60,,202207,1,,,0,20,,202214,1,,,0,20,,202222,1,,,0,60,,202174,1,,,0,20,,202182,1,,,0,20,,202191,1,,,0,60,,202200,1,,,0,20,,202209,1,,,0,20,,202215,1,,,0,60,,202223,1,,,0,20,,202175,1,,,0,20,,202183,1,,,0,60,,202192,1,,,0,20,,202201,1,,,0,20,,202208,1,,,0,60,,202216,1,,,0,20,,202224,1,,,0,20,,202176,1,,,0,60,,202184,1,,,0,20,,202193,1,,,0,72,,202202,1,,,0,31,,202218,1,,,0,76,,202186,1,,,0,34,,202194,1,,,0
301,'Sunday',535,,202228,1,,,0,65,,202233,1,,,0,20,,202242,1,,,0,20,,202251,1,,,0,17,,202259,1,,,0,60,,202266,1,,,0,20,,202274,1,,,0,20,,202226,1,,,0,60,,202234,1,,,0,20,,202243,1,,,0,20,,202252,1,,,0,60,,202260,1,,,0,20,,202267,1,,,0,20,,202275,1,,,0,60,,202225,1,,,0,20,,202235,1,,,0,20,,202244,1,,,0,60,,202253,1,,,0,20,,202261,1,,,0,20,,202268,1,,,0,60,,202276,1,,,0,20,,202227,1,,,0,20,,202236,1,,,0,60,,202245,1,,,0,20,,202254,1,,,0,20,,202262,1,,,0,60,,202269,1,,,0,20,,202277,1,,,0,20,,202229,1,,,0,60,,202237,1,,,0,20,,202246,1,,,0,20,,202255,1,,,0,60,,202263,1,,,0,20,,202270,1,,,0,20,,202278,1,,,0,60,,202230,1,,,0,20,,202238,1,,,0,20,,202247,1,,,0,60,,202258,1,,,0,20,,202264,1,,,0,20,,202271,1,,,0,60,,202279,1,,,0,20,,202231,1,,,0,20,,202239,1,,,0,60,,202248,1,,,0,20,,202256,1,,,0,20,,202265,1,,,0,60,,202272,1,,,0,20,,202280,1,,,0,20,,202232,1,,,0,60,,202240,1,,,0,20,,202249,1,,,0,72,,202257,1,,,0,31,,202273,1,,,0,76,,202241,1,,,0,34,,202250,1,,,0
301,'Weekday',420,,202282,1,,,0,82,,202319,1,,,0,20,,202299,1,,,0,20,,202311,1,,,0,60,,202316,1,,,0,13,,202331,1,,,0,13,,202283,1,,,0,13,,202343,1,,,0,13,,202336,1,,,0,46,,202284,1,,,0,7,,202304,1,,,0,7,,202291,1,,,0,6,,202320,1,,,0,7,,202292,1,,,0,6,,202293,1,,,0,7,,202300,1,,,0,6,,202342,1,,,0,6,,202294,1,,,0,7,,202312,1,,,0,46,,202372,1,,,0,7,,202351,1,,,0,7,,202285,1,,,0,6,,202317,1,,,0,7,,202281,1,,,0,6,,202332,1,,,0,15,,202359,1,,,0,57,,202344,1,,,0,15,,202337,1,,,0,15,,202305,1,,,0,15,,202321,1,,,0,55,,202301,1,,,0,10,,202313,1,,,0,15,,202352,1,,,0,15,,202286,1,,,0,55,,202333,1,,,0,15,,202360,1,,,0,15,,202345,1,,,0,15,,202338,1,,,0,55,,202306,1,,,0,15,,202322,1,,,0,15,,202302,1,,,0,15,,202314,1,,,0,55,,202353,1,,,0,15,,202287,1,,,0,15,,202334,1,,,0,15,,202361,1,,,0,55,,202346,1,,,0,15,,202339,1,,,0,15,,202307,1,,,0,16,,202323,1,,,0,51,,202303,1,,,0,13,,202328,1,,,0,6,,202315,1,,,0,7,,202367,1,,,0,7,,202295,1,,,0,6,,202354,1,,,0,7,,202296,1,,,0,6,,202288,1,,,0,46,,202297,1,,,0,7,,202335,1,,,0,13,,202362,1,,,0,13,,202347,1,,,0,13,,202318,1,,,0,13,,202340,1,,,0,53,,202308,1,,,0,13,,202324,1,,,0,13,,202366,1,,,0,13,,202329,1,,,0,55,,202368,1,,,0,15,,202355,1,,,0,15,,202289,1,,,0,15,,202363,1,,,0,55,,202348,1,,,0,15,,202341,1,,,0,15,,202309,1,,,0,15,,202325,1,,,0,55,,202330,1,,,0,15,,202369,1,,,0,15,,202356,1,,,0,15,,202290,1,,,0,59,,202364,1,,,0,18,,202349,1,,,0,22,,202310,1,,,0,62,,202326,1,,,0,22,,202370,1,,,0,22,,202357,1,,,0,64,,202365,1,,,0,28,,202350,1,,,0,70,,202327,1,,,0,31,,202371,1,,,0
4700,'Saturday',511,,209099,34,,,0,37,,209109,34,,,0,77,,209119,34,,,0,77,,209100,34,,,0,37,,209110,34,,,0,77,,209120,34,,,0,37,,209101,34,,,0,77,,209111,34,,,0,77,,209121,34,,,0,37,,209102,34,,,0,77,,209112,34,,,0,37,,209122,34,,,0,77,,209103,34,,,0,77,,209113,34,,,0,37,,209123,34,,,0,77,,209104,34,,,0,77,,209114,34,,,0,37,,209124,34,,,0,77,,209105,34,,,0,37,,209115,34,,,0,77,,209125,34,,,0,77,,209106,34,,,0,37,,209116,34,,,0,77,,209126,34,,,0,37,,209107,34,,,0,77,,209117,34,,,0,77,,209127,34,,,0,37,,209108,34,,,0,77,,209118,34,,,0,77,,209128,34,,,0
4700,'Sunday',511,,209129,34,,,0,37,,209149,34,,,0,77,,209139,34,,,0,77,,209130,34,,,0,37,,209150,34,,,0,77,,209140,34,,,0,37,,209131,34,,,0,77,,209151,34,,,0,77,,209141,34,,,0,37,,209132,34,,,0,77,,209152,34,,,0,37,,209142,34,,,0,77,,209133,34,,,0,77,,209153,34,,,0,37,,209143,34,,,0,77,,209134,34,,,0,77,,209154,34,,,0,37,,209144,34,,,0,77,,209135,34,,,0,37,,209155,34,,,0,77,,209145,34,,,0,77,,209136,34,,,0,37,,209156,34,,,0,77,,209146,34,,,0,37,,209137,34,,,0,77,,209157,34,,,0,77,,209147,34,,,0,37,,209138,34,,,0,77,,209158,34,,,0,77,,209148,34,,,0
4700,'Weekday',511,,209159,34,,,0,15,,209162,34,,,0,15,,209171,34,,,0,15,,209173,34,,,0,57,,209183,34,,,0,14,,209185,34,,,0,17,,209195,34,,,0,57,,209160,34,,,0,17,,209163,34,,,0,17,,209172,34,,,0,17,,209174,34,,,0,57,,209184,34,,,0,17,,209186,34,,,0,17,,209196,34,,,0,57,,209161,34,,,0,23,,209164,34,,,0,28,,209175,34,,,0,69,,209187,34,,,0,24,,209197,34,,,0,69,,209165,34,,,0,29,,209176,34,,,0,69,,209188,34,,,0,29,,209198,34,,,0,69,,209166,34,,,0,29,,209177,34,,,0,69,,209189,34,,,0,29,,209199,34,,,0,70,,209167,34,,,0,19,,209205,34,,,0,18,,209178,34,,,0,57,,209207,34,,,0,17,,209190,34,,,0,17,,209200,34,,,0,19,,209209,34,,,0,58,,209168,34,,,0,17,,209206,34,,,0,17,,209179,34,,,0,57,,209208,34,,,0,14,,209191,34,,,0,27,,209201,34,,,0,69,,209169,34,,,0,29,,209180,34,,,0,69,,209192,34,,,0,29,,209202,34,,,0,69,,209170,34,,,0,29,,209181,34,,,0,74,,209193,34,,,0,35,,209203,34,,,0,75,,209182,34,,,0,35,,209194,34,,,0,75,,209204,34,,,0
4700,'Weekday0000100',1344,,209210,18,,,0
4700,'Weekday1111000',1610,,209211,18,,,0
