5300,'Saturday',536,,209877,24,,,0,74,,209903,24,,,0,31,,209878,24,,,0,71,,209906,24,,,0,31,,209879,24,,,0,71,,209883,24,,,0,31,,209894,24,,,0,71,,209884,24,,,0,31,,209896,24,,,0,71,,209885,24,,,0,31,,209895,24,,,0,71,,209886,24,,,0,31,,209897,24,,,0,71,,209887,24,,,0,31,,209899,24,,,0,71,,209889,24,,,0,31,,209898,24,,,0,71,,209888,24,,,0,31,,209900,24,,,0,71,,209890,24,,,0,31,,209901,24,,,0,71,,209892,24,,,0,71,,209902,24,,,0,31,,209891,24,,,0,72,,209904,24,,,0,30,,209893,24,,,0,71,,209905,24,,,0,31,,209880,24,,,0,71,,209907,24,,,0,31,,209882,24,,,0,71,,209908,24,,,0,31,,209881,24,,,0
5300,'Sunday',641,,209910,24,,,0,71,,209927,24,,,0,31,,209911,24,,,0,71,,209926,24,,,0,31,,209912,24,,,0,71,,209928,24,,,0,31,,209913,24,,,0,71,,209930,24,,,0,31,,209914,24,,,0,71,,209929,24,,,0,31,,209915,24,,,0,71,,209931,24,,,0,31,,209916,24,,,0,71,,209933,24,,,0,31,,209917,24,,,0,71,,209932,24,,,0,31,,209918,24,,,0,71,,209935,24,,,0,31,,209920,24,,,0,71,,209934,24,,,0,71,,209919,24,,,0,31,,209936,24,,,0,72,,209922,24,,,0,30,,209937,24,,,0,71,,209921,24,,,0,31,,209938,24,,,0,71,,209923,24,,,0,31,,209939,24,,,0,71,,209924,24,,,0,31,,209940,24,,,0
5300,'Weekday',519,,209952,24,,,0,36,,209953,24,,,0,76,,209954,24,,,0,77,,209955,24,,,0,38,,209956,24,,,0,76,,209957,24,,,0,36,,209958,24,,,0,74,,209959,24,,,0,76,,209960,24,,,0,36,,209961,24,,,0,76,,209962,24,,,0,36,,209963,24,,,0,76,,209964,24,,,0,77,,209965,24,,,0,35,,209966,24,,,0,76,,209967,24,,,0,36,,209968,24,,,0,78,,209969,24,,,0,76,,209970,24,,,0,36,,209971,24,,,0,76,,209972,24,,,0,36,,209973,24,,,0,76,,209974,24,,,0,76,,209975,24,,,0,34,,209942,24,,,0,75,,209943,24,,,0,36,,209944,24,,,0,76,,209945,24,,,0,76,,209946,24,,,0,36,,209948,24,,,0,76,,209949,24,,,0,36,,209950,24,,,0,80,,209947,24,,,0
10800,'Saturday',742,,217689,34,,,0,84,,217699,34,,,0,85,,217690,34,,,0,45,,217700,34,,,0,85,,217691,34,,,0,85,,217701,34,,,0,85,,217693,34,,,0,40,,217702,34,,,0,85,,217692,34,,,0,85,,217703,34,,,0,85,,217695,34,,,0,45,,217705,34,,,0,85,,217694,34,,,0,85,,217704,34,,,0,85,,217697,34,,,0,45,,217706,34,,,0,85,,217696,34,,,0,83,,217707,34,,,0,82,,217698,34,,,0,45,,217708,34,,,0,85,,217709,34,,,0,85,,217688,34,,,0
10800,'Sunday',742,,217710,34,,,0,84,,217722,34,,,0,85,,217713,34,,,0,45,,217723,34,,,0,85,,217715,34,,,0,85,,217724,34,,,0,85,,217714,34,,,0,40,,217725,34,,,0,85,,217716,34,,,0,85,,217726,34,,,0,85,,217717,34,,,0,45,,217727,34,,,0,85,,217718,34,,,0,85,,217728,34,,,0,85,,217720,34,,,0,45,,217729,34,,,0,85,,217719,34,,,0,83,,217730,34,,,0,82,,217721,34,,,0,45,,217712,34,,,0,85,,217731,34,,,0,85,,217711,34,,,0
10800,'Weekday',601,,217770,34,,,0,25,,217771,34,,,0,23,,217734,34,,,0,65,,217751,34,,,0,28,,217736,34,,,0,65,,217732,34,,,0,24,,217769,34,,,0,22,,217738,34,,,0,68,,217750,34,,,0,28,,217737,34,,,0,70,,217749,34,,,0,29,,217753,34,,,0,71,,217754,34,,,0,30,,217740,34,,,0,70,,217752,34,,,0,31,,217739,34,,,0,70,,217755,34,,,0,30,,217756,34,,,0,70,,217742,34,,,0,30,,217757,34,,,0,72,,217743,34,,,0,32,,217741,34,,,0,72,,217745,34,,,0,32,,217758,34,,,0,65,,217744,34,,,0,26,,217746,34,,,0,65,,217759,34,,,0,23,,217768,34,,,0,64,,217767,34,,,0,28,,217760,34,,,0,30,,217761,34,,,0,70,,217762,34,,,0,30,,217763,34,,,0,67,,217748,34,,,0,30,,217735,34,,,0,70,,217765,34,,,0,30,,217766,34,,,0,70,,217764,34,,,0,30,,217747,34,,,0,73,,217733,34,,,0
42200,'Saturday',620,,225347,1,,,0,100,,225348,1,,,0,100,,225349,1,,,0,100,,225350,1,,,0,100,,225351,1,,,0,100,,225352,1,,,0,100,,225353,1,,,0,100,,225355,1,,,0,100,,225354,1,,,0,100,,225356,1,,,0,100,,225357,1,,,0,100,,225358,1,,,0,100,,225359,1,,,0
42200,'Sunday',620,,225360,1,,,0,100,,225361,1,,,0,100,,225362,1,,,0,100,,225363,1,,,0,100,,225364,1,,,0,100,,225365,1,,,0,100,,225366,1,,,0,100,,225367,1,,,0,100,,225368,1,,,0,100,,225369,1,,,0,100,,225370,1,,,0,100,,225371,1,,,0,100,,225372,1,,,0
42200,'Weekday',619,,225373,1,,,0,30,,225391,1,,,0,70,,225374,1,,,0,30,,225395,1,,,0,70,,225375,1,,,0,30,,225396,1,,,0,70,,225376,1,,,0,30,,225393,1,,,0,70,,225377,1,,,0,30,,225394,1,,,0,70,,225378,1,,,0,30,,225397,1,,,0,70,,225379,1,,,0,30,,225390,1,,,0,70,,225380,1,,,0,30,,225399,1,,,0,70,,225381,1,,,0,39,,225398,1,,,0,61,,225382,1,,,0,30,,225392,1,,,0,70,,225384,1,,,0,30,,225400,1,,,0,70,,225383,1,,,0,30,,225389,1,,,0,70,,225387,1,,,0,100,,225386,1,,,0,100,,225385,1,,,0,100,,225388,1,,,0
42201,'Saturday',618,,225401,23,4,,0,100,,225402,23,4,,0,100,,225403,23,4,,0,100,,225405,23,4,,0,100,,225404,23,4,,0,100,,225406,23,4,,0,100,,225407,23,4,,0,100,,225408,23,4,,0,100,,225409,23,4,,0,100,,225411,23,4,,0,100,,225410,23,4,,0,100,,225412,23,4,,0,100,,225413,23,4,,0,100,,225414,23,4,,0
42201,'Sunday',618,,225415,23,4,,0,100,,225418,23,4,,0,100,,225416,23,4,,0,100,,225417,23,4,,0,100,,225420,23,4,,0,100,,225419,23,4,,0,100,,225421,23,4,,0,100,,225422,23,4,,0,100,,225425,23,4,,0,100,,225423,23,4,,0,100,,225424,23,4,,0,100,,225428,23,4,,0,100,,225426,23,4,,0,100,,225427,23,4,,0
42201,'Weekday',618,,225429,23,4,,0,30,,225446,23,4,,0,70,,225430,23,4,,0,30,,225451,23,4,,0,70,,225431,23,4,,0,30,,225445,23,4,,0,70,,225432,23,4,,0,30,,225453,23,4,,0,70,,225434,23,4,,0,30,,225448,23,4,,0,70,,225433,23,4,,0,30,,225452,23,4,,0,70,,225435,23,4,,0,30,,225450,23,4,,0,70,,225436,23,4,,0,30,,225454,23,4,,0,70,,225437,23,4,,0,39,,225455,23,4,,0,61,,225438,23,4,,0,30,,225447,23,4,,0,70,,225440,23,4,,0,30,,225456,23,4,,0,70,,225439,23,4,,0,30,,225449,23,4,,0,70,,225441,23,4,,0,100,,225442,23,4,,0,100,,225443,23,4,,0,100,,225444,23,4,,0
