9801,'Saturday',557,,216458,2,,,0,75,,216459,2,,,0,75,,216461,2,,,0,35,,216460,2,,,0,75,,216463,2,,,0,35,,216464,2,,,0,75,,216462,2,,,0,75,,216465,2,,,0,35,,216466,2,,,0,75,,216467,2,,,0,35,,216468,2,,,0,75,,216469,2,,,0,35,,216470,2,,,0,75,,216471,2,,,0,75,,216472,2,,,0,35,,216473,2,,,0,75,,216474,2,,,0,35,,216475,2,,,0,75,,216476,2,,,0,75,,216477,2,,,0,35,,216478,2,,,0,75,,216479,2,,,0,35,,216481,2,,,0,75,,216480,2,,,0,35,,216482,2,,,0,75,,216483,2,,,0,75,,216485,2,,,0,35,,216484,2,,,0,75,,216487,2,,,0,35,,216486,2,,,0
9801,'Sunday',816,,216488,2,,,0,35,,216489,2,,,0,75,,216490,2,,,0,75,,216491,2,,,0,35,,216492,2,,,0,75,,216494,2,,,0,35,,216493,2,,,0,75,,216495,2,,,0,35,,216496,2,,,0,75,,216497,2,,,0,75,,216498,2,,,0,35,,216499,2,,,0,75,,216500,2,,,0,35,,216501,2,,,0,75,,216502,2,,,0,75,,216503,2,,,0,35,,216504,2,,,0,75,,216506,2,,,0,35,,216505,2,,,0,75,,216507,2,,,0,35,,216508,2,,,0,75,,216509,2,,,0,75,,216510,2,,,0,35,,216511,2,,,0,75,,216512,2,,,0,35,,216513,2,,,0
9801,'Weekday',439,,216516,2,,,0,73,,216517,2,,,0,33,,216534,2,,,0,73,,216518,2,,,0,33,,216535,2,,,0,73,,216519,2,,,0,33,,216536,2,,,0,67,,216514,2,,,0,6,,216520,2,,,0,73,,216537,2,,,0,33,,216521,2,,,0,73,,216538,2,,,0,33,,216522,2,,,0,73,,216539,2,,,0,33,,216523,2,,,0,73,,216540,2,,,0,33,,216524,2,,,0,73,,216541,2,,,0,73,,216525,2,,,0,33,,216542,2,,,0,73,,216526,2,,,0,34,,216543,2,,,0,17,,216515,2,,,0,56,,216527,2,,,0,33,,216544,2,,,0,73,,216528,2,,,0,33,,216545,2,,,0,73,,216529,2,,,0,32,,216546,2,,,0,73,,216530,2,,,0,73,,216547,2,,,0,33,,216531,2,,,0,73,,216548,2,,,0,33,,216532,2,,,0,73,,216549,2,,,0,33,,216533,2,,,0,73,,216550,2,,,0
9801,'Weekday0000100',1314,,216551,2,,,0
9801,'Weekday1111000',1601,,216552,2,,,0
69900,'Weekday0000100',1431,,225956,41,0,115 116,0,80,,225955,41,0,115 116,0
69900,'Weekday1111000',1629,,225957,41,0,115 116,0
72800,'Weekday',813,,226044,2,0,140 69 31,0
89400,'Weekday',717,,226359,7,0,12 242 12,0
89401,'Weekday',1510,,226360,34,0,12 242 12,0
