2300,'Saturday',551,,205650,58,0,80 12 53,0,59,,205657,58,0,80 12 53,0,19,,205659,58,0,80 12 53,0,19,,205660,58,0,80 12 53,0,60,,205658,58,0,80 12 53,0,19,,205661,58,0,80 12 53,0,19,,205662,58,0,80 12 53,0,60,,205663,58,0,80 12 53,0,19,,205664,58,0,80 12 53,0,19,,205665,58,0,80 12 53,0,59,,205666,58,0,80 12 53,0,19,,205667,58,0,80 12 53,0,19,,205668,58,0,80 12 53,0,59,,205669,58,0,80 12 53,0,19,,205670,58,0,80 12 53,0,19,,205671,58,0,80 12 53,0,19,,205672,58,0,80 12 53,0,59,,205673,58,0,80 12 53,0,20,,205674,58,0,80 12 53,0,20,,205675,58,0,80 12 53,0,67,,205676,58,0,80 12 53,0,23,,205677,58,0,80 12 53,0,59,,205678,58,0,80 12 53,0,21,,205679,58,0,80 12 53,0,19,,205680,58,0,80 12 53,0,59,,205681,58,0,80 12 53,0,19,,205682,58,0,80 12 53,0,19,,205683,58,0,80 12 53,0,59,,205684,58,0,80 12 53,0,19,,205686,58,0,80 12 53,0,19,,205687,58,0,80 12 53,0,19,,205688,58,0,80 12 53,0,59,,205685,58,0,80 12 53,0,19,,205689,58,0,80 12 53,0,18,,205690,58,0,80 12 53,0,58,,205691,58,0,80 12 53,0,18,,205692,58,0,80 12 53,0,18,,205693,58,0,80 12 53,0,59,,205694,58,0,80 12 53,0,19,,205695,58,0,80 12 53,0,19,,205696,58,0,80 12 53,0,59,,205697,58,0,80 12 53,0,19,,205698,58,0,80 12 53,0,19,,205699,58,0,80 12 53,0,59,,205700,58,0,80 12 53,0,16,,205701,58,0,80 12 53,0,18,,205702,58,0,80 12 53,0,18,,205703,58,0,80 12 53,0,56,,205707,58,0,80 12 53,0,19,,205704,58,0,80 12 53,0,18,,205705,58,0,80 12 53,0,58,,205706,58,0,80 12 53,0,18,,205709,58,0,80 12 53,0,18,,205708,58,0,80 12 53,0,19,,205710,58,0,80 12 53,0,59,,205711,58,0,80 12 53,0,18,,205712,58,0,80 12 53,0,17,,205713,58,0,80 12 53,0,58,,205653,58,0,80 12 53,0,19,,205654,58,0,80 12 53,0,19,,205652,58,0,80 12 53,0,59,,205655,58,0,80 12 53,0,19,,205656,58,0,80 12 53,0,19,,205651,58,0,80 12 53,0
2300,'Sunday',551,,205714,58,0,80 12 53,0,59,,205715,58,0,80 12 53,0,19,,205716,58,0,80 12 53,0,19,,205717,58,0,80 12 53,0,60,,205718,58,0,80 12 53,0,19,,205719,58,0,80 12 53,0,19,,205720,58,0,80 12 53,0,60,,205723,58,0,80 12 53,0,19,,205721,58,0,80 12 53,0,19,,205722,58,0,80 12 53,0,59,,205724,58,0,80 12 53,0,19,,205725,58,0,80 12 53,0,19,,205726,58,0,80 12 53,0,59,,205727,58,0,80 12 53,0,19,,205728,58,0,80 12 53,0,19,,205729,58,0,80 12 53,0,19,,205730,58,0,80 12 53,0,59,,205731,58,0,80 12 53,0,20,,205732,58,0,80 12 53,0,20,,205733,58,0,80 12 53,0,67,,205734,58,0,80 12 53,0,23,,205735,58,0,80 12 53,0,59,,205736,58,0,80 12 53,0,21,,205737,58,0,80 12 53,0,19,,205738,58,0,80 12 53,0,59,,205739,58,0,80 12 53,0,19,,205740,58,0,80 12 53,0,19,,205741,58,0,80 12 53,0,59,,205742,58,0,80 12 53,0,19,,205743,58,0,80 12 53,0,19,,205745,58,0,80 12 53,0,19,,205744,58,0,80 12 53,0,59,,205746,58,0,80 12 53,0,19,,205748,58,0,80 12 53,0,18,,205747,58,0,80 12 53,0,58,,205749,58,0,80 12 53,0,18,,205750,58,0,80 12 53,0,18,,205751,58,0,80 12 53,0,59,,205752,58,0,80 12 53,0,19,,205753,58,0,80 12 53,0,19,,205756,58,0,80 12 53,0,59,,205755,58,0,80 12 53,0,19,,205754,58,0,80 12 53,0,19,,205758,58,0,80 12 53,0,59,,205757,58,0,80 12 53,0,16,,205759,58,0,80 12 53,0,18,,205760,58,0,80 12 53,0,18,,205761,58,0,80 12 53,0,56,,205763,58,0,80 12 53,0,19,,205762,58,0,80 12 53,0,18,,205764,58,0,80 12 53,0,58,,205765,58,0,80 12 53,0,18,,205766,58,0,80 12 53,0,18,,205767,58,0,80 12 53,0,19,,205768,58,0,80 12 53,0,59,,205769,58,0,80 12 53,0,18,,205770,58,0,80 12 53,0,17,,205771,58,0,80 12 53,0,58,,205772,58,0,80 12 53,0,19,,205773,58,0,80 12 53,0,19,,205774,58,0,80 12 53,0,59,,205775,58,0,80 12 53,0,19,,205777,58,0,80 12 53,0,19,,205776,58,0,80 12 53,0
2300,'Weekday',515,,205786,58,0,80 12 53,0,17,,205840,58,0,80 12 53,0,16,,205792,58,0,80 12 53,0,57,,205780,58,0,80 12 53,0,18,,205839,58,0,80 12 53,0,16,,205782,58,0,80 12 53,0,15,,205781,58,0,80 12 53,0,52,,205798,58,0,80 12 53,0,11,,205784,58,0,80 12 53,0,11,,205846,58,0,80 12 53,0,13,,205841,58,0,80 12 53,0,12,,205787,58,0,80 12 53,0,53,,205783,58,0,80 12 53,0,12,,205793,58,0,80 12 53,0,11,,205804,58,0,80 12 53,0,11,,205785,58,0,80 12 53,0,10,,205842,58,0,80 12 53,0,51,,205809,58,0,80 12 53,0,12,,205843,58,0,80 12 53,0,12,,205799,58,0,80 12 53,0,13,,205844,58,0,80 12 53,0,12,,205818,58,0,80 12 53,0,51,,205845,58,0,80 12 53,0,11,,205788,58,0,80 12 53,0,20,,205794,58,0,80 12 53,0,21,,205803,58,0,80 12 53,0,61,,205808,58,0,80 12 53,0,22,,205813,58,0,80 12 53,0,23,,205817,58,0,80 12 53,0,62,,205789,58,0,80 12 53,0,22,,205806,58,0,80 12 53,0,61,,205810,58,0,80 12 53,0,22,,205837,58,0,80 12 53,0,25,,205814,58,0,80 12 53,0,65,,205802,58,0,80 12 53,0,21,,205838,58,0,80 12 53,0,15,,205819,58,0,80 12 53,0,51,,205821,58,0,80 12 53,0,12,,205790,58,0,80 12 53,0,11,,205827,58,0,80 12 53,0,13,,205795,58,0,80 12 53,0,13,,205826,58,0,80 12 53,0,52,,205805,58,0,80 12 53,0,12,,205825,58,0,80 12 53,0,13,,205811,58,0,80 12 53,0,11,,205778,58,0,80 12 53,0,11,,205815,58,0,80 12 53,0,51,,205831,58,0,80 12 53,0,11,,205828,58,0,80 12 53,0,10,,205800,58,0,80 12 53,0,10,,205820,58,0,80 12 53,0,10,,205822,58,0,80 12 53,0,10,,205832,58,0,80 12 53,0,51,,205791,58,0,80 12 53,0,11,,205796,58,0,80 12 53,0,11,,205833,58,0,80 12 53,0,10,,205779,58,0,80 12 53,0,10,,205807,58,0,80 12 53,0,10,,205834,58,0,80 12 53,0,48,,205812,58,0,80 12 53,0,9,,205824,58,0,80 12 53,0,10,,205816,58,0,80 12 53,0,9,,205835,58,0,80 12 53,0,9,,205829,58,0,80 12 53,0,13,,205836,58,0,80 12 53,0,55,,205801,58,0,80 12 53,0,15,,205823,58,0,80 12 53,0,16,,205797,58,0,80 12 53,0,15,,205830,58,0,80 12 53,0,62,,205848,58,0,80 12 53,0,22,,205847,58,0,80 12 53,0,19,,205849,58,0,80 12 53,0,60,,205850,58,0,80 12 53,0,21,,205851,58,0,80 12 53,0,61,,205852,58,0,80 12 53,0,25,,205853,58,0,80 12 53,0,25,,205854,58,0,80 12 53,0,65,,205855,58,0,80 12 53,0,25,,205856,58,0,80 12 53,0,65,,205857,58,0,80 12 53,0,25,,205858,58,0,80 12 53,0,25,,205859,58,0,80 12 53,0
2300,'Weekday0000100',1409,,205860,25,0,80 12 53,0,14,,205862,13,0,80 12 53,0,5,,205863,15,0,81 47,0
2300,'Weekday1111000',1555,,205865,25,0,80 12 53,0,45,,205864,13,0,80 12 53,0,17,,205866,25,0,80 12 53,0
3800,'Saturday',521,,207699,46,,,0,23,,207700,46,,,0,63,,207701,46,,,0,23,,207703,46,,,0,23,,207704,46,,,0,63,,207702,46,,,0,23,,207705,46,,,0,63,,207707,46,,,0,23,,207706,46,,,0,23,,207708,46,,,0,63,,207709,46,,,0,24,,207711,46,,,0,67,,207710,46,,,0,26,,207715,46,,,0,22,,207716,46,,,0,62,,207717,46,,,0,23,,207714,46,,,0,21,,207713,46,,,0,61,,207712,46,,,0,21,,207718,46,,,0,62,,207720,46,,,0,22,,207719,46,,,0,22,,207721,46,,,0,62,,207675,46,,,0,21,,207670,46,,,0,21,,207722,46,,,0,62,,207697,46,,,0,22,,207724,46,,,0,22,,207723,46,,,0,62,,207676,46,,,0,21,,207677,46,,,0,20,,207688,46,,,0,62,,207685,46,,,0,22,,207671,46,,,0,62,,207681,46,,,0,22,,207678,46,,,0,21,,207682,46,,,0,60,,207672,46,,,0,20,,207693,46,,,0,22,,207698,46,,,0,59,,207689,46,,,0,18,,207686,46,,,0,24,,207673,46,,,0,64,,207679,46,,,0,24,,207687,46,,,0,65,,207694,46,,,0,24,,207683,46,,,0,24,,207690,46,,,0,64,,207680,46,,,0,24,,207674,46,,,0,64,,207696,46,,,0,24,,207691,46,,,0,24,,207695,46,,,0,64,,207684,46,,,0,24,,207692,46,,,0
3800,'Sunday',521,,207725,46,,,0,23,,207726,46,,,0,63,,207727,46,,,0,23,,207728,46,,,0,23,,207729,46,,,0,63,,207730,46,,,0,23,,207731,46,,,0,63,,207732,46,,,0,23,,207733,46,,,0,23,,207734,46,,,0,63,,207735,46,,,0,24,,207736,46,,,0,67,,207737,46,,,0,26,,207738,46,,,0,22,,207739,46,,,0,62,,207740,46,,,0,23,,207741,46,,,0,21,,207742,46,,,0,61,,207743,46,,,0,21,,207744,46,,,0,62,,207745,46,,,0,22,,207746,46,,,0,22,,207747,46,,,0,62,,207748,46,,,0,21,,207749,46,,,0,21,,207750,46,,,0,62,,207751,46,,,0,22,,207752,46,,,0,22,,207753,46,,,0,62,,207754,46,,,0,21,,207779,46,,,0,20,,207755,46,,,0,62,,207756,46,,,0,22,,207757,46,,,0,62,,207758,46,,,0,22,,207759,46,,,0,21,,207760,46,,,0,60,,207761,46,,,0,20,,207762,46,,,0,21,,207763,46,,,0,60,,207764,46,,,0,19,,207765,46,,,0,23,,207766,46,,,0,64,,207767,46,,,0,24,,207768,46,,,0,65,,207769,46,,,0,24,,207770,46,,,0,24,,207771,46,,,0,64,,207772,46,,,0,24,,207773,46,,,0,64,,207774,46,,,0,24,,207775,46,,,0,24,,207776,46,,,0,64,,207777,46,,,0,24,,207778,46,,,0
3800,'Weekday',506,,207781,46,,,0,13,,207782,46,,,0,13,,207783,46,,,0,14,,207784,46,,,0,54,,207785,46,,,0,14,,207786,46,,,0,13,,207800,46,,,0,15,,207787,46,,,0,15,,207788,46,,,0,56,,207789,46,,,0,17,,207790,46,,,0,19,,207791,46,,,0,55,,207792,46,,,0,15,,207793,46,,,0,15,,207794,46,,,0,15,,207795,46,,,0,56,,207796,46,,,0,17,,207797,46,,,0,18,,207798,46,,,0,19,,207799,46,,,0,60,,207802,46,,,0,20,,207813,46,,,0,18,,207805,46,,,0,58,,207809,46,,,0,19,,207811,46,,,0,19,,207815,46,,,0,60,,207807,46,,,0,18,,207803,46,,,0,18,,207814,46,,,0,60,,207810,46,,,0,20,,207808,46,,,0,19,,207804,46,,,0,59,,207812,46,,,0,17,,207801,46,,,0,17,,207806,46,,,0,15,,207816,46,,,0,57,,207819,46,,,0,16,,207821,46,,,0,16,,207822,46,,,0,56,,207823,46,,,0,15,,207824,46,,,0,5,,207855,46,,,0,10,,207825,46,,,0,14,,207826,46,,,0,13,,207827,46,,,0,55,,207828,46,,,0,14,,207829,46,,,0,16,,207830,46,,,0,15,,207831,46,,,0,56,,207832,46,,,0,15,,207833,46,,,0,14,,207834,46,,,0,15,,207817,46,,,0,54,,207818,46,,,0,15,,207820,46,,,0,20,,207835,46,,,0,60,,207836,46,,,0,20,,207837,46,,,0,18,,207838,46,,,0,57,,207839,46,,,0,18,,207840,46,,,0,21,,207841,46,,,0,60,,207842,46,,,0,20,,207843,46,,,0,20,,207844,46,,,0,59,,207845,46,,,0,20,,207846,46,,,0,20,,207847,46,,,0,60,,207848,46,,,0,20,,207849,46,,,0,20,,207850,46,,,0,60,,207851,46,,,0,20,,207852,46,,,0,20,,207853,46,,,0,60,,207854,46,,,0
3800,'Weekday0000100',1432,,207858,46,,,0,84,,207857,46,,,0
3800,'Weekday1111000',1615,,207861,46,,,0,6,,207860,46,,,0
6101,'Saturday',456,,211711,3,0,151,0,70,,211674,3,0,151,0,30,,211712,3,0,151,0,70,,211675,3,0,151,0,30,,211713,3,0,151,0,60,,211693,3,0,151,0,20,,211676,3,0,151,0,20,,211714,3,0,151,0,60,,211694,3,0,151,0,20,,211677,3,0,151,0,20,,211715,3,0,151,0,60,,211695,3,0,151,0,20,,211678,3,0,151,0,20,,211716,3,0,151,0,60,,211696,3,0,151,0,20,,211679,3,0,151,0,20,,211717,3,0,151,0,60,,211697,3,0,151,0,20,,211680,3,0,151,0,20,,211718,3,0,151,0,60,,211698,3,0,151,0,20,,211681,3,0,151,0,20,,211719,3,0,151,0,60,,211699,3,0,151,0,20,,211682,3,0,151,0,20,,211720,3,0,151,0,60,,211700,3,0,151,0,20,,211683,3,0,151,0,20,,211721,3,0,151,0,60,,211701,3,0,151,0,20,,211684,3,0,151,0,20,,211722,3,0,151,0,60,,211702,3,0,151,0,20,,211685,3,0,151,0,20,,211723,3,0,151,0,60,,211703,3,0,151,0,20,,211686,3,0,151,0,20,,211724,3,0,151,0,60,,211704,3,0,151,0,20,,211687,3,0,151,0,20,,211725,3,0,151,0,60,,211705,3,0,151,0,20,,211688,3,0,151,0,20,,211726,3,0,151,0,60,,211706,3,0,151,0,20,,211689,3,0,151,0,20,,211727,3,0,151,0,60,,211707,3,0,151,0,20,,211690,3,0,151,0,20,,211728,3,0,151,0,60,,211708,3,0,151,0,28,,211691,3,0,151,0,69,,211709,3,0,151,0,29,,211673,3,0,151,0,66,,211672,3,0,151,0,25,,211692,3,0,151,0,25,,211710,3,0,151,0
6101,'Sunday',456,,211783,3,0,151,0,70,,211764,3,0,151,0,30,,211784,3,0,151,0,70,,211765,3,0,151,0,30,,211763,3,0,151,0,60,,211743,3,0,151,0,20,,211766,3,0,151,0,20,,211732,3,0,151,0,60,,211744,3,0,151,0,20,,211785,3,0,151,0,20,,211733,3,0,151,0,60,,211745,3,0,151,0,20,,211767,3,0,151,0,20,,211731,3,0,151,0,60,,211746,3,0,151,0,20,,211768,3,0,151,0,20,,211729,3,0,151,0,60,,211747,3,0,151,0,20,,211769,3,0,151,0,20,,211730,3,0,151,0,60,,211748,3,0,151,0,20,,211770,3,0,151,0,20,,211734,3,0,151,0,60,,211749,3,0,151,0,20,,211771,3,0,151,0,20,,211759,3,0,151,0,60,,211750,3,0,151,0,20,,211772,3,0,151,0,20,,211735,3,0,151,0,60,,211751,3,0,151,0,20,,211773,3,0,151,0,20,,211736,3,0,151,0,60,,211752,3,0,151,0,20,,211774,3,0,151,0,20,,211737,3,0,151,0,60,,211753,3,0,151,0,20,,211775,3,0,151,0,20,,211738,3,0,151,0,60,,211754,3,0,151,0,20,,211776,3,0,151,0,20,,211739,3,0,151,0,60,,211755,3,0,151,0,20,,211777,3,0,151,0,20,,211740,3,0,151,0,60,,211756,3,0,151,0,20,,211778,3,0,151,0,20,,211741,3,0,151,0,60,,211781,3,0,151,0,20,,211779,3,0,151,0,20,,211742,3,0,151,0,60,,211761,3,0,151,0,28,,211780,3,0,151,0,69,,211762,3,0,151,0,29,,211760,3,0,151,0,66,,211757,3,0,151,0,25,,211782,3,0,151,0,25,,211758,3,0,151,0
6101,'Weekday',435,,211787,3,0,151,0,70,,211807,3,0,151,0,15,,211848,3,0,151,0,15,,211788,3,0,151,0,12,,211852,3,0,151,0,12,,211820,3,0,151,0,52,,211808,3,0,151,0,12,,211849,3,0,151,0,12,,211789,3,0,151,0,12,,211853,3,0,151,0,12,,211821,3,0,151,0,52,,211809,3,0,151,0,11,,211850,3,0,151,0,12,,211790,3,0,151,0,12,,211854,3,0,151,0,12,,211822,3,0,151,0,52,,211810,3,0,151,0,12,,211851,3,0,151,0,12,,211791,3,0,151,0,12,,211855,3,0,151,0,11,,211823,3,0,151,0,58,,211811,3,0,151,0,20,,211792,3,0,151,0,20,,211824,3,0,151,0,60,,211812,3,0,151,0,20,,211793,3,0,151,0,20,,211825,3,0,151,0,60,,211813,3,0,151,0,20,,211794,3,0,151,0,20,,211826,3,0,151,0,60,,211814,3,0,151,0,20,,211795,3,0,151,0,20,,211827,3,0,151,0,60,,211815,3,0,151,0,20,,211796,3,0,151,0,20,,211828,3,0,151,0,60,,211816,3,0,151,0,20,,211797,3,0,151,0,12,,211856,3,0,151,0,12,,211829,3,0,151,0,52,,211839,3,0,151,0,12,,211817,3,0,151,0,12,,211798,3,0,151,0,12,,211857,3,0,151,0,12,,211830,3,0,151,0,52,,211840,3,0,151,0,12,,211818,3,0,151,0,12,,211799,3,0,151,0,12,,211858,3,0,151,0,12,,211831,3,0,151,0,52,,211841,3,0,151,0,12,,211819,3,0,151,0,12,,211800,3,0,151,0,12,,211859,3,0,151,0,12,,211832,3,0,151,0,58,,211842,3,0,151,0,20,,211801,3,0,151,0,20,,211833,3,0,151,0,60,,211843,3,0,151,0,20,,211802,3,0,151,0,20,,211834,3,0,151,0,60,,211844,3,0,151,0,20,,211803,3,0,151,0,20,,211835,3,0,151,0,60,,211845,3,0,151,0,20,,211804,3,0,151,0,20,,211836,3,0,151,0,60,,211846,3,0,151,0,22,,211805,3,0,151,0,64,,211837,3,0,151,0,24,,211847,3,0,151,0,25,,211786,3,0,151,0,70,,211806,3,0,151,0,30,,211838,3,0,151,0
7000,'Saturday',505,,212719,29,,,0,33,,212763,29,,,0,70,,212765,29,,,0,30,,212766,29,,,0,70,,212720,29,,,0,30,,212761,29,,,0,71,,212758,29,,,0,21,,212762,29,,,0,21,,212759,29,,,0,61,,212760,29,,,0,21,,212757,29,,,0,21,,212764,29,,,0,61,,212767,29,,,0,21,,212721,29,,,0,21,,212727,29,,,0,61,,212728,29,,,0,21,,212726,29,,,0,61,,212725,29,,,0,21,,212724,29,,,0,21,,212754,29,,,0,61,,212751,29,,,0,21,,212748,29,,,0,21,,212745,29,,,0,61,,212742,29,,,0,21,,212739,29,,,0,21,,212736,29,,,0,61,,212733,29,,,0,21,,212731,29,,,0,21,,212756,29,,,0,61,,212753,29,,,0,21,,212750,29,,,0,21,,212747,29,,,0,61,,212744,29,,,0,21,,212741,29,,,0,21,,212738,29,,,0,61,,212735,29,,,0,21,,212732,29,,,0,61,,212730,29,,,0,21,,212755,29,,,0,21,,212752,29,,,0,62,,212749,29,,,0,22,,212746,29,,,0,21,,212743,29,,,0,61,,212740,29,,,0,31,,212737,29,,,0,70,,212729,29,,,0,30,,212722,29,,,0,70,,212723,29,,,0,30,,212734,29,,,0,70,,212769,29,,,0,30,,212768,29,,,0
7000,'Sunday',505,,212789,29,,,0,33,,212770,29,,,0,70,,212790,29,,,0,30,,212771,29,,,0,70,,212791,29,,,0,30,,212772,29,,,0,71,,212792,29,,,0,21,,212805,29,,,0,21,,212773,29,,,0,61,,212793,29,,,0,21,,212806,29,,,0,21,,212774,29,,,0,61,,212794,29,,,0,21,,212807,29,,,0,21,,212775,29,,,0,61,,212795,29,,,0,21,,212808,29,,,0,61,,212776,29,,,0,21,,212796,29,,,0,21,,212809,29,,,0,61,,212777,29,,,0,21,,212797,29,,,0,21,,212810,29,,,0,61,,212778,29,,,0,21,,212798,29,,,0,21,,212811,29,,,0,61,,212779,29,,,0,21,,212799,29,,,0,21,,212812,29,,,0,61,,212780,29,,,0,21,,212800,29,,,0,21,,212813,29,,,0,61,,212781,29,,,0,21,,212801,29,,,0,21,,212814,29,,,0,61,,212782,29,,,0,21,,212802,29,,,0,61,,212815,29,,,0,21,,212783,29,,,0,21,,212803,29,,,0,61,,212816,29,,,0,23,,212784,29,,,0,21,,212804,29,,,0,61,,212817,29,,,0,31,,212785,29,,,0,70,,212818,29,,,0,30,,212786,29,,,0,70,,212819,29,,,0,30,,212787,29,,,0,70,,212820,29,,,0,30,,212788,29,,,0
7000,'Weekday',504,,212821,29,,,0,33,,212822,29,,,0,70,,212823,29,,,0,15,,212824,29,,,0,16,,212825,29,,,0,15,,212881,29,,,0,56,,212826,29,,,0,16,,212827,29,,,0,17,,212828,29,,,0,16,,212829,29,,,0,57,,212830,29,,,0,17,,212831,29,,,0,17,,212832,29,,,0,57,,212833,29,,,0,15,,212834,29,,,0,16,,212835,29,,,0,15,,212836,29,,,0,61,,212837,29,,,0,21,,212838,29,,,0,21,,212839,29,,,0,61,,212840,29,,,0,21,,212841,29,,,0,21,,212842,29,,,0,61,,212843,29,,,0,21,,212844,29,,,0,61,,212845,29,,,0,21,,212846,29,,,0,21,,212847,29,,,0,61,,212848,29,,,0,21,,212849,29,,,0,21,,212850,29,,,0,62,,212851,29,,,0,17,,212852,29,,,0,17,,212853,29,,,0,17,,212854,29,,,0,57,,212855,29,,,0,16,,212856,29,,,0,16,,212857,29,,,0,57,,212858,29,,,0,17,,212859,29,,,0,16,,212860,29,,,0,17,,212861,29,,,0,55,,212862,29,,,0,16,,212863,29,,,0,17,,212864,29,,,0,57,,212865,29,,,0,21,,212866,29,,,0,22,,212867,29,,,0,61,,212868,29,,,0,20,,212869,29,,,0,20,,212870,29,,,0,60,,212871,29,,,0,21,,212872,29,,,0,21,,212873,29,,,0,61,,212874,29,,,0,20,,212875,29,,,0,21,,212876,29,,,0,70,,212877,29,,,0,30,,212878,29,,,0,70,,212879,29,,,0,30,,212880,29,,,0
