2800,'Saturday',603,,206497,38,,,0,30,,206503,38,,,0,70,,206495,38,,,0,30,,206511,38,,,0,70,,206501,38,,,0,30,,206509,38,,,0,70,,206494,38,,,0,30,,206516,38,,,0,70,,206496,38,,,0,30,,206513,38,,,0,70,,206498,38,,,0,30,,206512,38,,,0,70,,206499,38,,,0,30,,206514,38,,,0,70,,206500,38,,,0,30,,206515,38,,,0,70,,206485,38,,,0,30,,206504,38,,,0,70,,206486,38,,,0,30,,206508,38,,,0,70,,206487,38,,,0,30,,206502,38,,,0,70,,206488,38,,,0,30,,206507,38,,,0,70,,206489,38,,,0,30,,206505,38,,,0,70,,206490,38,,,0,30,,206506,38,,,0,70,,206491,38,,,0,30,,206510,38,,,0,70,,206492,38,,,0,30,,206517,38,,,0,72,,206493,38,,,0
2800,'Sunday',733,,206522,38,,,0,70,,206533,38,,,0,30,,206527,38,,,0,70,,206534,38,,,0,30,,206528,38,,,0,70,,206535,38,,,0,30,,206529,38,,,0,70,,206536,38,,,0,30,,206525,38,,,0,70,,206537,38,,,0,30,,206518,38,,,0,70,,206538,38,,,0,30,,206519,38,,,0,70,,206539,38,,,0,30,,206520,38,,,0,70,,206540,38,,,0,30,,206521,38,,,0,70,,206541,38,,,0,30,,206523,38,,,0,70,,206542,38,,,0,30,,206526,38,,,0,70,,206543,38,,,0,30,,206524,38,,,0,70,,206544,38,,,0,30,,206531,38,,,0,70,,206545,38,,,0,30,,206532,38,,,0,70,,206546,38,,,0,32,,206530,38,,,0,70,,206547,38,,,0
2800,'Weekday',532,,206549,21,,,0,72,,206550,38,,,0,38,,206551,38,,,0,70,,206567,38,,,0,30,,206552,38,,,0,70,,206568,38,,,0,30,,206553,38,,,0,70,,206570,38,,,0,30,,206554,38,,,0,70,,206569,38,,,0,30,,206555,38,,,0,70,,206571,38,,,0,30,,206557,38,,,0,70,,206572,38,,,0,30,,206556,38,,,0,70,,206574,38,,,0,30,,206558,38,,,0,70,,206573,38,,,0,30,,206559,38,,,0,70,,206576,38,,,0,30,,206560,38,,,0,70,,206577,38,,,0,30,,206561,38,,,0,70,,206575,38,,,0,30,,206562,38,,,0,70,,206578,38,,,0,30,,206563,38,,,0,65,,206579,38,,,0,28,,206548,38,,,0,69,,206581,38,,,0,30,,206564,38,,,0,70,,206582,38,,,0,30,,206565,38,,,0,70,,206583,38,,,0,30,,206566,38,,,0,70,,206580,38,,,0,30,,206585,38,,,0,70,,206584,38,,,0
4400,'Saturday',703,,208729,35,,,0,40,,208730,35,,,0,80,,208731,35,,,0,80,,208732,35,,,0,40,,208733,35,,,0,80,,208734,35,,,0,80,,208735,35,,,0,40,,208737,35,,,0,80,,208739,35,,,0,80,,208738,35,,,0,40,,208740,35,,,0,80,,208736,35,,,0,80,,208741,35,,,0,40,,208742,35,,,0,80,,208743,35,,,0,80,,208744,35,,,0,40,,208745,35,,,0,80,,208746,35,,,0,80,,208747,35,,,0,42,,208748,35,,,0
4400,'Weekday',545,,208749,35,,,0,80,,208750,35,,,0,80,,208751,35,,,0,38,,208752,35,,,0,73,,208753,35,,,0,40,,208755,35,,,0,89,,208756,35,,,0,80,,208754,35,,,0,80,,208758,35,,,0,40,,208759,35,,,0,80,,208757,35,,,0,80,,208760,35,,,0,40,,208761,35,,,0,80,,208762,35,,,0,88,,208764,35,,,0,34,,208765,35,,,0,78,,208766,35,,,0,80,,208763,35,,,0,40,,208767,35,,,0,80,,208768,35,,,0,80,,208769,35,,,0,40,,208770,35,,,0
8300,'Saturday',624,,214437,27,,,0,30,,214451,27,,,0,70,,214436,27,,,0,30,,214448,27,,,0,70,,214430,27,,,0,30,,214446,27,,,0,70,,214432,27,,,0,30,,214447,27,,,0,70,,214431,27,,,0,30,,214450,27,,,0,70,,214433,27,,,0,30,,214449,27,,,0,70,,214434,27,,,0,30,,214452,27,,,0,70,,214435,27,,,0,30,,214445,27,,,0,70,,214422,27,,,0,30,,214439,27,,,0,70,,214423,27,,,0,30,,214441,27,,,0,70,,214425,27,,,0,30,,214443,27,,,0,70,,214426,27,,,0,30,,214440,27,,,0,70,,214427,27,,,0,30,,214444,27,,,0,70,,214428,27,,,0,30,,214442,27,,,0,70,,214429,27,,,0,30,,214438,27,,,0,70,,214424,27,,,0,30,,214453,27,,,0
8300,'Sunday',754,,214463,27,,,0,70,,214470,27,,,0,30,,214464,27,,,0,70,,214469,27,,,0,30,,214461,27,,,0,70,,214472,27,,,0,30,,214462,27,,,0,70,,214471,27,,,0,30,,214465,27,,,0,70,,214473,27,,,0,30,,214454,27,,,0,70,,214475,27,,,0,30,,214455,27,,,0,70,,214474,27,,,0,30,,214456,27,,,0,70,,214477,27,,,0,30,,214457,27,,,0,70,,214476,27,,,0,30,,214458,27,,,0,70,,214478,27,,,0,30,,214459,27,,,0,70,,214479,27,,,0,30,,214466,27,,,0,70,,214480,27,,,0,30,,214467,27,,,0,70,,214481,27,,,0,30,,214468,27,,,0,70,,214482,27,,,0,32,,214460,27,,,0,70,,214483,27,,,0
8300,'Weekday',552,,214501,12,,,0,61,,214502,27,,,0,22,,214503,27,,,0,70,,214485,27,,,0,30,,214505,27,,,0,70,,214486,27,,,0,30,,214504,27,,,0,70,,214487,27,,,0,30,,214507,27,,,0,70,,214488,27,,,0,30,,214506,27,,,0,70,,214489,27,,,0,30,,214508,27,,,0,70,,214490,27,,,0,30,,214509,27,,,0,70,,214491,27,,,0,30,,214510,27,,,0,70,,214492,27,,,0,30,,214512,27,,,0,75,,214493,27,,,0,26,,214511,27,,,0,70,,214494,27,,,0,30,,214513,27,,,0,70,,214496,27,,,0,30,,214514,27,,,0,70,,214495,27,,,0,30,,214515,27,,,0,68,,214484,27,,,0,25,,214516,27,,,0,30,,214497,27,,,0,70,,214517,27,,,0,30,,214498,27,,,0,70,,214518,27,,,0,30,,214499,27,,,0,70,,214519,27,,,0,30,,214500,27,,,0,70,,214520,27,,,0
71200,'Weekday',834,,225986,12,0,29 158,0
71300,'Weekday',837,,225989,21,0,29 160,0
76001,'Weekday',832,,226104,5,0,48 49 78 164,0
