1900,'Saturday',642,,204831,10,,,0,75,,204816,10,,,0,35,,204810,10,,,0,75,,204824,10,,,0,75,,204832,10,,,0,35,,204818,10,,,0,75,,204809,10,,,0,35,,204826,10,,,0,75,,204833,10,,,0,35,,204817,10,,,0,71,,204811,10,,,0,20,,204838,10,,,0,68,,204825,10,,,0,28,,204834,10,,,0,68,,204819,10,,,0,28,,204812,10,,,0,68,,204840,10,,,0,28,,204828,10,,,0,68,,204835,10,,,0,28,,204820,10,,,0,68,,204813,10,,,0,28,,204841,10,,,0,28,,204827,10,,,0,68,,204837,10,,,0,35,,204821,10,,,0,75,,204814,10,,,0,75,,204830,10,,,0,35,,204836,10,,,0,75,,204823,10,,,0,35,,204815,10,,,0,75,,204829,10,,,0,75,,204839,10,,,0
1900,'Sunday',642,,204865,10,,,0,75,,204850,10,,,0,35,,204843,10,,,0,75,,204857,10,,,0,75,,204866,10,,,0,35,,204851,10,,,0,75,,204844,10,,,0,35,,204860,10,,,0,75,,204867,10,,,0,35,,204852,10,,,0,71,,204845,10,,,0,20,,204873,10,,,0,68,,204859,10,,,0,28,,204869,10,,,0,68,,204853,10,,,0,28,,204846,10,,,0,68,,204874,10,,,0,28,,204861,10,,,0,68,,204868,10,,,0,28,,204854,10,,,0,68,,204847,10,,,0,28,,204875,10,,,0,28,,204862,10,,,0,68,,204870,10,,,0,35,,204855,10,,,0,75,,204848,10,,,0,75,,204863,10,,,0,35,,204871,10,,,0,75,,204856,10,,,0,35,,204849,10,,,0,75,,204864,10,,,0,75,,204872,10,,,0
1900,'Weekday',521,,204901,10,,,0,30,,204909,10,,,0,65,,204877,10,,,0,34,,204885,10,,,0,64,,204894,10,,,0,35,,204902,10,,,0,5,,204876,10,0,45 46 47,0,73,,204910,10,,,0,31,,204879,10,,,0,72,,204886,10,,,0,72,,204895,10,,,0,32,,204903,10,,,0,72,,204911,10,,,0,32,,204878,10,,,0,72,,204887,10,,,0,32,,204896,10,,,0,72,,204904,10,,,0,32,,204912,10,,,0,72,,204880,10,,,0,33,,204888,10,,,0,72,,204897,10,,,0,32,,204905,10,,,0,71,,204913,10,,,0,32,,204881,10,,,0,72,,204889,10,,,0,72,,204898,10,,,0,29,,204906,10,,,0,26,,204914,10,,,0,70,,204882,10,,,0,30,,204890,10,,,0,70,,204899,10,,,0,30,,204907,10,,,0,70,,204915,10,,,0,30,,204883,10,,,0,70,,204891,10,,,0,29,,204900,10,,,0,70,,204908,10,,,0,30,,204916,10,,,0,70,,204884,10,,,0,30,,204892,10,,,0
1900,'Weekday1111000',1455,,204917,10,0,45 46 47,0
5301,'Saturday',606,,209976,8,,,0,30,,210004,8,,,0,71,,209977,8,,,0,31,,209981,8,,,0,71,,209992,8,,,0,31,,209982,8,,,0,71,,209993,8,,,0,31,,209983,8,,,0,71,,209994,8,,,0,31,,209984,8,,,0,71,,209995,8,,,0,31,,209985,8,,,0,71,,209996,8,,,0,31,,209986,8,,,0,71,,209997,8,,,0,31,,209987,8,,,0,71,,209998,8,,,0,31,,209988,8,,,0,71,,210000,8,,,0,31,,209989,8,,,0,71,,209999,8,,,0,31,,209990,8,,,0,71,,210001,8,,,0,31,,209991,8,,,0,71,,210002,8,,,0,71,,209978,8,,,0,31,,210003,8,,,0,71,,209979,8,,,0,31,,210005,8,,,0,71,,209980,8,,,0,37,,210006,8,,,0
5301,'Sunday',606,,210007,8,,,0,30,,210023,8,,,0,71,,210008,8,,,0,31,,210024,8,,,0,71,,210009,8,,,0,31,,210025,8,,,0,71,,210010,8,,,0,31,,210026,8,,,0,71,,210011,8,,,0,31,,210027,8,,,0,71,,210012,8,,,0,31,,210029,8,,,0,71,,210013,8,,,0,31,,210028,8,,,0,71,,210014,8,,,0,31,,210030,8,,,0,71,,210015,8,,,0,31,,210031,8,,,0,71,,210016,8,,,0,31,,210032,8,,,0,71,,210017,8,,,0,31,,210033,8,,,0,71,,210018,8,,,0,31,,210034,8,,,0,71,,210019,8,,,0,71,,210035,8,,,0,31,,210021,8,,,0,71,,210036,8,,,0,31,,210020,8,,,0,71,,210037,8,,,0,37,,210022,8,,,0
5301,'Weekday',551,,210054,8,,,0,77,,210038,8,,,0,76,,210055,8,,,0,36,,210039,8,,,0,75,,210056,8,,,0,36,,210040,8,,,0,76,,210058,8,,,0,76,,210041,8,,,0,36,,210059,8,,,0,76,,210042,8,,,0,36,,210060,8,,,0,76,,210043,8,,,0,76,,210057,8,,,0,36,,210044,8,,,0,76,,210061,8,,,0,36,,210045,8,,,0,77,,210062,8,,,0,76,,210046,8,,,0,36,,210063,8,,,0,76,,210047,8,,,0,36,,210064,8,,,0,76,,210048,8,,,0,75,,210065,8,,,0,36,,210049,8,,,0,76,,210066,8,,,0,36,,210050,8,,,0,76,,210067,8,,,0,74,,210051,8,,,0,36,,210068,8,,,0,76,,210052,8,,,0,36,,210069,8,,,0,76,,210053,8,,,0,76,,210070,8,,,0
6500,'Saturday',633,,211895,41,,,0,80,,211908,41,,,0,40,,211896,41,,,0,80,,211909,41,,,0,80,,211897,41,,,0,40,,211910,41,,,0,82,,211898,41,,,0,78,,211911,41,,,0,28,,211886,41,,,0,68,,211899,41,,,0,28,,211912,41,,,0,68,,211887,41,,,0,28,,211900,41,,,0,68,,211913,41,,,0,28,,211888,41,,,0,28,,211901,41,,,0,68,,211914,41,,,0,28,,211889,41,,,0,68,,211902,41,,,0,28,,211915,41,,,0,68,,211890,41,,,0,28,,211903,41,,,0,68,,211916,41,,,0,27,,211891,41,,,0,73,,211904,41,,,0,42,,211892,41,,,0,79,,211905,41,,,0,81,,211893,41,,,0,39,,211906,41,,,0,80,,211894,41,,,0,83,,211907,41,,,0
6500,'Sunday',633,,211926,41,,,0,80,,211939,41,,,0,40,,211927,41,,,0,80,,211940,41,,,0,80,,211928,41,,,0,40,,211941,41,,,0,82,,211929,41,,,0,78,,211942,41,,,0,28,,211917,41,,,0,68,,211930,41,,,0,28,,211943,41,,,0,68,,211918,41,,,0,28,,211931,41,,,0,68,,211944,41,,,0,28,,211919,41,,,0,28,,211932,41,,,0,68,,211945,41,,,0,28,,211920,41,,,0,68,,211933,41,,,0,28,,211946,41,,,0,68,,211921,41,,,0,28,,211934,41,,,0,68,,211947,41,,,0,27,,211922,41,,,0,73,,211935,41,,,0,42,,211923,41,,,0,79,,211936,41,,,0,81,,211924,41,,,0,39,,211937,41,,,0,80,,211925,41,,,0,83,,211938,41,,,0
6500,'Weekday',543,,211960,41,,,0,83,,211973,41,,,0,25,,211948,41,,,0,67,,211961,41,,,0,24,,211950,41,,,0,64,,211974,41,,,0,24,,211949,41,,,0,24,,211962,41,,,0,81,,211975,41,,,0,83,,211963,41,,,0,83,,211976,41,,,0,43,,211964,41,,,0,83,,211977,41,,,0,83,,211965,41,,,0,26,,211954,41,,,0,17,,211978,41,,,0,66,,211951,41,,,0,21,,211966,41,,,0,63,,211955,41,,,0,24,,211979,41,,,0,24,,211952,41,,,0,63,,211967,41,,,0,24,,211956,41,,,0,64,,211980,41,,,0,24,,211953,41,,,0,24,,211968,41,,,0,65,,211957,41,,,0,24,,211981,41,,,0,73,,211969,41,,,0,27,,211958,41,,,0,70,,211982,41,,,0,30,,211970,41,,,0,70,,211959,41,,,0,27,,211983,41,,,0,82,,211971,41,,,0,41,,211984,41,,,0,83,,211972,41,,,0,84,,211985,41,,,0
42201,'Saturday',614,,225401,16,,,0,100,,225402,16,,,0,100,,225403,16,,,0,100,,225405,16,,,0,100,,225404,16,,,0,100,,225406,16,,,0,100,,225407,16,,,0,100,,225408,16,,,0,100,,225409,16,,,0,100,,225411,16,,,0,100,,225410,16,,,0,100,,225412,16,,,0,100,,225413,16,,,0,100,,225414,16,,,0
42201,'Sunday',614,,225415,16,,,0,100,,225418,16,,,0,100,,225416,16,,,0,100,,225417,16,,,0,100,,225420,16,,,0,100,,225419,16,,,0,100,,225421,16,,,0,100,,225422,16,,,0,100,,225425,16,,,0,100,,225423,16,,,0,100,,225424,16,,,0,100,,225428,16,,,0,100,,225426,16,,,0,100,,225427,16,,,0
42201,'Weekday',614,,225429,16,,,0,30,,225446,16,,,0,70,,225430,16,,,0,30,,225451,16,,,0,70,,225431,16,,,0,30,,225445,16,,,0,70,,225432,16,,,0,30,,225453,16,,,0,70,,225434,16,,,0,30,,225448,16,,,0,70,,225433,16,,,0,30,,225452,16,,,0,70,,225435,16,,,0,30,,225450,16,,,0,70,,225436,16,,,0,30,,225454,16,,,0,70,,225437,16,,,0,39,,225455,16,,,0,61,,225438,16,,,0,30,,225447,16,,,0,70,,225440,16,,,0,30,,225456,16,,,0,70,,225439,16,,,0,30,,225449,16,,,0,70,,225441,16,,,0,100,,225442,16,,,0,100,,225443,16,,,0,100,,225444,16,,,0
