2301,'Saturday',538,,205868,47,0,80 12 53,0,19,,205867,47,0,80 12 53,0,59,,205927,47,0,80 12 53,0,19,,205928,47,0,80 12 53,0,19,,205925,47,0,80 12 53,0,59,,205929,47,0,80 12 53,0,19,,205930,47,0,80 12 53,0,19,,205931,47,0,80 12 53,0,59,,205905,47,0,80 12 53,0,19,,205923,47,0,80 12 53,0,19,,205891,47,0,80 12 53,0,59,,205924,47,0,80 12 53,0,19,,205892,47,0,80 12 53,0,19,,205893,47,0,80 12 53,0,59,,205894,47,0,80 12 53,0,19,,205896,47,0,80 12 53,0,23,,205897,47,0,80 12 53,0,61,,205898,47,0,80 12 53,0,19,,205895,47,0,80 12 53,0,19,,205899,47,0,80 12 53,0,59,,205900,47,0,80 12 53,0,19,,205902,47,0,80 12 53,0,19,,205903,47,0,80 12 53,0,59,,205904,47,0,80 12 53,0,18,,205886,47,0,80 12 53,0,18,,205890,47,0,80 12 53,0,19,,205889,47,0,80 12 53,0,59,,205885,47,0,80 12 53,0,19,,205888,47,0,80 12 53,0,19,,205887,47,0,80 12 53,0,59,,205882,47,0,80 12 53,0,19,,205880,47,0,80 12 53,0,19,,205883,47,0,80 12 53,0,60,,205884,47,0,80 12 53,0,19,,205906,47,0,80 12 53,0,19,,205907,47,0,80 12 53,0,59,,205910,47,0,80 12 53,0,19,,205912,47,0,80 12 53,0,19,,205908,47,0,80 12 53,0,58,,205909,47,0,80 12 53,0,18,,205911,47,0,80 12 53,0,18,,205913,47,0,80 12 53,0,19,,205914,47,0,80 12 53,0,58,,205915,47,0,80 12 53,0,19,,205916,47,0,80 12 53,0,19,,205917,47,0,80 12 53,0,58,,205918,47,0,80 12 53,0,17,,205919,47,0,80 12 53,0,16,,205920,47,0,80 12 53,0,58,,205921,47,0,80 12 53,0,19,,205881,47,0,80 12 53,0,20,,205901,47,0,80 12 53,0,63,,205879,47,0,80 12 53,0,20,,205878,47,0,80 12 53,0,19,,205870,47,0,80 12 53,0,59,,205877,47,0,80 12 53,0,18,,205873,47,0,80 12 53,0,19,,205875,47,0,80 12 53,0,19,,205871,47,0,80 12 53,0,59,,205872,47,0,80 12 53,0,18,,205874,47,0,80 12 53,0,18,,205926,47,0,80 12 53,0,58,,205876,47,0,80 12 53,0,18,,205922,47,0,80 12 53,0,18,,205869,47,0,80 12 53,0
2301,'Sunday',538,,205932,47,0,80 12 53,0,19,,205933,47,0,80 12 53,0,59,,205936,47,0,80 12 53,0,19,,205940,47,0,80 12 53,0,19,,205935,47,0,80 12 53,0,59,,205934,47,0,80 12 53,0,19,,205937,47,0,80 12 53,0,19,,205938,47,0,80 12 53,0,59,,205939,47,0,80 12 53,0,19,,205941,47,0,80 12 53,0,19,,205942,47,0,80 12 53,0,59,,205943,47,0,80 12 53,0,19,,205944,47,0,80 12 53,0,19,,205945,47,0,80 12 53,0,59,,205946,47,0,80 12 53,0,19,,205948,47,0,80 12 53,0,23,,205949,47,0,80 12 53,0,61,,205947,47,0,80 12 53,0,19,,205952,47,0,80 12 53,0,19,,205953,47,0,80 12 53,0,59,,205950,47,0,80 12 53,0,19,,205954,47,0,80 12 53,0,19,,205951,47,0,80 12 53,0,59,,205955,47,0,80 12 53,0,18,,205957,47,0,80 12 53,0,18,,205958,47,0,80 12 53,0,19,,205956,47,0,80 12 53,0,59,,205959,47,0,80 12 53,0,19,,205960,47,0,80 12 53,0,19,,205961,47,0,80 12 53,0,59,,205962,47,0,80 12 53,0,19,,205963,47,0,80 12 53,0,19,,205964,47,0,80 12 53,0,60,,205965,47,0,80 12 53,0,19,,205966,47,0,80 12 53,0,19,,205967,47,0,80 12 53,0,59,,205968,47,0,80 12 53,0,19,,205970,47,0,80 12 53,0,19,,205969,47,0,80 12 53,0,58,,205971,47,0,80 12 53,0,18,,205972,47,0,80 12 53,0,18,,205973,47,0,80 12 53,0,19,,205974,47,0,80 12 53,0,58,,205975,47,0,80 12 53,0,19,,205976,47,0,80 12 53,0,19,,205977,47,0,80 12 53,0,58,,205978,47,0,80 12 53,0,17,,205979,47,0,80 12 53,0,16,,205980,47,0,80 12 53,0,58,,205981,47,0,80 12 53,0,19,,205982,47,0,80 12 53,0,20,,205983,47,0,80 12 53,0,63,,205984,47,0,80 12 53,0,20,,205986,47,0,80 12 53,0,19,,205985,47,0,80 12 53,0,59,,205987,47,0,80 12 53,0,18,,205988,47,0,80 12 53,0,19,,205989,47,0,80 12 53,0,19,,205990,47,0,80 12 53,0,59,,205992,47,0,80 12 53,0,18,,205991,47,0,80 12 53,0,18,,205993,47,0,80 12 53,0,58,,205994,47,0,80 12 53,0,18,,205995,47,0,80 12 53,0,18,,205996,47,0,80 12 53,0
2301,'Weekday',456,,206000,47,0,80 12 53,0,55,,206055,47,0,80 12 53,0,15,,205999,47,0,80 12 53,0,11,,206056,47,0,80 12 53,0,11,,206066,47,0,80 12 53,0,10,,206051,47,0,80 12 53,0,51,,206004,47,0,80 12 53,0,12,,206010,47,0,80 12 53,0,10,,206006,47,0,80 12 53,0,8,,206015,47,0,80 12 53,0,7,,206067,47,0,80 12 53,0,8,,206025,47,0,80 12 53,0,50,,206001,47,0,80 12 53,0,9,,206008,47,0,80 12 53,0,11,,205997,47,0,80 12 53,0,10,,206031,47,0,80 12 53,0,10,,206003,47,0,80 12 53,0,10,,206036,47,0,80 12 53,0,50,,206002,47,0,80 12 53,0,10,,206020,47,0,80 12 53,0,9,,206057,47,0,80 12 53,0,9,,206041,47,0,80 12 53,0,10,,206005,47,0,80 12 53,0,12,,206011,47,0,80 12 53,0,51,,206007,47,0,80 12 53,0,10,,206016,47,0,80 12 53,0,9,,206064,47,0,80 12 53,0,9,,206026,47,0,80 12 53,0,10,,206009,47,0,80 12 53,0,10,,206062,47,0,80 12 53,0,50,,206034,47,0,80 12 53,0,10,,206063,47,0,80 12 53,0,10,,206038,47,0,80 12 53,0,20,,206021,47,0,80 12 53,0,60,,206042,47,0,80 12 53,0,20,,206012,47,0,80 12 53,0,22,,206017,47,0,80 12 53,0,62,,206027,47,0,80 12 53,0,22,,206032,47,0,80 12 53,0,22,,206037,47,0,80 12 53,0,62,,206022,47,0,80 12 53,0,22,,206043,47,0,80 12 53,0,22,,206018,47,0,80 12 53,0,62,,206028,47,0,80 12 53,0,22,,206033,47,0,80 12 53,0,16,,206065,47,0,80 12 53,0,57,,206039,47,0,80 12 53,0,16,,206061,47,0,80 12 53,0,16,,206023,47,0,80 12 53,0,56,,206060,47,0,80 12 53,0,10,,206079,47,0,80 12 53,0,10,,206044,47,0,80 12 53,0,11,,206045,47,0,80 12 53,0,16,,206013,47,0,80 12 53,0,57,,206019,47,0,80 12 53,0,15,,206029,47,0,80 12 53,0,16,,206048,47,0,80 12 53,0,16,,206035,47,0,80 12 53,0,56,,206047,47,0,80 12 53,0,16,,206040,47,0,80 12 53,0,15,,206050,47,0,80 12 53,0,14,,206024,47,0,80 12 53,0,54,,206046,47,0,80 12 53,0,14,,206014,47,0,80 12 53,0,16,,206030,47,0,80 12 53,0,16,,206049,47,0,80 12 53,0,56,,205998,47,0,80 12 53,0,17,,206052,47,0,80 12 53,0,17,,206059,47,0,80 12 53,0,14,,206053,47,0,80 12 53,0,55,,206054,47,0,80 12 53,0,19,,206058,47,0,80 12 53,0,26,,206068,47,0,80 12 53,0,64,,206069,47,0,80 12 53,0,21,,206070,47,0,80 12 53,0,64,,206071,47,0,80 12 53,0,26,,206072,47,0,80 12 53,0,26,,206073,47,0,80 12 53,0,66,,206074,47,0,80 12 53,0,26,,206075,47,0,80 12 53,0,64,,206078,47,0,80 12 53,0,26,,206077,47,0,80 12 53,0,67,,206076,47,0,80 12 53,0
15200,'Weekday',618,,221105,18,,,0,20,,221107,18,,,0,20,,221104,18,,,0,60,,221109,18,,,0,20,,221106,18,,,0,20,,221108,18,,,0,60,,221110,18,,,0,20,,221111,18,,,0,20,,221112,18,,,0,60,,221113,18,,,0,20,,221133,18,,,0,20,,221134,18,,,0,60,,221131,18,,,0,20,,221132,18,,,0,20,,221135,18,,,0,60,,221136,18,,,0,20,,221137,18,,,0,20,,221138,18,,,0,60,,221139,18,,,0,20,,221140,18,,,0,20,,221129,18,,,0,60,,221125,18,,,0,20,,221130,18,,,0,20,,221128,18,,,0,60,,221126,18,,,0,20,,221127,18,,,0,20,,221116,18,,,0,60,,221117,18,,,0,20,,221114,18,,,0,20,,221115,18,,,0,60,,221118,18,,,0,20,,221119,18,,,0,20,,221120,18,,,0,60,,221121,18,,,0,20,,221122,18,,,0,20,,221123,18,,,0,60,,221141,18,,,0,15,,221124,18,,,0
15301,'Saturday',644,,221247,18,,,0,77,,221245,18,,,0,37,,221248,18,,,0,77,,221246,18,,,0,77,,221253,18,,,0,37,,221256,18,,,0,77,,221257,18,,,0,77,,221258,18,,,0,37,,221259,18,,,0,77,,221260,18,,,0,37,,221261,18,,,0,77,,221262,18,,,0,77,,221263,18,,,0,37,,221264,18,,,0,77,,221265,18,,,0,37,,221266,18,,,0,77,,221267,18,,,0,77,,221268,18,,,0,37,,221269,18,,,0,77,,221270,18,,,0,77,,221271,18,,,0,37,,221250,18,,,0,77,,221251,18,,,0,37,,221252,18,,,0,77,,221254,18,,,0,77,,221255,18,,,0,37,,221249,18,,,0
15301,'Sunday',834,,221295,18,,,0,79,,221273,18,,,0,37,,221278,18,,,0,77,,221281,18,,,0,77,,221279,18,,,0,37,,221282,18,,,0,77,,221284,18,,,0,37,,221285,18,,,0,77,,221286,18,,,0,77,,221283,18,,,0,37,,221280,18,,,0,77,,221288,18,,,0,77,,221289,18,,,0,37,,221290,18,,,0,77,,221292,18,,,0,37,,221293,18,,,0,77,,221287,18,,,0,76,,221291,18,,,0,36,,221294,18,,,0,77,,221274,18,,,0,37,,221276,18,,,0,76,,221277,18,,,0,75,,221275,18,,,0,32,,221272,18,,,0
15301,'Weekday',603,,221296,18,,,0,26,,221300,18,,,0,24,,221318,18,,,0,66,,221297,18,,,0,25,,221301,18,,,0,10,,221334,18,,,0,52,,221319,18,,,0,10,,221335,18,,,0,8,,221336,18,,,0,8,,221298,18,,,0,15,,221338,18,,,0,55,,221302,18,,,0,25,,221320,18,,,0,25,,221341,18,,,0,65,,221303,18,,,0,25,,221321,18,,,0,65,,221342,18,,,0,25,,221304,18,,,0,25,,221322,18,,,0,65,,221343,18,,,0,25,,221305,18,,,0,65,,221323,18,,,0,25,,221344,18,,,0,65,,221306,18,,,0,25,,221324,18,,,0,26,,221345,18,,,0,65,,221307,18,,,0,26,,221348,18,,,0,14,,221325,18,,,0,51,,221315,18,,,0,11,,221346,18,,,0,11,,221333,18,,,0,11,,221308,18,,,0,11,,221316,18,,,0,51,,221337,18,,,0,11,,221299,18,0,42 202,0,14,,221326,18,,,0,8,,221339,18,0,42 202,0,11,,221347,18,0,42 202,0,11,,221332,18,0,42 202,0,51,,221309,18,,,0,10,,221317,18,0,42 202,0,26,,221327,18,,,0,76,,221310,18,,,0,36,,221328,18,,,0,76,,221311,18,,,0,75,,221329,18,,,0,36,,221312,18,,,0,76,,221330,18,,,0,36,,221313,18,,,0,76,,221331,18,,,0,76,,221314,18,,,0
30201,'Saturday',608,,223637,23,,,0,25,,223645,23,,,0,25,,223663,23,,,0,66,,223627,23,,,0,26,,223654,23,,,0,66,,223638,23,,,0,26,,223646,23,,,0,65,,223664,23,,,0,25,,223629,23,,,0,26,,223655,23,,,0,67,,223639,23,,,0,27,,223647,23,,,0,65,,223665,23,,,0,25,,223628,23,,,0,66,,223656,23,,,0,26,,223640,23,,,0,66,,223649,23,,,0,25,,223666,23,,,0,25,,223630,23,,,0,66,,223657,23,,,0,26,,223642,23,,,0,66,,223648,23,,,0,25,,223636,23,,,0,25,,223631,23,,,0,66,,223658,23,,,0,26,,223643,23,,,0,66,,223650,23,,,0,25,,223653,23,,,0,65,,223632,23,,,0,25,,223659,23,,,0,25,,223644,23,,,0,66,,223651,23,,,0,25,,223635,23,,,0,65,,223633,23,,,0,26,,223660,23,,,0,66,,223641,23,,,0,26,,223652,23,,,0,25,,223662,23,,,0,65,,223634,23,,,0,32,,223661,23,,,0,72,,223668,23,,,0,32,,223667,23,,,0,75,,223669,23,,,0,75,,223670,23,,,0
30201,'Sunday',609,,223680,23,,,0,25,,223710,23,,,0,25,,223696,23,,,0,66,,223672,23,,,0,26,,223687,23,,,0,66,,223681,23,,,0,26,,223707,23,,,0,65,,223697,23,,,0,25,,223673,23,,,0,26,,223690,23,,,0,67,,223682,23,,,0,26,,223704,23,,,0,65,,223698,23,,,0,25,,223674,23,,,0,66,,223689,23,,,0,26,,223683,23,,,0,66,,223705,23,,,0,25,,223699,23,,,0,25,,223675,23,,,0,66,,223691,23,,,0,26,,223685,23,,,0,66,,223708,23,,,0,25,,223700,23,,,0,25,,223676,23,,,0,66,,223692,23,,,0,26,,223686,23,,,0,66,,223706,23,,,0,25,,223701,23,,,0,65,,223678,23,,,0,25,,223693,23,,,0,26,,223688,23,,,0,66,,223709,23,,,0,25,,223702,23,,,0,65,,223677,23,,,0,26,,223695,23,,,0,66,,223684,23,,,0,26,,223711,23,,,0,25,,223703,23,,,0,65,,223679,23,,,0,32,,223694,23,,,0,72,,223713,23,,,0,32,,223712,23,,,0,75,,223714,23,,,0
30201,'Weekday',543,,223734,23,,,0,65,,223743,23,,,0,22,,223751,23,,,0,20,,223733,23,,,0,61,,223735,23,,,0,21,,223717,23,,,0,9,,223768,23,,,0,62,,223724,23,,,0,9,,223769,23,,,0,10,,223736,23,,,0,14,,223742,23,,,0,19,,223752,23,,,0,57,,223767,23,,,0,13,,223737,23,,,0,27,,223718,23,,,0,63,,223726,23,,,0,26,,223744,23,,,0,62,,223753,23,,,0,25,,223738,23,,,0,26,,223719,23,,,0,64,,223727,23,,,0,25,,223745,23,,,0,65,,223754,23,,,0,27,,223739,23,,,0,24,,223720,23,,,0,64,,223730,23,,,0,25,,223746,23,,,0,71,,223755,23,,,0,24,,223760,23,,,0,57,,223740,23,,,0,17,,223721,23,,,0,9,,223770,23,,,0,16,,223731,23,,,0,8,,223771,23,,,0,54,,223747,23,,,0,10,,223765,23,,,0,16,,223762,23,,,0,12,,223756,23,,,0,60,,223761,23,,,0,22,,223741,23,,,0,12,,223723,23,,,0,20,,223728,23,,,0,63,,223748,23,,,0,19,,223764,23,,,0,17,,223757,23,,,0,65,,223758,23,,,0,25,,223722,23,,,0,65,,223732,23,,,0,23,,223749,23,,,0,67,,223759,23,,,0,25,,223763,23,,,0,24,,223725,23,,,0,82,,223750,23,,,0,69,,223774,23,,,0,31,,223775,23,,,0,75,,223773,23,,,0
