3400,'Saturday',650,,207067,1,,,0,69,,207067,39,4,,0,5,,207068,1,,,0,29,,207068,39,4,,0,5,,207066,1,,,0,69,,207066,39,4,,0,5,,207069,1,,,0,69,,207069,39,4,,0,5,,207070,1,,,0,29,,207070,39,4,,0,5,,207073,1,,,0,72,,207073,39,4,,0,5,,207075,1,,,0,32,,207075,39,4,,0,5,,207076,1,,,0,76,,207076,39,4,,0,5,,207071,1,,,0,77,,207071,39,4,,0,5,,207072,1,,,0,37,,207072,39,4,,0,5,,207077,1,,,0,77,,207077,39,4,,0,5,,207074,1,,,0,77,,207074,39,4,,0,5,,207078,1,,,0,77,,207078,39,4,,0,5,,207082,1,,,0,37,,207082,39,4,,0,5,,207083,1,,,0,77,,207083,39,4,,0,5,,207079,1,,,0,77,,207079,39,4,,0,5,,207080,1,,,0,35,,207080,39,4,,0,5,,207084,1,,,0,72,,207084,39,4,,0,5,,207081,1,,,0,72,,207081,39,4,,0,5,,207085,1,,,0,32,,207085,39,4,,0,5,,207087,1,,,0,72,,207087,39,4,,0,5,,207088,1,,,0,32,,207088,39,4,,0,5,,207089,1,,,0,72,,207089,39,4,,0,5,,207086,1,,,0,72,,207086,39,4,,0,5,,207090,1,,,0,32,,207090,39,4,,0
3400,'Sunday',650,,207092,1,,,0,69,,207092,39,4,,0,5,,207093,1,,,0,29,,207093,39,4,,0,5,,207094,1,,,0,69,,207094,39,4,,0,5,,207091,1,,,0,69,,207091,39,4,,0,5,,207095,1,,,0,29,,207095,39,4,,0,5,,207096,1,,,0,72,,207096,39,4,,0,5,,207097,1,,,0,32,,207097,39,4,,0,5,,207098,1,,,0,76,,207098,39,4,,0,5,,207099,1,,,0,77,,207099,39,4,,0,5,,207100,1,,,0,37,,207100,39,4,,0,5,,207101,1,,,0,77,,207101,39,4,,0,5,,207102,1,,,0,77,,207102,39,4,,0,5,,207103,1,,,0,77,,207103,39,4,,0,5,,207104,1,,,0,37,,207104,39,4,,0,5,,207105,1,,,0,77,,207105,39,4,,0,5,,207106,1,,,0,77,,207106,39,4,,0,5,,207107,1,,,0,35,,207107,39,4,,0,5,,207108,1,,,0,72,,207108,39,4,,0,5,,207109,1,,,0,72,,207109,39,4,,0,5,,207110,1,,,0,32,,207110,39,4,,0,5,,207111,1,,,0,72,,207111,39,4,,0,5,,207112,1,,,0,32,,207112,39,4,,0,5,,207113,1,,,0,72,,207113,39,4,,0,5,,207114,1,,,0,72,,207114,39,4,,0,5,,207115,1,,,0,32,,207115,39,4,,0
3400,'Weekday',457,,207117,1,,,0,57,,207118,1,,,0,12,,207117,39,4,,0,5,,207116,1,,,0,12,,207118,39,4,,0,5,,207120,1,,,0,52,,207116,39,4,,0,5,,207121,1,,,0,12,,207120,39,4,,0,5,,207119,1,,,0,13,,207121,39,4,,0,5,,207122,1,,,0,15,,207119,39,4,,0,45,,207123,1,,,0,15,,207122,39,4,,0,5,,207124,1,,,0,15,,207123,39,4,,0,5,,207125,1,,,0,15,,207124,39,4,,0,45,,207126,1,,,0,15,,207125,39,4,,0,5,,207127,1,,,0,15,,207126,39,4,,0,5,,207128,1,,,0,15,,207127,39,4,,0,45,,207129,1,,,0,13,,207128,39,4,,0,7,,207130,1,,,0,13,,207129,39,4,,0,7,,207132,1,,,0,13,,207130,39,4,,0,47,,207133,1,,,0,13,,207132,39,4,,0,7,,207131,1,,,0,13,,207133,39,4,,0,7,,207134,1,,,0,13,,207131,39,4,,0,47,,207136,1,,,0,13,,207134,39,4,,0,7,,207137,1,,,0,13,,207136,39,4,,0,7,,207138,1,,,0,13,,207137,39,4,,0,47,,207135,1,,,0,13,,207138,39,4,,0,7,,207139,1,,,0,13,,207135,39,4,,0,7,,207140,1,,,0,13,,207139,39,4,,0,47,,207141,1,,,0,13,,207140,39,4,,0,7,,207142,1,,,0,13,,207141,39,4,,0,7,,207143,1,,,0,13,,207142,39,4,,0,47,,207144,1,,,0,13,,207143,39,4,,0,7,,207146,1,,,0,14,,207144,39,4,,0,6,,207147,1,,,0,17,,207146,39,4,,0,45,,207148,1,,,0,13,,207147,39,4,,0,9,,207145,1,,,0,16,,207148,39,4,,0,6,,207150,1,,,0,56,,207145,39,4,,0,6,,207151,1,,,0,15,,207150,39,4,,0,7,,207149,1,,,0,14,,207151,39,4,,0,7,,207155,1,,,0,54,,207149,39,4,,0,7,,207154,1,,,0,14,,207155,39,4,,0,7,,207156,1,,,0,14,,207154,39,4,,0,6,,207152,1,,,0,55,,207156,39,4,,0,5,,207153,1,,,0,15,,207152,39,4,,0,5,,207158,1,,,0,12,,207153,39,4,,0,8,,207157,1,,,0,50,,207158,39,4,,0,10,,207160,1,,,0,10,,207157,39,4,,0,10,,207159,1,,,0,10,,207160,39,4,,0,60,,207159,39,4,,0,5,,207161,1,,,0,30,,207161,39,4,,0,5,,207163,1,,,0,70,,207163,39,4,,0,5,,207164,1,,,0,30,,207164,39,4,,0,5,,207162,1,,,0,70,,207162,39,4,,0,5,,207165,1,,,0,30,,207165,39,4,,0,45,,207166,1,,,0,30,,207166,39,4,,0,5,,207167,1,,,0,70,,207167,39,4,,0
4300,'Saturday',502,,208363,4,,,0,24,,208365,4,,,0,24,,208364,4,,,0,64,,208367,58,,,0,24,,208366,58,,,0,64,,208368,58,,,0,24,,208370,58,,,0,24,,208371,58,,,0,64,,208372,58,,,0,24,,208369,58,,,0,64,,208373,58,,,0,24,,208375,58,,,0,28,,208374,58,,,0,66,,208376,58,,,0,26,,208379,58,,,0,59,,208377,58,,,0,19,,208378,58,,,0,21,,208380,58,,,0,61,,208381,58,,,0,19,,208382,58,,,0,19,,208386,58,,,0,60,,208383,58,,,0,21,,208384,58,,,0,20,,208385,58,,,0,60,,208387,58,,,0,21,,208391,58,,,0,21,,208392,58,,,0,60,,208389,58,,,0,20,,208388,58,,,0,20,,208390,58,,,0,60,,208398,58,,,0,20,,208399,58,,,0,20,,208397,58,,,0,61,,208394,58,,,0,21,,208396,58,,,0,20,,208395,58,,,0,60,,208393,58,,,0,20,,208404,58,,,0,20,,208400,58,,,0,60,,208402,58,,,0,18,,208407,58,,,0,16,,208403,58,,,0,60,,208405,58,,,0,20,,208401,58,,,0,19,,208406,58,,,0,60,,208408,58,,,0,19,,208409,58,,,0,19,,208411,58,,,0,70,,208412,58,,,0,30,,208410,58,,,0,70,,208413,58,,,0,30,,208414,58,,,0,70,,208415,58,,,0,30,,208416,58,,,0,70,,208417,58,,,0
4300,'Sunday',502,,208469,4,,,0,24,,208470,4,,,0,24,,208471,4,,,0,64,,208418,58,,,0,24,,208419,58,,,0,64,,208420,58,,,0,24,,208421,58,,,0,24,,208422,58,,,0,64,,208423,58,,,0,24,,208424,58,,,0,64,,208425,58,,,0,24,,208426,58,,,0,28,,208427,58,,,0,66,,208428,58,,,0,26,,208429,58,,,0,59,,208430,58,,,0,19,,208431,58,,,0,21,,208432,58,,,0,61,,208433,58,,,0,19,,208434,58,,,0,19,,208435,58,,,0,60,,208436,58,,,0,21,,208437,58,,,0,20,,208438,58,,,0,60,,208439,58,,,0,21,,208440,58,,,0,21,,208441,58,,,0,60,,208442,58,,,0,20,,208443,58,,,0,20,,208444,58,,,0,60,,208445,58,,,0,20,,208472,58,,,0,20,,208446,58,,,0,61,,208447,58,,,0,21,,208448,58,,,0,20,,208449,58,,,0,60,,208450,58,,,0,20,,208451,58,,,0,20,,208452,58,,,0,60,,208453,58,,,0,18,,208454,58,,,0,16,,208455,58,,,0,60,,208456,58,,,0,20,,208457,58,,,0,19,,208458,58,,,0,60,,208459,58,,,0,19,,208460,58,,,0,19,,208461,58,,,0,70,,208462,58,,,0,30,,208463,58,,,0,70,,208464,58,,,0,30,,208465,58,,,0,70,,208466,58,,,0,30,,208467,58,,,0,70,,208468,58,,,0
4300,'Weekday',441,,208476,10,,,0,62,,208477,10,,,0,12,,208475,58,,,0,23,,208473,58,,,0,63,,208478,58,,,0,24,,208482,58,,,0,22,,208483,58,,,0,62,,208484,58,,,0,17,,208485,58,,,0,15,,208488,58,,,0,14,,208487,58,,,0,49,,208486,58,,,0,10,,208489,58,,,0,10,,208494,58,,,0,10,,208492,58,,,0,9,,208493,58,,,0,13,,208490,58,,,0,53,,208491,58,,,0,13,,208496,58,,,0,12,,208495,58,,,0,14,,208499,58,,,0,56,,208500,58,,,0,21,,208501,58,,,0,21,,208502,58,,,0,62,,208503,58,,,0,22,,208504,58,,,0,19,,208505,58,,,0,60,,208498,58,,,0,20,,208497,58,,,0,18,,208508,58,,,0,59,,208507,58,,,0,20,,208506,58,,,0,20,,208513,58,,,0,60,,208514,58,,,0,10,,208479,58,,,0,10,,208512,58,,,0,11,,208480,58,,,0,10,,208511,58,,,0,10,,208474,58,,,0,50,,208509,58,,,0,10,,208481,58,,,0,11,,208510,58,,,0,10,,208518,58,,,0,15,,208516,58,,,0,55,,208515,58,,,0,12,,208519,58,,,0,12,,208521,58,,,0,13,,208520,58,,,0,13,,208517,58,,,0,53,,208522,58,,,0,12,,208523,58,,,0,11,,208524,58,,,0,11,,208525,58,,,0,11,,208530,58,,,0,49,,208531,58,,,0,14,,208527,58,,,0,11,,208528,58,,,0,13,,208526,58,,,0,16,,208529,58,,,0,61,,208533,58,,,0,21,,208535,58,,,0,60,,208536,58,,,0,16,,208534,58,,,0,16,,208537,58,,,0,18,,208532,58,,,0,59,,208540,58,,,0,18,,208539,58,,,0,18,,208538,58,,,0,60,,208541,58,,,0,19,,208542,58,,,0,19,,208543,58,,,0,63,,208544,58,,,0,30,,208545,58,,,0,70,,208546,58,,,0,30,,208548,58,,,0,70,,208547,58,,,0
30300,'Saturday',600,42,223776,12,,,0,20,2,223777,12,,,0,20,2,223778,12,,,0,60,42,223785,12,,,0,20,2,223779,12,,,0,20,2,223780,12,,,0,60,42,223781,12,,,0,20,2,223782,12,,,0,20,2,223786,12,,,0,60,42,223787,12,,,0,20,2,223788,12,,,0,20,2,223789,12,,,0,60,42,223792,12,,,0,20,2,223793,12,,,0,23,2,223826,12,,,0,66,2,223827,12,,,0,21,2,223829,12,,,0,20,2,223830,12,,,0,60,2,223831,12,,,0,20,2,223828,12,,,0,20,2,223832,12,,,0,60,2,223821,12,,,0,20,2,223825,12,,,0,19,2,223808,12,,,0,58,2,223819,12,,,0,18,2,223806,12,,,0,16,2,223815,12,,,0,18,2,223807,12,,,0,58,2,223820,12,,,0,18,2,223811,12,,,0,19,2,223814,12,,,0,59,2,223810,12,,,0,19,2,223822,12,,,0,16,2,223812,12,,,0,53,,223817,12,,,0,19,2,223804,12,,,0,19,2,223823,12,,,0,19,2,223813,12,,,0,59,2,223818,12,,,0,20,2,223805,12,,,0,20,2,223824,12,,,0,60,2,223809,12,,,0,18,,223816,12,,,0,19,,223794,12,,,0,57,,223790,12,,,0,18,,223791,12,,,0,18,,223795,12,,,0,59,,223796,12,,,0,20,,223797,12,,,0,20,,223798,12,,,0,60,,223799,12,,,0,20,,223800,12,,,0,20,,223801,12,,,0,60,,223802,12,,,0,20,,223803,12,,,0,20,,223783,12,,,0,60,,223784,12,,,0,20,,223834,12,,,0,20,,223835,12,,,0,60,,223833,12,,,0
30300,'Sunday',600,42,223843,12,,,0,20,2,223861,12,,,0,20,2,223836,12,,,0,60,42,223852,12,,,0,20,2,223870,12,,,0,20,2,223879,12,,,0,60,42,223844,12,,,0,20,2,223862,12,,,0,20,2,223838,12,,,0,60,42,223853,12,,,0,20,2,223871,12,,,0,20,2,223880,12,,,0,60,42,223845,12,,,0,20,2,223863,12,,,0,23,2,223837,12,,,0,66,2,223854,12,,,0,21,2,223873,12,,,0,20,2,223881,12,,,0,60,2,223847,12,,,0,20,2,223865,12,,,0,20,2,223884,12,,,0,60,2,223839,12,,,0,20,2,223855,12,,,0,19,2,223872,12,,,0,58,2,223890,12,,,0,18,2,223882,12,,,0,16,2,223846,12,,,0,18,2,223867,12,,,0,58,2,223885,12,,,0,18,2,223840,12,,,0,19,2,223856,12,,,0,59,2,223874,12,,,0,19,2,223891,12,,,0,16,2,223883,12,,,0,53,,223848,12,,,0,19,2,223866,12,,,0,19,2,223886,12,,,0,19,2,223841,12,,,0,59,2,223857,12,,,0,20,2,223875,12,,,0,20,2,223892,12,,,0,60,2,223849,12,,,0,18,,223864,12,,,0,19,,223887,12,,,0,57,,223842,12,,,0,18,,223858,12,,,0,18,,223876,12,,,0,59,,223893,12,,,0,20,,223850,12,,,0,20,,223868,12,,,0,60,,223888,12,,,0,20,,223859,12,,,0,20,,223877,12,,,0,60,,223894,12,,,0,20,,223851,12,,,0,20,,223869,12,,,0,60,,223889,12,,,0,20,,223860,12,,,0,20,,223878,12,,,0,60,,223895,12,,,0
30300,'Weekday',547,,223933,12,,,0,54,,223959,12,,,0,12,,223947,12,,,0,12,,223960,12,,,0,13,,223924,12,,,0,12,,223961,12,,,0,53,,223940,12,,,0,14,,223904,12,,,0,15,,223962,12,,,0,13,,223958,12,,,0,12,,223934,12,,,0,52,,223896,12,,,0,12,,223964,12,,,0,12,,223914,12,,,0,11,,223966,12,,,0,10,,223925,12,,,0,50,,223967,12,,,0,11,,223942,12,,,0,11,,223963,12,,,0,11,,223905,12,,,0,10,,223968,12,,,0,11,,223936,12,,,0,51,,223965,12,,,0,11,,223916,12,,,0,11,,223969,12,,,0,11,,223952,12,,,0,11,,223970,12,,,0,51,,223926,12,,,0,11,,223972,12,,,0,11,,223943,12,,,0,11,,223974,12,,,0,11,,223907,12,,,0,11,,223975,12,,,0,51,,223935,12,,,0,11,,223976,12,,,0,11,,223953,12,,,0,12,,223973,12,,,0,11,,223915,12,,,0,51,,223977,12,,,0,11,,223927,12,,,0,11,,223971,12,,,0,11,,223944,12,,,0,11,,223978,12,,,0,51,,223906,12,,,0,11,,223979,12,,,0,11,,223937,12,,,0,11,,223911,12,,,0,13,,223917,12,,,0,11,,223929,12,,,0,49,,223995,12,,,0,8,,223928,12,,,0,8,,223918,12,,,0,7,,223994,12,,,0,8,,223946,12,,,0,9,,223951,12,,,0,8,,223908,12,,,0,48,,223980,12,,,0,8,,223955,12,,,0,8,,223910,12,,,0,8,,223939,12,,,0,7,,223954,12,,,0,8,,223938,12,,,0,7,,223948,12,,,0,7,,223985,12,,,0,47,,223950,12,,,0,6,,223986,12,,,0,6,,223930,12,,,0,6,,223987,12,,,0,6,,223932,12,,,0,6,,223988,12,,,0,5,,223919,12,,,0,6,,223989,12,,,0,6,,223956,12,,,0,8,,223945,12,,,0,47,,223957,12,,,0,9,,223909,12,,,0,8,,223990,12,,,0,8,,223981,12,,,0,11,,223941,12,,,0,11,,223991,12,,,0,52,,223949,12,,,0,20,,223931,12,,,0,18,,223982,12,,,0,58,41,223920,12,,,0,20,,223901,12,,,0,20,,223921,12,,,0,60,41,223898,12,,,0,20,,223912,12,,,0,20,,223983,12,,,0,60,41,223897,12,,,0,20,,223902,12,,,0,20,,223922,12,,,0,60,41,223899,12,,,0,19,,223984,12,,,0,20,,223913,12,,,0,20,,223903,12,,,0,60,,223992,12,,,0,20,,223923,12,,,0,20,,223993,12,,,0,60,,223900,12,,,0
55500,'Sunday',733,,225934,29,,,0,100,,225935,29,,,0,100,,225936,29,,,0,100,,225937,29,,,0,100,,225938,29,,,0,100,,225939,29,,,0,103,,225940,29,,,0,100,,225941,29,,,0,100,,225942,29,,,0,100,,225943,29,,,0,100,,225944,29,,,0
