4600,'Saturday',501,,208814,2,,,0,26,,208828,2,,,0,26,,208842,2,,,0,66,,208815,2,,,0,26,,208829,2,,,0,66,,208843,2,,,0,26,,208816,2,,,0,66,,208830,2,,,0,26,,208844,2,,,0,26,,208817,2,,,0,66,,208831,2,,,0,26,,208845,2,,,0,66,,208818,2,,,0,26,,208832,2,,,0,66,,208846,2,,,0,26,,208819,2,,,0,26,,208833,2,,,0,66,,208847,2,,,0,26,,208820,2,,,0,66,,208834,2,,,0,26,,208848,2,,,0,66,,208821,2,,,0,26,,208835,2,,,0,26,,208849,2,,,0,66,,208822,2,,,0,26,,208836,2,,,0,66,,208850,2,,,0,26,,208823,2,,,0,66,,208837,2,,,0,26,,208851,2,,,0,66,,208824,2,,,0,26,,208838,2,,,0,26,,208852,2,,,0,66,,208825,2,,,0,26,,208839,2,,,0,66,,208853,2,,,0,26,,208826,2,,,0,66,,208840,2,,,0,26,,208854,2,,,0,26,,208827,2,,,0,66,,208841,2,,,0,26,,208855,2,,,0
4600,'Sunday',501,,208856,2,,,0,26,,208870,2,,,0,26,,208884,2,,,0,66,,208857,2,,,0,26,,208871,2,,,0,66,,208885,2,,,0,26,,208858,2,,,0,66,,208872,2,,,0,26,,208886,2,,,0,26,,208859,2,,,0,66,,208873,2,,,0,26,,208887,2,,,0,66,,208860,2,,,0,26,,208874,2,,,0,66,,208888,2,,,0,26,,208861,2,,,0,26,,208875,2,,,0,66,,208889,2,,,0,26,,208862,2,,,0,66,,208876,2,,,0,26,,208890,2,,,0,66,,208863,2,,,0,26,,208877,2,,,0,26,,208891,2,,,0,66,,208864,2,,,0,26,,208878,2,,,0,66,,208892,2,,,0,26,,208865,2,,,0,66,,208879,2,,,0,26,,208893,2,,,0,66,,208866,2,,,0,26,,208880,2,,,0,26,,208894,2,,,0,66,,208867,2,,,0,26,,208881,2,,,0,66,,208895,2,,,0,26,,208868,2,,,0,66,,208882,2,,,0,26,,208896,2,,,0,26,,208869,2,,,0,66,,208883,2,,,0,26,,208897,2,,,0
4600,'Weekday',501,,208898,2,,,0,13,,208901,2,,,0,13,,208916,2,,,0,13,,208919,2,,,0,13,,208936,2,,,0,54,,208939,2,,,0,14,,208899,2,,,0,14,,208902,2,,,0,14,,208917,2,,,0,54,,208920,2,,,0,14,,208937,2,,,0,14,,208940,2,,,0,14,,208900,2,,,0,14,,208903,2,,,0,54,,208918,2,,,0,14,,208921,2,,,0,14,,208938,2,,,0,14,,208941,2,,,0,66,,208904,2,,,0,26,,208922,2,,,0,66,,208942,2,,,0,26,,208905,2,,,0,66,,208923,2,,,0,26,,208943,2,,,0,26,,208906,2,,,0,66,,208924,2,,,0,26,,208944,2,,,0,66,,208907,2,,,0,26,,208925,2,,,0,66,,208945,2,,,0,26,,208908,2,,,0,26,,208926,2,,,0,54,,208934,2,,,0,14,,208946,2,,,0,14,,208953,2,,,0,14,,208909,2,,,0,54,,208955,2,,,0,14,,208927,2,,,0,14,,208935,2,,,0,14,,208947,2,,,0,54,,208954,2,,,0,14,,208910,2,,,0,14,,208956,2,,,0,14,,208928,2,,,0,69,,208948,2,,,0,19,,208911,2,,,0,66,,208929,2,,,0,26,,208949,2,,,0,26,,208912,2,,,0,66,,208930,2,,,0,26,,208950,2,,,0,66,,208913,2,,,0,26,,208931,2,,,0,66,,208951,2,,,0,26,,208914,2,,,0,26,,208932,2,,,0,66,,208952,2,,,0,26,,208915,2,,,0,66,,208933,2,,,0
4600,'Weekday0000100',1331,,208957,2,,,0
4600,'Weekday1111000',1553,,208958,2,,,0
4700,'Saturday',446,,209099,2,,,0,77,,209109,2,,,0,77,,209119,2,,,0,37,,209100,2,,,0,77,,209110,2,,,0,37,,209120,2,,,0,77,,209101,2,,,0,77,,209111,2,,,0,37,,209121,2,,,0,77,,209102,2,,,0,37,,209112,2,,,0,77,,209122,2,,,0,77,,209103,2,,,0,37,,209113,2,,,0,77,,209123,2,,,0,77,,209104,2,,,0,37,,209114,2,,,0,77,,209124,2,,,0,37,,209105,2,,,0,77,,209115,2,,,0,77,,209125,2,,,0,37,,209106,2,,,0,77,,209116,2,,,0,37,,209126,2,,,0,77,,209107,2,,,0,77,,209117,2,,,0,37,,209127,2,,,0,77,,209108,2,,,0,77,,209118,2,,,0,37,,209128,2,,,0
4700,'Sunday',446,,209129,2,,,0,77,,209149,2,,,0,77,,209139,2,,,0,37,,209130,2,,,0,77,,209150,2,,,0,37,,209140,2,,,0,77,,209131,2,,,0,77,,209151,2,,,0,37,,209141,2,,,0,77,,209132,2,,,0,37,,209152,2,,,0,77,,209142,2,,,0,77,,209133,2,,,0,37,,209153,2,,,0,77,,209143,2,,,0,77,,209134,2,,,0,37,,209154,2,,,0,77,,209144,2,,,0,37,,209135,2,,,0,77,,209155,2,,,0,77,,209145,2,,,0,37,,209136,2,,,0,77,,209156,2,,,0,37,,209146,2,,,0,77,,209137,2,,,0,77,,209157,2,,,0,37,,209147,2,,,0,77,,209138,2,,,0,77,,209158,2,,,0,37,,209148,2,,,0
4700,'Weekday',446,,209159,2,,,0,55,,209162,2,,,0,15,,209171,2,,,0,15,,209173,2,,,0,15,,209183,2,,,0,12,,209185,2,,,0,57,,209195,2,,,0,17,,209160,2,,,0,17,,209163,2,,,0,57,,209172,2,,,0,17,,209174,2,,,0,17,,209184,2,,,0,17,,209186,2,,,0,57,,209196,2,,,0,17,,209161,2,,,0,26,,209164,2,,,0,69,,209175,2,,,0,29,,209187,2,,,0,64,,209197,2,,,0,29,,209165,2,,,0,69,,209176,2,,,0,29,,209188,2,,,0,69,,209198,2,,,0,29,,209166,2,,,0,69,,209177,2,,,0,29,,209189,2,,,0,69,,209199,2,,,0,29,,209167,2,,,0,17,,209205,2,,,0,57,,209178,2,,,0,17,,209207,2,,,0,17,,209190,2,,,0,57,,209200,2,,,0,19,,209209,2,,,0,18,,209168,2,,,0,17,,209206,2,,,0,57,,209179,2,,,0,17,,209208,2,,,0,17,,209191,2,,,0,68,,209201,2,,,0,29,,209169,2,,,0,69,,209180,2,,,0,29,,209192,2,,,0,69,,209202,2,,,0,29,,209170,2,,,0,69,,209181,2,,,0,34,,209193,2,,,0,75,,209203,2,,,0,35,,209182,2,,,0,75,,209194,2,,,0,75,,209204,2,,,0
8600,'Saturday',531,,214537,2,,,0,75,,214521,2,,,0,35,,214538,2,,,0,75,,214522,2,,,0,35,,214539,2,,,0,75,,214523,2,,,0,75,,214540,2,,,0,35,,214524,2,,,0,75,,214541,2,,,0,35,,214525,2,,,0,75,,214542,2,,,0,35,,214526,2,,,0,75,,214543,2,,,0,75,,214527,2,,,0,35,,214544,2,,,0,75,,214528,2,,,0,35,,214545,2,,,0,75,,214529,2,,,0,75,,214546,2,,,0,35,,214530,2,,,0,75,,214547,2,,,0,35,,214531,2,,,0,75,,214548,2,,,0,35,,214532,2,,,0,75,,214549,2,,,0,75,,214533,2,,,0,35,,214550,2,,,0,75,,214534,2,,,0,35,,214551,2,,,0,75,,214535,2,,,0,75,,214552,2,,,0,42,,214536,2,,,0
8600,'Sunday',531,,214553,2,,,0,75,,214569,2,,,0,35,,214554,2,,,0,75,,214570,2,,,0,35,,214555,2,,,0,75,,214571,2,,,0,75,,214556,2,,,0,35,,214572,2,,,0,75,,214557,2,,,0,35,,214573,2,,,0,75,,214558,2,,,0,35,,214574,2,,,0,75,,214559,2,,,0,75,,214575,2,,,0,35,,214560,2,,,0,75,,214576,2,,,0,35,,214561,2,,,0,75,,214577,2,,,0,75,,214562,2,,,0,35,,214578,2,,,0,75,,214563,2,,,0,35,,214579,2,,,0,75,,214564,2,,,0,35,,214580,2,,,0,75,,214565,2,,,0,75,,214581,2,,,0,35,,214566,2,,,0,75,,214582,2,,,0,35,,214567,2,,,0,75,,214583,2,,,0,75,,214568,2,,,0,42,,214584,2,,,0
8600,'Weekday',451,,214585,2,,,0,70,,214604,2,,,0,30,,214586,2,,,0,55,,214625,2,,,0,16,,214605,2,,,0,17,,214622,2,,,0,15,,214628,2,,,0,50,,214587,2,,,0,15,,214626,2,,,0,15,,214606,2,,,0,15,,214623,2,,,0,55,,214629,2,,,0,15,,214588,2,,,0,15,,214627,2,,,0,15,,214607,2,,,0,55,,214624,2,,,0,31,,214589,2,,,0,74,,214608,2,,,0,34,,214590,2,,,0,74,,214609,2,,,0,34,,214591,2,,,0,74,,214610,2,,,0,34,,214592,2,,,0,74,,214611,2,,,0,74,,214593,2,,,0,34,,214612,2,,,0,66,,214632,2,,,0,15,,214594,2,,,0,15,,214630,2,,,0,15,,214613,2,,,0,55,,214635,2,,,0,15,,214633,2,,,0,15,,214595,2,,,0,15,,214631,2,,,0,55,,214614,2,,,0,15,,214636,2,,,0,15,,214634,2,,,0,15,,214596,2,,,0,73,,214615,2,,,0,34,,214597,2,,,0,74,,214616,2,,,0,74,,214598,2,,,0,34,,214617,2,,,0,74,,214599,2,,,0,34,,214618,2,,,0,74,,214600,2,,,0,34,,214619,2,,,0,74,,214601,2,,,0,74,,214620,2,,,0,34,,214602,2,,,0,74,,214621,2,,,0,37,,214603,2,,,0
10900,'Weekday',1635,,217851,13,,,0
11400,'Saturday',559,,218071,2,,,0,75,,218072,2,,,0,75,,218073,2,,,0,35,,218074,2,,,0,75,,218075,2,,,0,35,,218076,2,,,0,75,,218077,2,,,0,75,,218078,2,,,0,35,,218079,2,,,0,75,,218080,2,,,0,35,,218081,2,,,0,75,,218082,2,,,0,35,,218083,2,,,0,75,,218084,2,,,0,75,,218085,2,,,0,35,,218086,2,,,0,75,,218087,2,,,0,35,,218088,2,,,0,75,,218089,2,,,0,75,,218090,2,,,0,35,,218091,2,,,0,75,,218092,2,,,0,35,,218093,2,,,0,75,,218094,2,,,0,35,,218095,2,,,0,75,,218096,2,,,0,75,,218099,2,,,0,35,,218097,2,,,0,75,,218098,2,,,0,35,,218100,2,,,0,75,,218101,2,,,0
11400,'Sunday',559,,218102,2,,,0,75,,218103,2,,,0,75,,218104,2,,,0,35,,218105,2,,,0,75,,218106,2,,,0,35,,218107,2,,,0,75,,218108,2,,,0,75,,218109,2,,,0,35,,218110,2,,,0,75,,218111,2,,,0,35,,218112,2,,,0,75,,218113,2,,,0,35,,218114,2,,,0,75,,218115,2,,,0,75,,218116,2,,,0,35,,218117,2,,,0,75,,218118,2,,,0,35,,218119,2,,,0,75,,218120,2,,,0,75,,218121,2,,,0,35,,218122,2,,,0,75,,218123,2,,,0,35,,218124,2,,,0,75,,218125,2,,,0,35,,218126,2,,,0,75,,218127,2,,,0,75,,218130,2,,,0,35,,218128,2,,,0,75,,218129,2,,,0,35,,218131,2,,,0,75,,218132,2,,,0
11400,'Weekday',451,,218137,2,,,0,75,,218134,2,,,0,75,,218138,2,,,0,18,,218140,2,,,0,18,,218133,2,,,0,18,,218141,2,,,0,58,,218136,2,,,0,18,,218139,2,,,0,18,,218135,2,,,0,58,,218142,2,,,0,18,,218147,2,,,0,18,,218152,2,,,0,58,,218144,2,,,0,18,,218153,2,,,0,18,,218150,2,,,0,75,,218145,2,,,0,35,,218148,2,,,0,75,,218146,2,,,0,35,,218149,2,,,0,75,,218143,2,,,0,75,,218151,2,,,0,35,,218154,2,,,0,75,,218155,2,,,0,35,,218157,2,,,0,58,,218160,2,,,0,18,,218162,2,,,0,18,,218158,2,,,0,58,,218159,2,,,0,18,,218161,2,,,0,18,,218163,2,,,0,18,,218156,2,,,0,58,,218165,2,,,0,18,,218166,2,,,0,18,,218169,2,,,0,75,,218167,2,,,0,75,,218164,2,,,0,35,,218168,2,,,0,75,,218170,2,,,0,35,,218172,2,,,0,75,,218171,2,,,0,35,,218173,2,,,0,75,,218175,2,,,0,75,,218176,2,,,0,35,,218174,2,,,0,75,,218177,2,,,0,41,,218178,2,,,0
30100,'Saturday',701,,222975,12,,,0,19,,222989,12,,,0,16,,223001,12,,,0,16,,223014,12,,,0,56,,223027,12,,,0,16,,222976,12,,,0,16,,222988,12,,,0,16,,223002,12,,,0,56,,223015,12,,,0,16,,223028,12,,,0,16,,222977,12,,,0,56,,222990,12,,,0,18,,223003,12,,,0,18,,223016,12,,,0,16,,223030,12,,,0,56,,222978,12,,,0,16,,222991,12,,,0,16,,223005,12,,,0,16,,223017,12,,,0,56,,223029,12,,,0,20,,222979,12,,,0,16,,222992,12,,,0,56,,223004,12,,,0,16,,223018,12,,,0,16,,223031,12,,,0,16,,222980,12,,,0,56,,222994,12,,,0,16,,223006,12,,,0,16,,223019,12,,,0,16,,223032,12,,,0,56,,222982,12,,,0,16,,222993,12,,,0,16,,223009,12,,,0,56,,223020,12,,,0,16,,223033,12,,,0,16,,222983,12,,,0,16,,222995,12,,,0,56,,223007,12,,,0,16,,223021,12,,,0,16,,223034,12,,,0,16,,222984,12,,,0,56,,222996,12,,,0,16,,223008,12,,,0,15,,223022,12,,,0,13,,223035,12,,,0,56,,222981,12,,,0,15,,222997,12,,,0,16,,223010,12,,,0,16,,223023,12,,,0,56,,223036,12,,,0,16,,222985,12,,,0,16,,222998,12,,,0,15,,223011,12,,,0,56,,223025,12,,,0,16,,223037,12,,,0,16,,222987,12,,,0,56,,222999,12,,,0,15,,223012,12,,,0,16,,223024,12,,,0,16,,223038,12,,,0,56,,222986,12,,,0,16,,223000,12,,,0,16,,223013,12,,,0,16,,223026,12,,,0,55,,223039,12,,,0,15,,223041,12,,,0,20,,222974,12,,,0,65,,223040,12,,,0
30100,'Sunday',701,,223043,12,,,0,19,,223056,12,,,0,16,,223069,12,,,0,16,,223080,12,,,0,56,,223092,12,,,0,16,,223042,12,,,0,16,,223054,12,,,0,16,,223068,12,,,0,56,,223082,12,,,0,16,,223096,12,,,0,16,,223045,12,,,0,56,,223057,12,,,0,18,,223071,12,,,0,18,,223081,12,,,0,16,,223095,12,,,0,56,,223044,12,,,0,16,,223059,12,,,0,16,,223072,12,,,0,16,,223083,12,,,0,56,,223097,12,,,0,20,,223046,12,,,0,16,,223060,12,,,0,56,,223073,12,,,0,16,,223084,12,,,0,16,,223093,12,,,0,16,,223047,12,,,0,56,,223061,12,,,0,16,,223070,12,,,0,16,,223085,12,,,0,16,,223098,12,,,0,56,,223048,12,,,0,16,,223058,12,,,0,16,,223075,12,,,0,56,,223086,12,,,0,16,,223094,12,,,0,16,,223049,12,,,0,16,,223062,12,,,0,56,,223076,12,,,0,16,,223087,12,,,0,16,,223103,12,,,0,16,,223050,12,,,0,56,,223063,12,,,0,16,,223074,12,,,0,15,,223089,12,,,0,13,,223102,12,,,0,56,,223051,12,,,0,15,,223065,12,,,0,16,,223077,12,,,0,16,,223088,12,,,0,56,,223100,12,,,0,16,,223052,12,,,0,16,,223064,12,,,0,15,,223079,12,,,0,56,,223090,12,,,0,16,,223101,12,,,0,16,,223053,12,,,0,56,,223066,12,,,0,15,,223078,12,,,0,16,,223091,12,,,0,16,,223099,12,,,0,56,,223055,12,,,0,16,,223067,12,,,0,16,,223105,12,,,0,16,,223104,12,,,0,55,,223106,12,,,0,15,,223107,12,,,0,20,,223109,12,,,0,65,,223108,12,,,0
30100,'Weekday',544,,223125,12,,,0,60,,223110,12,,,0,20,,223116,12,,,0,20,,223136,12,,,0,60,,223138,12,,,0,5,,223184,12,,,0,5,,223140,12,,,0,5,,223186,12,,,0,5,,223126,12,,,0,2,,223222,12,,,0,3,,223187,12,,,0,5,,223151,12,,,0,5,,223185,12,,,0,5,,223111,12,,,0,5,,223182,12,,,0,5,,223117,12,,,0,5,,223188,12,,,0,45,,223156,12,,,0,5,,223183,12,,,0,7,,223137,12,,,0,8,,223160,12,,,0,10,,223139,12,,,0,10,,223141,12,,,0,5,,223199,12,,,0,5,,223127,12,,,0,50,,223150,12,,,0,10,,223112,12,,,0,14,,223202,12,,,0,14,,223203,12,,,0,14,,223210,12,,,0,54,,223219,12,,,0,14,,223205,12,,,0,14,,223213,12,,,0,14,,223208,12,,,0,54,,223220,12,,,0,14,,223212,12,,,0,14,,223218,12,,,0,14,,223207,12,,,0,54,,223214,12,,,0,14,,223209,12,,,0,14,,223221,12,,,0,14,,223211,12,,,0,14,,223217,12,,,0,54,,223206,12,,,0,14,,223215,12,,,0,14,,223216,12,,,0,15,,223204,12,,,0,53,,223161,12,,,0,15,,223142,12,,,0,12,,223128,12,,,0,12,,223152,12,,,0,12,,223113,12,,,0,52,,223118,12,,,0,10,,223175,12,,,0,10,,223157,12,,,0,5,,223177,12,,,0,5,,223162,12,,,0,5,,223179,12,,,0,5,,223143,12,,,0,5,,223178,12,,,0,46,,223170,12,,,0,5,,223200,12,,,0,6,,223130,12,,,0,5,,223201,12,,,0,6,,223154,12,,,0,5,,223224,12,,,0,5,,223114,12,,,0,5,,223180,12,,,0,5,,223119,12,,,0,2,,223196,9,,,0,3,,223176,12,,,0,5,,223171,12,,,0,5,,223181,12,,,0,45,,223158,12,,,0,5,,223190,12,,,0,5,,223163,12,,,0,5,,223191,12,,,0,5,,223173,12,,,0,4,,223189,12,,,0,5,,223145,12,,,0,4,,223192,12,,,0,5,,223172,12,,,0,5,,223193,12,,,0,5,,223129,12,,,0,5,,223197,12,,,0,45,,223153,12,,,0,5,,223198,12,,,0,2,,223223,12,,,0,3,,223115,12,,,0,10,,223120,12,,,0,10,,223169,12,,,0,9,,223159,12,,,0,8,,223164,12,,,0,10,,223174,12,,,0,52,,223144,12,,,0,12,,223131,12,,,0,12,,223155,12,,,0,12,,223122,12,,,0,60,,223165,12,,,0,20,,223146,12,,,0,20,,223132,12,,,0,60,,223121,12,,,0,20,,223166,12,,,0,20,,223147,12,,,0,60,,223133,12,,,0,20,,223123,12,,,0,20,,223167,12,,,0,60,,223148,12,,,0,20,,223134,12,,,0,22,,223124,12,,,0,61,,223168,12,,,0,19,,223149,12,,,0,18,,223135,12,,,0,65,,223195,12,,,0,35,,223194,12,,,0
30100,'Weekday1111000',1621,,223225,7,,,0
50000,'Saturday',513,,225480,15,,,0,30,,225491,15,,,0,70,,225499,15,,,0,31,,225482,15,,,0,72,,225490,15,,,0,31,,225498,15,,,0,71,,225481,15,,,0,32,,225492,15,,,0,73,,225500,15,,,0,33,,225483,15,,,0,74,,225494,15,,,0,73,,225501,15,,,0,33,,225484,15,,,0,73,,225493,15,,,0,33,,225502,15,,,0,73,,225486,15,,,0,33,,225504,15,,,0,73,,225487,15,,,0,33,,225495,15,,,0,73,,225503,15,,,0,73,,225485,15,,,0,33,,225496,15,,,0,73,,225505,15,,,0,33,,225489,15,,,0,73,,225506,15,,,0,33,,225488,15,,,0,73,,225497,15,,,0,33,,225507,15,,,0,73,,225508,15,,,0,33,,225509,15,,,0,72,,225510,15,,,0,71,,225511,15,,,0,32,,225512,15,,,0,72,,225514,15,,,0,32,,225513,15,,,0,72,,225515,15,,,0
50000,'Sunday',513,,225556,15,,,0,30,,225557,15,,,0,70,,225555,15,,,0,31,,225554,15,,,0,72,,225552,15,,,0,31,,225553,15,,,0,71,,225550,15,,,0,32,,225551,15,,,0,73,,225549,15,,,0,33,,225548,15,,,0,74,,225546,15,,,0,73,,225547,15,,,0,33,,225543,15,,,0,73,,225545,15,,,0,33,,225544,15,,,0,73,,225542,15,,,0,33,,225540,15,,,0,73,,225541,15,,,0,33,,225539,15,,,0,73,,225537,15,,,0,73,,225535,15,,,0,33,,225536,15,,,0,73,,225538,15,,,0,33,,225532,15,,,0,73,,225534,15,,,0,33,,225531,15,,,0,73,,225533,15,,,0,33,,225528,15,,,0,73,,225529,15,,,0,33,,225530,15,,,0,72,,225526,15,,,0,71,,225527,15,,,0,32,,225522,15,,,0,72,,225523,15,,,0,32,,225520,15,,,0,72,,225524,15,,,0
50000,'Weekday',459,,225559,15,,,0,63,,225593,15,,,0,23,,225594,15,,,0,62,,225595,15,,,0,21,,225597,15,,,0,23,,225598,15,,,0,65,,225599,15,,,0,24,,225596,15,,,0,72,,225600,15,,,0,26,,225601,15,,,0,66,,225602,15,,,0,26,,225603,15,,,0,28,,225604,15,,,0,64,,225605,15,,,0,25,,225606,15,,,0,65,,225577,15,,,0,27,,225567,15,,,0,66,,225578,15,,,0,25,,225582,15,,,0,25,,225568,15,,,0,66,,225579,15,,,0,26,,225583,15,,,0,67,,225569,15,,,0,28,,225580,15,,,0,67,,225587,15,,,0,26,,225570,15,,,0,67,,225590,15,,,0,29,,225581,15,,,0,69,,225591,15,,,0,27,,225572,15,,,0,28,,225562,15,,,0,65,,225588,15,,,0,23,,225571,15,,,0,64,,225589,15,,,0,24,,225607,15,,,0,24,,225592,15,,,0,64,,225564,15,,,0,24,,225574,15,,,0,64,,225563,15,,,0,22,,225584,15,,,0,24,,225575,15,,,0,64,,225565,15,,,0,24,,225585,15,,,0,63,,225576,15,,,0,23,,225566,15,,,0,24,,225586,15,,,0,64,,225573,15,,,0,23,,225561,15,,,0,63,,225608,15,,,0
