6201,'Weekday',749,,182690,30,4,,0
6401,'Weekday',753,,182714,33,4,,0
10901,'Weekday',743,,190461,27,4,,0
11601,'Weekday',743,,191246,45,4,,0
11700,'Weekday',655,,191248,26,4,,0,61,,191249,28,4,,0,25,,191247,28,4,,0
11700,'pB3Sep30-Saturday',655,,191251,26,4,,0,86,,191250,28,4,,0
13100,'Weekday',643,,192824,50,4,,0,60,,192823,50,4,,0,20,,192822,50,4,,0,20,,192825,50,4,,0
13100,'pB3Sep30-Saturday',643,,192826,50,4,,0,60,,192828,50,4,,0,40,,192827,50,4,,0
14201,'Weekday',744,,193607,33,4,,0
15100,'Weekday',739,,194629,39,4,,0
15100,'pB3Sep30-Saturday',739,,194631,39,4,,0
