900,'Saturday',637,,203413,49,,,0,72,,203445,49,,,0,32,,203414,49,,,0,72,,203415,49,,,0,32,,203416,49,,,0,72,,203417,49,,,0,32,,203418,49,,,0,72,,203419,49,,,0,32,,203420,49,,,0,73,,203421,49,,,0,32,,203422,49,,,0,73,,203423,49,,,0,72,,203424,49,,,0,32,,203425,49,,,0,72,,203426,49,,,0,32,,203427,49,,,0,72,,203428,49,,,0,32,,203429,49,,,0,72,,203430,49,,,0,32,,203431,49,,,0,72,,203432,49,,,0,32,,203433,49,,,0,72,,203434,49,,,0,32,,203435,49,,,0,72,,203436,49,,,0,32,,203437,49,,,0,72,,203438,49,,,0,72,,203439,49,,,0,31,,203440,49,,,0,71,,203441,49,,,0,30,,203442,49,,,0,72,,203443,49,,,0,32,,203444,49,,,0,65,,203446,49,,,0
900,'Sunday',637,,203461,49,,,0,72,,203447,49,,,0,32,,203454,49,,,0,72,,203468,49,,,0,32,,203475,49,,,0,72,,203462,49,,,0,32,,203448,49,,,0,72,,203455,49,,,0,32,,203469,49,,,0,73,,203476,49,,,0,32,,203463,49,,,0,73,,203449,49,,,0,72,,203456,49,,,0,32,,203470,49,,,0,72,,203477,49,,,0,32,,203464,49,,,0,72,,203450,49,,,0,32,,203457,49,,,0,72,,203471,49,,,0,32,,203478,49,,,0,72,,203465,49,,,0,32,,203451,49,,,0,72,,203458,49,,,0,32,,203472,49,,,0,72,,203479,49,,,0,32,,203466,49,,,0,72,,203452,49,,,0,72,,203459,49,,,0,31,,203473,49,,,0,71,,203480,49,,,0,30,,203467,49,,,0,72,,203453,49,,,0,32,,203460,49,,,0,65,,203474,49,,,0
900,'Weekday',523,,203489,49,,,0,22,,203502,49,,,0,63,,203514,49,,,0,24,,203481,49,,,0,26,,203497,49,,,0,63,,203507,49,,,0,22,,203529,49,,,0,16,,203522,49,,,0,62,,203490,49,,,0,11,,203533,49,,,0,11,,203503,49,,,0,63,,203515,49,,,0,22,,203482,49,,,0,21,,203498,49,,,0,62,,203508,49,,,0,22,,203530,49,,,0,22,,203523,49,,,0,62,,203491,49,,,0,22,,203504,49,,,0,62,,203516,49,,,0,22,,203483,49,,,0,22,,203499,49,,,0,62,,203509,49,,,0,22,,203531,49,,,0,22,,203524,49,,,0,62,,203492,49,,,0,22,,203505,49,,,0,22,,203517,49,,,0,63,,203484,49,,,0,23,,203500,49,,,0,66,,203510,49,,,0,6,,203535,49,,,0,18,,203532,49,,,0,9,,203534,49,,,0,14,,203525,49,,,0,48,,203536,49,,,0,15,,203493,49,,,0,7,,203537,49,,,0,16,,203506,49,,,0,62,,203518,49,,,0,21,,203485,49,,,0,19,,203501,49,,,0,57,,203511,49,,,0,34,,203526,49,,,0,66,,203494,49,,,0,34,,203519,49,,,0,70,,203486,49,,,0,30,,203512,49,,,0,70,,203527,49,,,0,30,,203495,49,,,0,70,,203520,49,,,0,30,,203487,49,,,0,70,,203513,49,,,0,30,,203528,49,,,0,70,,203496,49,,,0,30,,203521,49,,,0
2000,'Saturday',654,,205031,36,,,0,66,,205050,36,,,0,26,,205037,36,,,0,66,,205043,36,,,0,26,,205058,36,,,0,66,,205063,36,,,0,27,,205032,36,,,0,27,,205051,36,,,0,67,,205038,36,,,0,27,,205045,36,,,0,67,,205057,36,,,0,27,,205064,36,,,0,67,,205030,36,,,0,27,,205052,36,,,0,67,,205039,36,,,0,27,,205046,36,,,0,67,,205059,36,,,0,27,,205065,36,,,0,27,,205033,36,,,0,67,,205053,36,,,0,27,,205040,36,,,0,67,,205047,36,,,0,27,,205060,36,,,0,67,,205066,36,,,0,27,,205034,36,,,0,67,,205054,36,,,0,27,,205041,36,,,0,27,,205048,36,,,0,67,,205062,36,,,0,27,,205067,36,,,0,66,,205036,36,,,0,26,,205055,36,,,0,66,,205042,36,,,0,26,,205049,36,,,0,66,,205061,36,,,0,26,,205068,36,,,0,26,,205035,36,,,0,64,,205056,36,,,0,26,,205070,36,,,0,65,,205069,36,,,0,26,,205044,36,,,0
2000,'Sunday',654,,205071,36,,,0,66,,205090,36,,,0,26,,205079,36,,,0,66,,205084,36,,,0,26,,205097,36,,,0,66,,205104,36,,,0,27,,205072,36,,,0,27,,205091,36,,,0,67,,205080,36,,,0,27,,205085,36,,,0,67,,205098,36,,,0,27,,205103,36,,,0,67,,205073,36,,,0,27,,205092,36,,,0,67,,205081,36,,,0,27,,205086,36,,,0,67,,205099,36,,,0,27,,205105,36,,,0,27,,205074,36,,,0,67,,205093,36,,,0,27,,205082,36,,,0,67,,205087,36,,,0,27,,205100,36,,,0,67,,205107,36,,,0,27,,205075,36,,,0,67,,205094,36,,,0,27,,205078,36,,,0,27,,205088,36,,,0,67,,205101,36,,,0,27,,205106,36,,,0,66,,205077,36,,,0,26,,205095,36,,,0,66,,205083,36,,,0,26,,205089,36,,,0,66,,205102,36,,,0,26,,205108,36,,,0,26,,205076,36,,,0,64,,205110,36,,,0,26,,205109,36,,,0,64,,205096,36,,,0
2000,'Weekday',518,,205111,21,,,0,23,,205121,21,,,0,66,,205125,36,,,0,30,,205139,36,,,0,66,,205133,36,,,0,16,,205145,36,,,0,14,,205119,36,,,0,14,,205147,36,,,0,54,,205112,36,,,0,14,,205149,36,,,0,13,,205120,36,,,0,14,,205144,36,,,0,13,,205126,36,,,0,54,,205146,36,,,0,12,,205137,36,,,0,14,,205148,36,,,0,14,,205135,36,,,0,68,,205150,36,,,0,28,,205113,36,,,0,68,,205122,36,,,0,28,,205127,36,,,0,68,,205140,36,,,0,28,,205134,36,,,0,68,,205151,36,,,0,28,,205114,36,,,0,68,,205123,36,,,0,25,,205128,36,,,0,31,,205141,36,,,0,70,,205136,36,,,0,3,,205156,21,,,0,20,,205161,21,,,0,5,,205152,36,,,0,54,,205159,36,,,0,14,,205115,36,,,0,14,,205167,36,,,0,14,,205124,36,,,0,54,,205170,36,,,0,14,,205130,36,,,0,13,,205157,36,,,0,12,,205162,36,,,0,14,,205142,36,,,0,54,,205138,36,,,0,13,,205158,36,,,0,14,,205153,36,,,0,14,,205160,36,,,0,54,,205116,36,,,0,13,,205166,36,,,0,28,,205129,36,,,0,68,,205163,36,,,0,28,,205143,36,,,0,68,,205154,36,,,0,28,,205117,36,,,0,68,,205168,36,,,0,28,,205131,36,,,0,75,,205164,36,,,0,27,,205155,36,,,0,70,,205118,36,,,0,30,,205169,36,,,0,70,,205132,36,,,0
2000,'Weekday0000100',1451,,205171,21,,,0
3800,'Saturday',432,,207699,3,,,0,23,,207700,3,,,0,63,,207701,3,,,0,23,,207703,3,,,0,63,,207704,3,,,0,23,,207702,3,,,0,23,,207705,3,,,0,63,,207707,3,,,0,23,,207706,3,,,0,23,,207708,3,,,0,63,,207709,3,,,0,23,,207711,3,,,0,63,,207710,3,,,0,24,,207715,3,,,0,22,,207716,3,,,0,62,,207717,3,,,0,23,,207714,3,,,0,61,,207713,3,,,0,21,,207712,3,,,0,21,,207718,3,,,0,62,,207720,3,,,0,22,,207719,3,,,0,22,,207721,3,,,0,62,,207675,3,,,0,21,,207670,3,,,0,21,,207722,3,,,0,62,,207697,3,,,0,22,,207724,3,,,0,22,,207723,3,,,0,62,,207676,3,,,0,21,,207677,3,,,0,60,,207688,3,,,0,22,,207685,3,,,0,22,,207671,3,,,0,62,,207681,3,,,0,22,,207678,3,,,0,21,,207682,3,,,0,60,,207672,3,,,0,20,,207693,3,,,0,23,,207698,3,,,0,60,,207689,3,,,0,19,,207686,3,,,0,24,,207673,3,,,0,64,,207679,3,,,0,24,,207687,3,,,0,65,,207694,3,,,0,24,,207683,3,,,0,24,,207690,3,,,0,64,,207680,3,,,0,24,,207674,3,,,0,64,,207696,3,,,0,24,,207691,3,,,0,24,,207695,3,,,0,64,,207684,3,,,0,24,,207692,3,,,0
3800,'Sunday',432,,207725,3,,,0,23,,207726,3,,,0,63,,207727,3,,,0,23,,207728,3,,,0,63,,207729,3,,,0,23,,207730,3,,,0,23,,207731,3,,,0,63,,207732,3,,,0,23,,207733,3,,,0,23,,207734,3,,,0,63,,207735,3,,,0,23,,207736,3,,,0,63,,207737,3,,,0,24,,207738,3,,,0,22,,207739,3,,,0,62,,207740,3,,,0,23,,207741,3,,,0,61,,207742,3,,,0,21,,207743,3,,,0,21,,207744,3,,,0,62,,207745,3,,,0,22,,207746,3,,,0,22,,207747,3,,,0,62,,207748,3,,,0,21,,207749,3,,,0,21,,207750,3,,,0,62,,207751,3,,,0,22,,207752,3,,,0,22,,207753,3,,,0,62,,207754,3,,,0,21,,207779,3,,,0,60,,207755,3,,,0,22,,207756,3,,,0,22,,207757,3,,,0,62,,207758,3,,,0,22,,207759,3,,,0,21,,207760,3,,,0,60,,207761,3,,,0,20,,207762,3,,,0,22,,207763,3,,,0,61,,207764,3,,,0,20,,207765,3,,,0,23,,207766,3,,,0,64,,207767,3,,,0,24,,207768,3,,,0,65,,207769,3,,,0,24,,207770,3,,,0,24,,207771,3,,,0,64,,207772,3,,,0,24,,207773,3,,,0,64,,207774,3,,,0,24,,207775,3,,,0,24,,207776,3,,,0,64,,207777,3,,,0,24,,207778,3,,,0
3800,'Weekday',423,,207781,3,,,0,13,,207782,3,,,0,13,,207783,3,,,0,53,,207784,3,,,0,13,,207785,3,,,0,13,,207786,3,,,0,13,,207800,3,,,0,15,,207787,3,,,0,55,,207788,3,,,0,15,,207789,3,,,0,15,,207790,3,,,0,15,,207791,3,,,0,55,,207792,3,,,0,15,,207793,3,,,0,15,,207794,3,,,0,15,,207795,3,,,0,56,,207796,3,,,0,17,,207797,3,,,0,13,,207780,3,0,121 47,0,5,,207798,3,,,0,59,,207799,3,,,0,20,,207802,3,,,0,20,,207813,3,,,0,58,,207805,3,,,0,18,,207809,3,,,0,19,,207811,3,,,0,59,,207815,3,,,0,19,,207807,3,,,0,18,,207803,3,,,0,18,,207814,3,,,0,60,,207810,3,,,0,20,,207808,3,,,0,19,,207804,3,,,0,59,,207812,3,,,0,17,,207801,3,,,0,17,,207806,3,,,0,55,,207816,3,,,0,15,,207819,3,,,0,15,,207821,3,,,0,15,,207822,3,,,0,55,,207823,3,,,0,15,,207824,3,,,0,5,,207855,3,,,0,10,,207825,3,,,0,15,,207826,3,,,0,54,,207827,3,,,0,15,,207828,3,,,0,15,,207829,3,,,0,16,,207830,3,,,0,55,,207831,3,,,0,16,,207832,3,,,0,15,,207833,3,,,0,14,,207834,3,,,0,55,,207817,3,,,0,14,,207818,3,,,0,15,,207820,3,,,0,20,,207835,3,,,0,60,,207836,3,,,0,20,,207837,3,,,0,20,,207838,3,,,0,60,,207839,3,,,0,20,,207840,3,,,0,21,,207841,3,,,0,60,,207842,3,,,0,20,,207843,3,,,0,20,,207844,3,,,0,59,,207845,3,,,0,20,,207846,3,,,0,20,,207847,3,,,0,60,,207848,3,,,0,20,,207849,3,,,0,20,,207850,3,,,0,60,,207851,3,,,0,20,,207852,3,,,0,20,,207853,3,,,0,60,,207854,3,,,0
3800,'Weekday0000100',856,,207856,3,0,121 47,0,482,,207858,3,,,0,82,,207857,3,,,0
3800,'Weekday1111000',837,,207859,3,0,121 47,0,679,,207861,3,,,0,6,,207860,3,,,0
6501,'Saturday',700,,211996,19,,,0,40,,212008,19,,,0,80,,211997,19,,,0,80,,212009,19,,,0,40,,211998,19,,,0,74,,212010,19,,,0,28,,211986,19,,,0,68,,211999,19,,,0,28,,212011,19,,,0,68,,211987,19,,,0,28,,212000,19,,,0,68,,212012,19,,,0,28,,211988,19,,,0,28,,212001,19,,,0,68,,212013,19,,,0,28,,211989,19,,,0,68,,212002,19,,,0,28,,212014,19,,,0,68,,211990,19,,,0,28,,212003,19,,,0,68,,212015,19,,,0,28,,211991,19,,,0,68,,212004,19,,,0,28,,212016,19,,,0,64,,211992,19,,,0,38,,212005,19,,,0,82,,211993,19,,,0,80,,212006,19,,,0,40,,211994,19,,,0,80,,212007,19,,,0,83,,211995,19,,,0
6501,'Sunday',700,,212027,19,,,0,40,,212039,19,,,0,80,,212028,19,,,0,80,,212040,19,,,0,40,,212029,19,,,0,74,,212041,19,,,0,28,,212017,19,,,0,68,,212030,19,,,0,28,,212042,19,,,0,68,,212018,19,,,0,28,,212031,19,,,0,68,,212043,19,,,0,28,,212019,19,,,0,28,,212032,19,,,0,68,,212044,19,,,0,28,,212020,19,,,0,68,,212033,19,,,0,28,,212045,19,,,0,68,,212021,19,,,0,28,,212034,19,,,0,68,,212046,19,,,0,28,,212022,19,,,0,68,,212035,19,,,0,28,,212047,19,,,0,64,,212023,19,,,0,38,,212036,19,,,0,82,,212024,19,,,0,80,,212037,19,,,0,40,,212025,19,,,0,80,,212038,19,,,0,83,,212026,19,,,0
6501,'Weekday',521,,212074,19,,,0,18,,212048,19,,,0,64,,212062,19,,,0,24,,212051,19,,,0,26,,212075,19,,,0,64,,212049,19,,,0,24,,212063,19,,,0,64,,212052,19,,,0,24,,212076,19,,,0,24,,212050,19,,,0,62,,212064,19,,,0,43,,212077,19,,,0,83,,212065,19,,,0,83,,212078,19,,,0,83,,212066,19,,,0,43,,212079,19,,,0,59,,212053,19,,,0,24,,212067,19,,,0,67,,212057,19,,,0,16,,212080,19,,,0,27,,212054,19,,,0,62,,212068,19,,,0,25,,212058,19,,,0,24,,212081,19,,,0,64,,212055,19,,,0,24,,212069,19,,,0,64,,212059,19,,,0,24,,212082,19,,,0,24,,212056,19,,,0,59,,212070,19,,,0,25,,212060,19,,,0,68,,212083,19,,,0,30,,212071,19,,,0,70,,212061,19,,,0,29,,212084,19,,,0,81,,212072,19,,,0,42,,212085,19,,,0,83,,212073,19,,,0,84,,212086,19,,,0
