11501,'Saturday',708,,218385,39,,,0,38,,218386,39,,,0,78,,218387,39,,,0,78,,218388,39,,,0,41,,218389,39,,,0,78,,218390,39,,,0,38,,218391,39,,,0,78,,218392,39,,,0,78,,218393,39,,,0,38,,218394,39,,,0,78,,218395,39,,,0,78,,218396,39,,,0,38,,218397,39,,,0,78,,218398,39,,,0,78,,218399,39,,,0,38,,218400,39,,,0,78,,218403,39,,,0,38,,218404,39,,,0,78,,218401,39,,,0,77,,218402,39,,,0,36,,218407,39,,,0,78,,218405,39,,,0,78,,218406,39,,,0,38,,218408,39,,,0,78,,218409,39,,,0,38,,218410,39,,,0,78,,218411,39,,,0
11501,'Sunday',708,,218412,39,,,0,38,,218413,39,,,0,78,,218414,39,,,0,78,,218415,39,,,0,41,,218416,39,,,0,78,,218417,39,,,0,38,,218418,39,,,0,78,,218419,39,,,0,78,,218420,39,,,0,38,,218421,39,,,0,78,,218422,39,,,0,78,,218423,39,,,0,38,,218424,39,,,0,78,,218425,39,,,0,78,,218426,39,,,0,38,,218427,39,,,0,78,,218430,39,,,0,38,,218431,39,,,0,78,,218428,39,,,0,77,,218429,39,,,0,36,,218434,39,,,0,78,,218432,39,,,0,78,,218433,39,,,0,38,,218435,39,,,0,78,,218436,39,,,0,38,,218437,39,,,0,78,,218438,39,,,0
11501,'Weekday',618,,218439,39,,,0,37,,218445,39,,,0,61,,218468,39,,,0,21,,218453,39,,,0,21,,218459,39,,,0,61,,218467,39,,,0,21,,218440,39,,,0,61,,218446,39,,,0,20,,218469,39,,,0,18,,218454,39,,,0,70,,218460,39,,,0,32,,218441,39,,,0,72,,218447,39,,,0,32,,218455,39,,,0,72,,218461,39,,,0,32,,218442,39,,,0,72,,218448,39,,,0,32,,218456,39,,,0,77,,218462,39,,,0,29,,218443,39,,,0,76,,218449,39,,,0,21,,218473,39,,,0,61,,218457,39,,,0,21,,218463,39,,,0,21,,218470,39,,,0,61,,218444,39,,,0,21,,218450,39,,,0,61,,218474,39,,,0,21,,218458,39,,,0,21,,218464,39,,,0,71,,218471,39,,,0,28,,218451,39,,,0,71,,218475,39,,,0,32,,218465,39,,,0,72,,218472,39,,,0,32,,218452,39,,,0,72,,218476,39,,,0,27,,218466,39,,,0
15800,'Saturday',602,,222102,18,,,0,40,,222077,18,,,0,80,,222079,18,,,0,80,,222082,18,,,0,40,,222078,18,,,0,80,,222080,18,,,0,80,,222081,18,,,0,40,,222083,18,,,0,80,,222084,18,,,0,80,,222085,18,,,0,41,,222086,18,,,0,80,,222087,18,,,0,80,,222088,18,,,0,40,,222089,18,,,0,80,,222090,18,,,0,80,,222091,18,,,0,40,,222092,18,,,0,80,,222093,18,,,0,79,,222095,18,,,0,40,,222096,18,,,0,80,,222094,18,,,0,80,,222097,18,,,0,40,,222098,18,,,0,80,,222099,18,,,0,80,,222103,18,,,0,40,,222100,18,,,0,80,,222101,18,,,0
15800,'Sunday',602,,222113,18,,,0,40,,222123,18,,,0,80,,222104,18,,,0,80,,222114,18,,,0,40,,222124,18,,,0,80,,222105,18,,,0,80,,222115,18,,,0,40,,222125,18,,,0,80,,222106,18,,,0,80,,222116,18,,,0,41,,222126,18,,,0,80,,222107,18,,,0,80,,222117,18,,,0,40,,222127,18,,,0,80,,222108,18,,,0,80,,222118,18,,,0,40,,222128,18,,,0,80,,222109,18,,,0,79,,222119,18,,,0,40,,222129,18,,,0,80,,222110,18,,,0,80,,222121,18,,,0,40,,222130,18,,,0,80,,222111,18,,,0,80,,222120,18,,,0,40,,222131,18,,,0,80,,222112,18,,,0,80,,222122,18,,,0
15800,'Weekday',513,,222132,18,,,0,33,,222140,18,,,0,70,,222150,18,,,0,32,,222155,18,,,0,70,,222133,18,,,0,30,,222141,18,,,0,70,,222149,18,,,0,30,,222156,18,,,0,70,,222134,18,,,0,30,,222142,18,,,0,70,,222151,18,,,0,30,,222157,18,,,0,69,,222135,18,,,0,30,,222143,18,,,0,70,,222152,18,,,0,30,,222158,18,,,0,70,,222136,18,,,0,30,,222144,18,,,0,70,,222153,18,,,0,30,,222159,18,,,0,80,,222137,18,,,0,23,,222145,18,,,0,70,,222154,18,,,0,32,,222160,18,,,0,67,,222138,18,,,0,30,,222146,18,,,0,70,,222139,18,,,0,28,,222166,18,,,0,70,,222167,18,,,0,30,,222161,18,,,0,70,,222164,18,,,0,30,,222147,18,,,0,70,,222168,18,,,0,30,,222162,18,,,0,69,,222165,18,,,0,30,,222148,18,,,0,70,,222169,18,,,0,30,,222163,18,,,0
77300,'Weekday',730,,226147,4,0,125 6 126 31,0
77400,'Weekday',736,,226151,7,0,125 6 128 129,0
80100,'Weekday',807,,226211,2,0,127 128 129 126 31,0
80101,'Weekday',1542,,226212,4,0,127 128 129 126 31,0
81401,'Weekday0000100',1454,,226231,5,0,12 13 128 129,0
81401,'Weekday1111000',1554,,226232,5,0,12 13 128 129,0
81701,'Weekday0000100',1448,,226240,5,0,12 13 126 31,0
81701,'Weekday1111000',1548,,226241,5,0,12 13 126 31,0
