16900,'Saturday',617,,222717,12,,,0,40,,222715,12,,,0,80,,222718,12,,,0,80,,222719,12,,,0,40,,222716,12,,,0,80,,222720,12,,,0,80,,222721,12,,,0,40,,222722,12,,,0,80,,222723,12,,,0,81,,222725,12,,,0,40,,222727,12,,,0,80,,222724,12,,,0,80,,222728,12,,,0,40,,222726,12,,,0,80,,222730,12,,,0,80,,222731,12,,,0,40,,222734,12,,,0,80,,222732,12,,,0,79,,222729,12,,,0,40,,222733,12,,,0,80,,222735,12,,,0,80,,222736,12,,,0,40,,222737,12,,,0,80,,222738,12,,,0,80,,222741,12,,,0,40,,222739,12,,,0,80,,222740,12,,,0
16900,'Sunday',617,,222752,12,,,0,40,,222761,12,,,0,80,,222742,12,,,0,80,,222753,12,,,0,40,,222762,12,,,0,80,,222743,12,,,0,80,,222755,12,,,0,40,,222763,12,,,0,80,,222744,12,,,0,81,,222754,12,,,0,40,,222765,12,,,0,80,,222747,12,,,0,80,,222756,12,,,0,40,,222764,12,,,0,80,,222746,12,,,0,80,,222757,12,,,0,40,,222766,12,,,0,80,,222748,12,,,0,79,,222758,12,,,0,40,,222767,12,,,0,80,,222749,12,,,0,80,,222759,12,,,0,40,,222768,12,,,0,80,,222750,12,,,0,80,,222760,12,,,0,40,,222745,12,,,0,80,,222751,12,,,0
16900,'Weekday',505,,222792,12,,,0,31,,222769,12,,,0,70,,222777,12,,,0,28,,222786,12,,,0,70,,222793,12,,,0,32,,222770,12,,,0,70,,222776,12,,,0,29,,222787,12,,,0,69,,222794,12,,,0,32,,222771,12,,,0,70,,222778,12,,,0,30,,222788,12,,,0,70,,222795,12,,,0,29,,222772,12,,,0,70,,222779,12,,,0,30,,222790,12,,,0,70,,222796,12,,,0,30,,222773,12,,,0,70,,222780,12,,,0,30,,222789,12,,,0,70,,222797,12,,,0,34,,222774,12,,,0,70,,222781,12,,,0,30,,222791,12,,,0,72,,222798,12,,,0,29,,222775,12,,,0,70,,222782,12,,,0,28,,222801,12,,,0,67,,222783,12,,,0,30,,222804,12,,,0,70,,222799,12,,,0,30,,222802,12,,,0,70,,222784,12,,,0,30,,222805,12,,,0,70,,222800,12,,,0,30,,222803,12,,,0,70,,222785,12,,,0,30,,222806,12,,,0
77300,'Weekday',737,,226147,13,0,125 6 126 31,0
77301,'Weekday0000100',1400,,226148,3,0,125 6 126 31,0
77301,'Weekday1111000',1525,,226149,3,0,125 6 126 31,0
80100,'Weekday',811,,226211,12,0,127 128 129 126 31,0
80101,'Weekday',1548,,226212,13,0,127 128 129 126 31,0
81700,'Weekday',816,,226239,9,0,12 13 126 31,0
81701,'Weekday0000100',1455,,226240,15,0,12 13 126 31,0
81701,'Weekday1111000',1555,,226241,15,0,12 13 126 31,0
