4301,'Saturday',532,,208549,35,,,0,24,,208552,35,,,0,64,,208551,35,,,0,24,,208550,35,,,0,64,,208553,35,,,0,24,,208554,35,,,0,24,,208556,35,,,0,64,,208555,35,,,0,24,,208557,35,,,0,64,,208560,35,,,0,24,,208559,35,,,0,25,,208558,35,,,0,69,,208563,35,,,0,18,,208562,35,,,0,58,,208561,35,,,0,21,,208564,35,,,0,21,,208565,35,,,0,59,,208566,35,,,0,21,,208568,35,,,0,21,,208569,35,,,0,61,,208570,35,,,0,20,,208567,35,,,0,20,,208571,35,,,0,60,,208575,35,,,0,20,,208573,35,,,0,20,,208572,35,,,0,60,,208574,35,,,0,21,,208578,35,,,0,21,,208576,35,,,0,60,,208579,35,,,0,20,,208583,35,,,0,20,,208580,35,,,0,60,,208577,35,,,0,20,,208582,35,,,0,20,,208581,35,,,0,61,,208587,35,,,0,21,,208584,35,,,0,20,,208590,35,,,0,60,,208586,35,,,0,20,,208588,35,,,0,18,,208589,35,,,0,60,,208591,35,,,0,30,,208585,35,,,0,70,,208595,35,,,0,30,,208596,35,,,0,70,,208592,35,,,0,30,,208593,35,,,0,70,,208594,35,,,0,30,,208597,35,,,0,70,,208600,35,,,0,30,,208599,35,,,0,70,,208598,35,,,0
4301,'Sunday',532,,208601,35,,,0,24,,208602,35,,,0,64,,208603,35,,,0,24,,208604,35,,,0,64,,208605,35,,,0,24,,208606,35,,,0,24,,208607,35,,,0,64,,208608,35,,,0,24,,208609,35,,,0,64,,208610,35,,,0,24,,208611,35,,,0,25,,208612,35,,,0,69,,208613,35,,,0,18,,208614,35,,,0,58,,208615,35,,,0,21,,208616,35,,,0,21,,208617,35,,,0,59,,208618,35,,,0,21,,208619,35,,,0,21,,208620,35,,,0,61,,208621,35,,,0,20,,208622,35,,,0,20,,208623,35,,,0,60,,208624,35,,,0,20,,208625,35,,,0,20,,208626,35,,,0,60,,208627,35,,,0,21,,208628,35,,,0,21,,208629,35,,,0,60,,208630,35,,,0,20,,208631,35,,,0,20,,208632,35,,,0,60,,208633,35,,,0,20,,208634,35,,,0,20,,208635,35,,,0,61,,208636,35,,,0,21,,208637,35,,,0,20,,208638,35,,,0,60,,208639,35,,,0,20,,208640,35,,,0,18,,208641,35,,,0,60,,208642,35,,,0,30,,208643,35,,,0,70,,208644,35,,,0,30,,208645,35,,,0,70,,208646,35,,,0,30,,208647,35,,,0,70,,208648,35,,,0,30,,208649,35,,,0,70,,208650,35,,,0,30,,208651,35,,,0,70,,208652,35,,,0
4301,'Weekday',459,,208653,35,,,0,60,,208654,35,,,0,20,,208655,35,,,0,15,,208656,35,,,0,55,,208660,35,,,0,14,,208658,35,,,0,9,,208657,35,,,0,10,,208659,35,,,0,10,,208663,35,,,0,49,,208661,35,,,0,9,,208662,35,,,0,13,,208667,35,,,0,13,,208664,35,,,0,13,,208666,35,,,0,52,,208665,35,,,0,14,,208668,35,,,0,14,,208669,35,,,0,14,,208670,35,,,0,14,,208671,35,,,0,55,,208672,35,,,0,15,,208673,35,,,0,15,,208674,35,,,0,15,,208679,35,,,0,59,,208680,35,,,0,19,,208681,35,,,0,18,,208678,35,,,0,58,,208675,35,,,0,19,,208677,35,,,0,20,,208676,35,,,0,60,,208682,35,,,0,20,,208683,35,,,0,20,,208684,35,,,0,60,,208685,35,,,0,20,,208686,35,,,0,20,,208687,35,,,0,53,,208688,35,,,0,11,,208689,35,,,0,11,,208690,35,,,0,12,,208691,35,,,0,12,,208692,35,,,0,52,,208693,35,,,0,13,,208694,35,,,0,11,,208695,35,,,0,12,,208696,35,,,0,12,,208697,35,,,0,52,,208698,35,,,0,13,,208699,35,,,0,12,,208700,35,,,0,12,,208701,35,,,0,11,,208702,35,,,0,51,,208703,35,,,0,12,,208704,35,,,0,11,,208705,35,,,0,12,,208706,35,,,0,12,,208707,35,,,0,12,,208708,35,,,0,51,,208709,35,,,0,15,,208710,35,,,0,15,,208711,35,,,0,19,,208712,35,,,0,59,,208713,35,,,0,20,,208714,35,,,0,18,,208715,35,,,0,59,,208716,35,,,0,20,,208717,35,,,0,20,,208718,35,,,0,60,,208719,35,,,0,20,,208720,35,,,0,21,,208721,35,,,0,61,,208724,35,,,0,21,,208722,35,,,0,68,,208726,35,,,0,30,,208725,35,,,0,68,,208723,35,,,0,28,,208727,35,,,0,68,,208728,35,,,0
13100,'Weekday',617,,219704,41,0,235 225,0,20,,219703,41,0,235 225,0,20,,219702,41,0,235 225,0,60,,219705,41,0,235 225,0
14801,'Saturday',643,,220742,24,,,0,70,,220757,24,,,0,30,,220752,24,,,0,70,,220756,24,,,0,30,,220751,24,,,0,70,,220758,24,,,0,30,,220748,24,,,0,70,,220761,24,,,0,30,,220747,24,,,0,70,,220759,24,,,0,30,,220745,24,,,0,70,,220755,24,,,0,30,,220741,24,,,0,70,,220760,24,,,0,30,,220739,24,,,0,70,,220763,24,,,0,30,,220753,24,,,0,70,,220754,24,,,0,30,,220750,24,,,0,70,,220762,24,,,0,30,,220749,24,,,0,70,,220765,24,,,0,30,,220744,24,,,0,70,,220766,24,,,0,30,,220746,24,,,0,71,,220767,24,,,0,30,,220743,24,,,0,70,,220764,24,,,0,30,,220740,24,,,0,70,,220768,24,,,0,30,,220738,24,,,0
14801,'Sunday',642,,220770,24,,,0,70,,220789,24,,,0,31,,220769,24,,,0,70,,220790,24,,,0,30,,220771,24,,,0,70,,220785,24,,,0,30,,220772,24,,,0,70,,220788,24,,,0,30,,220774,24,,,0,70,,220792,24,,,0,30,,220773,24,,,0,70,,220786,24,,,0,30,,220776,24,,,0,70,,220791,24,,,0,30,,220777,24,,,0,70,,220793,24,,,0,30,,220775,24,,,0,70,,220787,24,,,0,30,,220778,24,,,0,70,,220795,24,,,0,30,,220779,24,,,0,70,,220794,24,,,0,30,,220780,24,,,0,70,,220799,24,,,0,30,,220781,24,,,0,71,,220797,24,,,0,30,,220782,24,,,0,70,,220796,24,,,0,30,,220783,24,,,0,70,,220798,24,,,0,30,,220784,24,,,0
14801,'Weekday',544,,220801,24,,,0,64,,220843,24,,,0,19,,220824,24,,,0,17,,220802,24,,,0,57,,220806,24,,,0,17,,220844,24,,,0,17,,220825,24,,,0,17,,220803,24,,,0,57,,220807,24,,,0,17,,220845,24,,,0,17,,220826,24,,,0,57,,220804,24,,,0,16,,220808,24,,,0,16,,220846,24,,,0,16,,220827,24,,,0,70,,220809,24,,,0,30,,220828,24,,,0,70,,220810,24,,,0,30,,220829,24,,,0,70,,220812,24,,,0,30,,220830,24,,,0,70,,220811,24,,,0,30,,220832,24,,,0,70,,220813,24,,,0,30,,220831,24,,,0,69,,220814,24,,,0,18,,220848,24,,,0,17,,220833,24,,,0,57,,220800,24,,,0,17,,220815,24,,,0,17,,220823,24,,,0,57,,220834,24,,,0,17,,220805,24,,,0,17,,220816,24,,,0,17,,220847,24,,,0,56,,220835,24,,,0,15,,220842,24,,,0,19,,220817,24,,,0,70,,220836,24,,,0,30,,220818,24,,,0,70,,220837,24,,,0,30,,220819,24,,,0,70,,220838,24,,,0,30,,220821,24,,,0,70,,220839,24,,,0,30,,220820,24,,,0,70,,220840,24,,,0,30,,220822,24,,,0,73,,220841,24,,,0
14900,'Saturday',555,,220852,14,,,0,66,,220849,14,,,0,26,,220868,14,,,0,66,,220853,14,,,0,26,,220850,14,,,0,66,,220874,14,,,0,26,,220851,14,,,0,26,,220855,14,,,0,67,,220869,14,,,0,26,,220854,14,,,0,66,,220856,14,,,0,26,,220870,14,,,0,66,,220859,14,,,0,26,,220860,14,,,0,66,,220871,14,,,0,26,,220857,14,,,0,26,,220858,14,,,0,66,,220875,14,,,0,26,,220861,14,,,0,66,,220863,14,,,0,26,,220872,14,,,0,66,,220864,14,,,0,26,,220865,14,,,0,26,,220876,14,,,0,66,,220862,14,,,0,26,,220866,14,,,0,66,,220873,14,,,0,26,,220867,14,,,0,66,,220877,14,,,0
14900,'Sunday',555,,220879,14,,,0,66,,220880,14,,,0,26,,220878,14,,,0,66,,220881,14,,,0,26,,220882,14,,,0,66,,220884,14,,,0,26,,220885,14,,,0,26,,220886,14,,,0,67,,220883,14,,,0,26,,220887,14,,,0,66,,220889,14,,,0,26,,220890,14,,,0,66,,220891,14,,,0,26,,220888,14,,,0,66,,220893,14,,,0,26,,220895,14,,,0,26,,220896,14,,,0,66,,220892,14,,,0,26,,220897,14,,,0,66,,220894,14,,,0,26,,220898,14,,,0,66,,220899,14,,,0,26,,220901,14,,,0,26,,220903,14,,,0,66,,220904,14,,,0,26,,220900,14,,,0,66,,220902,14,,,0,26,,220905,14,,,0,66,,220906,14,,,0
14900,'Weekday',503,,220907,14,,,0,30,,220917,14,,,0,70,,220927,14,,,0,32,,220908,14,,,0,70,,220918,14,,,0,30,,220928,14,,,0,70,,220909,14,,,0,30,,220919,14,,,0,69,,220929,14,,,0,29,,220910,14,,,0,70,,220920,14,,,0,30,,220930,14,,,0,70,,220911,14,,,0,30,,220921,14,,,0,70,,220931,14,,,0,30,,220912,14,,,0,70,,220922,14,,,0,29,,220932,14,,,0,71,,220913,14,,,0,30,,220924,14,,,0,71,,220933,14,,,0,34,,220914,14,,,0,70,,220923,14,,,0,30,,220934,14,,,0,69,,220915,14,,,0,29,,220925,14,,,0,69,,220935,14,,,0,28,,220916,14,,,0,70,,220926,14,,,0,30,,220936,14,,,0
30200,'Saturday',558,,223476,14,,,0,70,,223503,14,,,0,30,,223485,14,,,0,66,,223495,14,,,0,25,,223512,14,,,0,65,,223478,14,,,0,26,,223504,14,,,0,66,,223487,14,,,0,26,,223496,14,,,0,25,,223513,14,,,0,65,,223477,14,,,0,26,,223505,14,,,0,66,,223486,14,,,0,26,,223498,14,,,0,66,,223516,14,,,0,26,,223479,14,,,0,26,,223506,14,,,0,66,,223488,14,,,0,26,,223497,14,,,0,65,,223514,14,,,0,25,,223481,14,,,0,66,,223507,14,,,0,26,,223489,14,,,0,26,,223500,14,,,0,65,,223501,14,,,0,25,,223480,14,,,0,66,,223508,14,,,0,24,,223490,14,,,0,66,,223499,14,,,0,25,,223493,14,,,0,25,,223482,14,,,0,66,,223509,14,,,0,26,,223491,14,,,0,66,,223502,14,,,0,25,,223475,14,,,0,65,,223483,14,,,0,26,,223510,14,,,0,72,,223492,14,,,0,32,,223518,14,,,0,72,,223519,14,,,0,34,,223517,14,,,0,74,,223515,14,,,0
30200,'Sunday',557,,223520,14,,,0,70,,223536,14,,,0,30,,223529,14,,,0,66,,223553,14,,,0,25,,223546,14,,,0,65,,223521,14,,,0,26,,223538,14,,,0,66,,223530,14,,,0,26,,223554,14,,,0,25,,223547,14,,,0,65,,223523,14,,,0,26,,223539,14,,,0,66,,223531,14,,,0,26,,223556,14,,,0,66,,223549,14,,,0,27,,223522,14,,,0,26,,223540,14,,,0,66,,223533,14,,,0,26,,223555,14,,,0,65,,223548,14,,,0,25,,223524,14,,,0,66,,223541,14,,,0,26,,223532,14,,,0,26,,223557,14,,,0,63,,223550,14,,,0,24,,223526,14,,,0,66,,223543,14,,,0,26,,223534,14,,,0,66,,223559,14,,,0,25,,223552,14,,,0,25,,223528,14,,,0,66,,223542,14,,,0,26,,223535,14,,,0,66,,223558,14,,,0,25,,223551,14,,,0,65,,223525,14,,,0,26,,223544,14,,,0,32,,223537,14,,,0,72,,223561,14,,,0,72,,223563,14,,,0,34,,223562,14,,,0,74,,223564,14,,,0
30200,'Weekday',530,,223581,14,,,0,20,,223585,14,,,0,55,,223565,14,,,0,13,,223614,14,,,0,14,,223572,14,,,0,11,,223621,14,,,0,11,,223583,14,,,0,50,,223592,14,,,0,14,,223622,14,,,0,10,,223601,14,,,0,17,,223615,14,,,0,59,,223586,14,,,0,20,,223620,14,,,0,8,,223566,14,,,0,22,,223573,14,,,0,57,,223584,14,,,0,17,,223593,14,,,0,20,,223602,14,,,0,65,,223587,14,,,0,27,,223567,14,,,0,65,,223577,14,,,0,25,,223594,14,,,0,23,,223603,14,,,0,67,,223589,14,,,0,25,,223568,14,,,0,65,,223575,14,,,0,21,,223595,14,,,0,28,,223604,14,,,0,68,,223588,14,,,0,24,,223569,14,,,0,65,,223576,14,,,0,23,,223596,14,,,0,19,,223611,14,,,0,59,,223605,14,,,0,23,,223609,14,,,0,15,,223590,14,,,0,60,,223570,14,,,0,21,,223578,14,,,0,21,,223597,14,,,0,57,,223612,14,,,0,23,,223606,14,,,0,22,,223608,14,,,0,70,,223571,14,,,0,23,,223579,14,,,0,61,,223598,14,,,0,31,,223607,14,,,0,64,,223610,14,,,0,23,,223574,14,,,0,24,,223580,14,,,0,63,,223599,14,,,0,29,,223616,14,,,0,71,,223623,14,,,0,30,,223625,14,,,0,67,,223624,14,,,0,31,,223626,14,,,0
