9801,'Saturday',600,,216458,10,,,0,35,,216459,10,,,0,75,,216461,10,,,0,35,,216460,10,,,0,75,,216463,10,,,0,35,,216464,10,,,0,75,,216462,10,,,0,75,,216465,10,,,0,35,,216466,10,,,0,75,,216467,10,,,0,35,,216468,10,,,0,75,,216469,10,,,0,75,,216470,10,,,0,35,,216471,10,,,0,75,,216472,10,,,0,35,,216473,10,,,0,75,,216474,10,,,0,35,,216475,10,,,0,75,,216476,10,,,0,75,,216477,10,,,0,35,,216478,10,,,0,75,,216479,10,,,0,35,,216481,10,,,0,75,,216480,10,,,0,75,,216482,10,,,0,35,,216483,10,,,0,75,,216485,10,,,0,35,,216484,10,,,0,75,,216487,10,,,0,35,,216486,10,,,0
9801,'Sunday',819,,216488,10,,,0,35,,216489,10,,,0,75,,216490,10,,,0,75,,216491,10,,,0,35,,216492,10,,,0,75,,216494,10,,,0,35,,216493,10,,,0,75,,216495,10,,,0,35,,216496,10,,,0,75,,216497,10,,,0,75,,216498,10,,,0,35,,216499,10,,,0,75,,216500,10,,,0,35,,216501,10,,,0,75,,216502,10,,,0,75,,216503,10,,,0,35,,216504,10,,,0,75,,216506,10,,,0,35,,216505,10,,,0,75,,216507,10,,,0,35,,216508,10,,,0,75,,216509,10,,,0,75,,216510,10,,,0,35,,216511,10,,,0,75,,216512,10,,,0,35,,216513,10,,,0
9801,'Weekday',442,,216516,10,,,0,73,,216517,10,,,0,33,,216534,10,,,0,75,,216518,10,,,0,33,,216535,10,,,0,73,,216519,10,,,0,73,,216536,10,,,0,27,,216514,10,,,0,6,,216520,10,,,0,72,,216537,10,,,0,33,,216521,10,,,0,73,,216538,10,,,0,33,,216522,10,,,0,73,,216539,10,,,0,33,,216523,10,,,0,73,,216540,10,,,0,33,,216524,10,,,0,73,,216541,10,,,0,73,,216525,10,,,0,33,,216542,10,,,0,74,,216526,10,,,0,34,,216543,10,,,0,57,,216515,10,,,0,16,,216527,10,,,0,33,,216544,10,,,0,73,,216528,10,,,0,32,,216545,10,,,0,73,,216529,10,,,0,72,,216546,10,,,0,33,,216530,10,,,0,73,,216547,10,,,0,33,,216531,10,,,0,72,,216548,10,,,0,33,,216532,10,,,0,73,,216549,10,,,0,33,,216533,10,,,0,73,,216550,10,,,0
9801,'Weekday0000100',1318,,216551,10,,,0
9801,'Weekday1111000',1606,,216552,10,,,0
69900,'Weekday0000100',1437,,225956,48,0,115 116,0,80,,225955,48,0,115 116,0
69900,'Weekday1111000',1635,,225957,48,0,115 116,0
69901,'Weekday',746,,225958,6,0,115 116,0
72800,'Weekday',818,,226044,10,0,140 69 31,0
89400,'Weekday',722,,226359,15,0,12 242 12,0
89401,'Weekday',1514,,226360,42,0,12 242 12,0
