1400,'Saturday',618,,204287,26,,,0,28,,204274,26,,,0,72,,204262,26,,,0,30,,204251,26,,,0,70,,204275,26,,,0,30,,204264,26,,,0,70,,204250,26,,,0,30,,204276,26,,,0,70,,204263,26,,,0,30,,204252,26,,,0,70,,204278,26,,,0,30,,204266,26,,,0,70,,204253,26,,,0,30,,204279,26,,,0,70,,204265,26,,,0,30,,204254,26,,,0,70,,204280,26,,,0,30,,204267,26,,,0,70,,204255,26,,,0,30,,204277,26,,,0,70,,204268,26,,,0,30,,204256,26,,,0,70,,204281,26,,,0,30,,204270,26,,,0,70,,204258,26,,,0,30,,204282,26,,,0,70,,204269,26,,,0,30,,204257,26,,,0,70,,204283,26,,,0,30,,204272,26,,,0,70,,204259,26,,,0,30,,204284,26,,,0,70,,204271,26,,,0,30,,204261,26,,,0,77,,204285,26,,,0,23,,204273,26,,,0,70,,204260,26,,,0,30,,204286,26,,,0
1400,'Sunday',618,,204302,26,,,0,28,,204290,26,,,0,72,,204315,26,,,0,30,,204303,26,,,0,70,,204291,26,,,0,30,,204317,26,,,0,70,,204304,26,,,0,30,,204293,26,,,0,70,,204316,26,,,0,30,,204305,26,,,0,70,,204292,26,,,0,30,,204318,26,,,0,70,,204307,26,,,0,30,,204289,26,,,0,70,,204319,26,,,0,30,,204306,26,,,0,70,,204294,26,,,0,30,,204320,26,,,0,70,,204308,26,,,0,30,,204296,26,,,0,70,,204321,26,,,0,30,,204310,26,,,0,70,,204295,26,,,0,30,,204322,26,,,0,70,,204309,26,,,0,30,,204297,26,,,0,70,,204323,26,,,0,30,,204311,26,,,0,70,,204299,26,,,0,30,,204324,26,,,0,70,,204312,26,,,0,30,,204298,26,,,0,70,,204325,26,,,0,30,,204313,26,,,0,76,,204300,26,,,0,24,,204288,26,,,0,70,,204314,26,,,0,30,,204301,26,,,0
1400,'Weekday',452,,204331,26,,,0,70,,204341,26,,,0,21,,204351,26,,,0,15,,204332,26,,,0,63,,204327,26,,,0,16,,204368,26,,,0,15,,204342,26,,,0,55,,204352,26,,,0,15,,204333,26,,,0,16,,204362,26,,,0,17,,204328,26,,,0,55,,204369,26,,,0,15,,204343,26,,,0,14,,204370,26,,,0,13,,204334,26,,,0,55,,204364,26,,,0,13,,204330,26,,,0,15,,204353,26,,,0,22,,204344,26,,,0,62,,204335,26,,,0,22,,204363,26,,,0,62,,204354,26,,,0,22,,204345,26,,,0,22,,204336,26,,,0,62,,204365,26,,,0,22,,204355,26,,,0,22,,204346,26,,,0,62,,204337,26,,,0,22,,204366,26,,,0,22,,204356,26,,,0,65,,204347,26,,,0,24,,204338,26,,,0,62,,204367,26,,,0,16,,204357,26,,,0,12,,204359,26,,,0,20,,204348,26,,,0,55,,204326,26,,,0,15,,204339,26,,,0,17,,204372,26,,,0,60,,204374,26,,,0,20,,204349,26,,,0,20,,204360,26,,,0,60,,204340,26,,,0,13,,204373,26,,,0,10,,204350,26,,,0,15,,204361,26,,,0,15,,204358,26,,,0,58,,204387,26,,,0,28,,204378,26,,,0,70,,204379,26,,,0,30,,204380,26,,,0,70,,204381,26,,,0,30,,204382,26,,,0,70,,204383,26,,,0,30,,204384,26,,,0,70,,204385,26,,,0,25,,204386,26,,,0,70,,204376,26,,,0,35,,204377,26,,,0
7501,'Saturday',629,,213261,36,,,0,75,,213271,36,,,0,35,,213279,36,,,0,77,,213262,36,,,0,35,,213272,36,,,0,75,,213282,36,,,0,75,,213265,36,,,0,35,,213273,36,,,0,75,,213281,36,,,0,35,,213263,36,,,0,75,,213274,36,,,0,35,,213283,36,,,0,75,,213264,36,,,0,75,,213275,36,,,0,35,,213284,36,,,0,75,,213266,36,,,0,35,,213276,36,,,0,75,,213286,36,,,0,75,,213267,36,,,0,35,,213278,36,,,0,75,,213285,36,,,0,35,,213268,36,,,0,75,,213277,36,,,0,35,,213287,36,,,0,75,,213269,36,,,0,74,,213280,36,,,0,34,,213288,36,,,0,75,,213270,36,,,0,35,,213290,36,,,0,75,,213291,36,,,0,35,,213289,36,,,0
7501,'Sunday',629,,213294,36,,,0,75,,213301,36,,,0,35,,213311,36,,,0,77,,213292,36,,,0,35,,213304,36,,,0,75,,213312,36,,,0,75,,213293,36,,,0,35,,213303,36,,,0,75,,213313,36,,,0,35,,213295,36,,,0,75,,213305,36,,,0,35,,213314,36,,,0,75,,213297,36,,,0,75,,213306,36,,,0,35,,213315,36,,,0,75,,213296,36,,,0,35,,213307,36,,,0,75,,213316,36,,,0,75,,213299,36,,,0,35,,213309,36,,,0,75,,213317,36,,,0,35,,213298,36,,,0,75,,213308,36,,,0,35,,213319,36,,,0,75,,213300,36,,,0,74,,213310,36,,,0,34,,213318,36,,,0,75,,213302,36,,,0,35,,213322,36,,,0,75,,213321,36,,,0,35,,213320,36,,,0
7501,'Weekday',507,,213359,36,,,0,30,,213331,36,,,0,71,,213361,36,,,0,27,,213328,36,,,0,23,,213327,36,,,0,63,,213338,36,,,0,23,,213344,36,,,0,63,,213333,36,,,0,23,,213324,36,,,0,22,,213335,36,,,0,2,,213366,36,,,0,60,,213326,36,,,0,32,,213348,36,,,0,74,,213364,36,,,0,34,,213365,36,,,0,74,,213346,36,,,0,74,,213337,36,,,0,34,,213334,36,,,0,74,,213349,36,,,0,34,,213362,36,,,0,74,,213323,36,,,0,36,,213336,36,,,0,75,,213358,36,,,0,19,,213340,36,,,0,59,,213343,36,,,0,22,,213339,36,,,0,16,,213347,36,,,0,59,,213341,36,,,0,19,,213351,36,,,0,19,,213355,36,,,0,59,,213330,36,,,0,19,,213342,36,,,0,19,,213356,36,,,0,19,,213353,36,,,0,57,,213325,36,,,0,33,,213332,36,,,0,74,,213354,36,,,0,34,,213350,36,,,0,71,,213357,36,,,0,74,,213360,36,,,0,34,,213329,36,,,0,74,,213345,36,,,0,34,,213363,36,,,0,74,,213352,36,,,0
7501,'Weekday0000100',1334,,213367,8,,,0
7900,'Saturday',832,,213869,1,,,0,72,,213870,1,,,0,32,,213871,1,,,0,72,,213872,1,,,0,32,,213873,1,,,0,72,,213874,1,,,0,32,,213875,1,,,0,72,,213876,1,,,0,32,,213877,1,,,0,72,,213878,1,,,0,32,,213879,1,,,0,72,,213880,1,,,0,32,,213881,1,,,0,72,,213882,1,,,0,72,,213883,1,,,0,32,,213884,1,,,0,72,,213885,1,,,0,32,,213886,1,,,0,72,,213887,1,,,0
7900,'Sunday',832,,213897,1,,,0,72,,213888,1,,,0,32,,213898,1,,,0,72,,213889,1,,,0,32,,213899,1,,,0,72,,213890,1,,,0,32,,213900,1,,,0,72,,213891,1,,,0,32,,213901,1,,,0,72,,213892,1,,,0,32,,213902,1,,,0,72,,213893,1,,,0,32,,213903,1,,,0,72,,213894,1,,,0,72,,213904,1,,,0,32,,213895,1,,,0,72,,213905,1,,,0,32,,213896,1,,,0,72,,213906,1,,,0
7900,'Weekday',425,,213912,1,,,0,25,,213935,1,,,0,64,,213932,1,,,0,24,,213933,1,,,0,64,,213920,1,,,0,24,,213936,1,,,0,24,,213923,1,,,0,64,,213925,1,,,0,24,,213916,1,,,0,64,,213914,1,,,0,25,,213931,1,,,0,32,,213927,1,,,0,72,,213929,1,,,0,72,,213918,1,,,0,32,,213911,1,,,0,72,,213924,1,,,0,32,,213907,1,,,0,72,,213934,1,,,0,32,,213921,1,,,0,72,,213928,1,,,0,32,,213913,1,,,0,71,,213919,1,,,0,25,,213917,1,,,0,64,,213922,1,,,0,24,,213915,1,,,0,24,,213908,1,,,0,64,,213909,1,,,0,24,,213930,1,,,0,64,,213937,1,,,0,24,,213926,1,,,0,24,,213938,1,,,0,64,,213910,1,,,0,24,,213943,1,,,0,64,,213940,1,,,0,32,,213939,1,,,0,72,,213942,1,,,0,32,,213941,1,,,0,72,,213945,1,,,0,32,,213944,1,,,0,72,,213946,1,,,0
7900,'Weekday0000100',1341,,213947,1,,,0
7901,'Saturday',903,,213949,32,4,,0,32,,213950,32,4,,0,72,,213951,32,4,,0,32,,213952,32,4,,0,72,,213953,32,4,,0,32,,213954,32,4,,0,72,,213955,32,4,,0,32,,213956,32,4,,0,72,,213957,32,4,,0,32,,213958,32,4,,0,72,,213959,32,4,,0,32,,213960,32,4,,0,72,,213961,32,4,,0,32,,213962,32,4,,0,72,,213963,32,4,,0,72,,213964,32,4,,0,32,,213965,32,4,,0,72,,213966,32,4,,0,32,,213948,32,4,,0
7901,'Sunday',901,,213967,32,4,,0,32,,213977,32,4,,0,72,,213968,32,4,,0,32,,213978,32,4,,0,72,,213969,32,4,,0,32,,213979,32,4,,0,72,,213970,32,4,,0,32,,213980,32,4,,0,72,,213971,32,4,,0,32,,213981,32,4,,0,72,,213972,32,4,,0,32,,213982,32,4,,0,72,,213973,32,4,,0,32,,213983,32,4,,0,72,,213974,32,4,,0,72,,213984,32,4,,0,32,,213975,32,4,,0,72,,213985,32,4,,0,32,,213976,32,4,,0
7901,'Weekday',505,,214013,32,4,,0,24,,213998,32,4,,0,24,,214000,32,4,,0,67,,213999,32,4,,0,26,,214015,32,4,,0,64,,213997,32,4,,0,24,,213995,32,4,,0,24,,213992,32,4,,0,64,,214016,32,4,,0,24,,214014,32,4,,0,63,,214005,32,4,,0,23,,214011,32,4,,0,70,,214007,32,4,,0,32,,214008,32,4,,0,72,,214006,32,4,,0,32,,214001,32,4,,0,72,,213989,32,4,,0,32,,214003,32,4,,0,72,,214002,32,4,,0,32,,213986,32,4,,0,72,,213994,32,4,,0,33,,214009,32,4,,0,73,,213991,32,4,,0,26,,214010,32,4,,0,64,,214012,32,4,,0,24,,213996,32,4,,0,64,,213987,32,4,,0,24,,213988,32,4,,0,24,,214004,32,4,,0,64,,213993,32,4,,0,24,,213990,32,4,,0,69,,214017,32,4,,0,30,,214018,32,4,,0,72,,214024,32,4,,0,32,,214023,32,4,,0,71,,214020,32,4,,0,31,,214022,32,4,,0,72,,214021,32,4,,0,32,,214019,32,4,,0
7901,'Weekday0000100',1340,,214025,19,4,,0
86200,'Weekday',815,,226296,9,0,17 245,0
86401,'Weekday',825,,226310,20,0,17 18 246 22,0
86601,'Weekday',810,,226322,1,0,17 18 237,0
87900,'Weekday',741,,226341,1,0,213 38 270,0
87901,'Weekday',1452,,226343,2,0,213 38 270,0
