76000,'Weekday0000100',1337,10,226102,1,0,48 49 78 164,0
76000,'Weekday1111000',1542,10,226103,1,0,48 49 78 164,0
76001,'Weekday',848,,226104,15,4,,0
76100,'Weekday',848,,226105,13,4,,0
76101,'Weekday0000100',1337,10,226106,1,,,0
76101,'Weekday1111000',1542,10,226107,1,,,0
76200,'Weekday0000100',1337,10,226108,1,0,48 49 164,0
76200,'Weekday1111000',1542,10,226109,1,0,48 49 164,0
76201,'Weekday',848,,226110,17,4,,0
76400,'Weekday',848,,226111,20,4,,0
76401,'Weekday0000100',1337,10,226112,1,0,48 49 70 183,0
76401,'Weekday1111000',1542,10,226113,1,0,48 49 70 183,0
76500,'Weekday',848,,226115,16,4,,0
76501,'Weekday0000100',1337,10,226117,1,0,48 49 50 47,0
76501,'Weekday1111000',1542,10,226119,1,0,48 49 50 47,0
76600,'Weekday',848,,226122,13,4,,0
76601,'Weekday0000100',1337,10,226127,1,0,48 49 182,0
76601,'Weekday1111000',1542,10,226131,1,0,48 49 182,0
76700,'Weekday0000100',1337,10,226132,1,0,48 256,0
76700,'Weekday1111000',1542,10,226133,1,0,48 256,0
76701,'Weekday',838,,226134,2,0,48 256,0,14,,226135,2,4,,0
76800,'Weekday',848,,226136,14,4,,0
76801,'Weekday0000100',1337,10,226137,1,0,64 48 273,0
76801,'Weekday1111000',1542,10,226138,1,0,64 48 273,0
