1901,'Saturday',646,,204926,49,,,0,75,,204918,49,,,0,35,,204934,49,,,0,75,,204942,49,,,0,75,,204927,49,,,0,35,,204919,49,,,0,75,,204935,49,,,0,35,,204943,49,,,0,75,,204928,49,,,0,75,,204920,49,,,0,35,,204936,49,,,0,74,,204944,49,,,0,35,,204929,49,,,0,68,,204921,49,,,0,24,,204949,49,,,0,68,,204938,49,,,0,28,,204945,49,,,0,68,,204930,49,,,0,28,,204922,49,,,0,28,,204950,49,,,0,68,,204937,49,,,0,28,,204946,49,,,0,68,,204931,49,,,0,28,,204923,49,,,0,68,,204951,49,,,0,23,,204940,49,,,0,73,,204948,49,,,0,35,,204932,49,,,0,75,,204924,49,,,0,35,,204941,49,,,0,75,,204947,49,,,0,75,,204933,49,,,0,35,,204925,49,,,0
1901,'Sunday',646,,204960,49,,,0,75,,204952,49,,,0,35,,204968,49,,,0,75,,204975,49,,,0,75,,204961,49,,,0,35,,204953,49,,,0,75,,204969,49,,,0,35,,204977,49,,,0,75,,204962,49,,,0,75,,204954,49,,,0,35,,204970,49,,,0,74,,204979,49,,,0,35,,204964,49,,,0,68,,204955,49,,,0,24,,204983,49,,,0,68,,204971,49,,,0,28,,204978,49,,,0,68,,204966,49,,,0,28,,204956,49,,,0,28,,204984,49,,,0,68,,204972,49,,,0,28,,204980,49,,,0,68,,204965,49,,,0,28,,204957,49,,,0,68,,204985,49,,,0,23,,204973,49,,,0,73,,204981,49,,,0,35,,204963,49,,,0,75,,204958,49,,,0,35,,204974,49,,,0,75,,204982,49,,,0,75,,204967,49,,,0,35,,204959,49,,,0
1901,'Weekday',527,,205021,8,,,0,24,,204988,49,,,0,74,,204996,49,,,0,24,,205004,49,,,0,72,,205012,49,,,0,32,,205022,49,,,0,67,,204989,49,,,0,36,,204997,49,,,0,69,,205005,49,,,0,34,,205013,49,,,0,73,,205023,49,,,0,72,,204990,49,,,0,32,,204998,49,,,0,72,,205006,49,,,0,32,,205014,49,,,0,72,,205024,49,,,0,32,,204991,49,,,0,72,,204999,49,,,0,27,,204987,49,,,0,3,,204986,8,,,0,5,,205007,49,,,0,72,,205016,49,,,0,32,,205025,49,,,0,72,,204992,49,,,0,31,,205000,49,,,0,72,,205008,49,,,0,72,,205015,49,,,0,24,,205026,49,,,0,29,,204993,49,,,0,70,,205001,49,,,0,30,,205009,49,,,0,70,,205017,49,,,0,30,,205028,49,,,0,70,,204994,49,,,0,30,,205002,49,,,0,66,,205010,49,,,0,28,,205018,49,,,0,70,,205027,49,,,0,30,,204995,49,,,0,70,,205003,49,,,0,30,,205011,49,,,0,70,,205019,49,,,0,30,,205020,49,,,0
9000,'Saturday',623,,215044,1,,,0,32,,215024,1,,,0,72,,215033,1,,,0,32,,215046,1,,,0,72,,215025,1,,,0,72,,215034,1,,,0,32,,215045,1,,,0,72,,215026,1,,,0,32,,215036,1,,,0,72,,215047,1,,,0,33,,215028,1,,,0,72,,215037,1,,,0,32,,215048,1,,,0,72,,215029,1,,,0,32,,215035,1,,,0,72,,215051,1,,,0,32,,215027,1,,,0,72,,215038,1,,,0,72,,215049,1,,,0,31,,215030,1,,,0,73,,215039,1,,,0,31,,215052,1,,,0,72,,215031,1,,,0,32,,215041,1,,,0,72,,215050,1,,,0,32,,215032,1,,,0,72,,215040,1,,,0
9000,'Sunday',623,,215074,1,,,0,32,,215054,1,,,0,72,,215062,1,,,0,32,,215073,1,,,0,72,,215055,1,,,0,72,,215064,1,,,0,32,,215075,1,,,0,72,,215053,1,,,0,32,,215063,1,,,0,72,,215077,1,,,0,32,,215057,1,,,0,73,,215066,1,,,0,32,,215078,1,,,0,72,,215056,1,,,0,32,,215065,1,,,0,72,,215076,1,,,0,32,,215059,1,,,0,72,,215067,1,,,0,72,,215079,1,,,0,31,,215058,1,,,0,73,,215068,1,,,0,31,,215080,1,,,0,72,,215060,1,,,0,32,,215069,1,,,0,72,,215081,1,,,0,32,,215061,1,,,0,72,,215070,1,,,0
9000,'Weekday',600,,215102,1,,,0,30,,215112,1,,,0,70,,215083,1,,,0,30,,215093,1,,,0,70,,215103,1,,,0,30,,215113,1,,,0,70,,215084,1,,,0,30,,215094,1,,,0,70,,215104,1,,,0,30,,215114,1,,,0,70,,215085,1,,,0,30,,215095,1,,,0,70,,215105,1,,,0,30,,215115,1,,,0,70,,215088,1,,,0,30,,215096,1,,,0,70,,215106,1,,,0,30,,215116,1,,,0,70,,215086,1,,,0,30,,215097,1,,,0,70,,215107,1,,,0,30,,215117,1,,,0,70,,215087,1,,,0,30,,215098,1,,,0,70,,215108,1,,,0,30,,215118,1,,,0,20,,215089,1,,,0,70,,215099,1,,,0,30,,215109,1,,,0,70,,215119,1,,,0,15,,215090,1,,,0,70,,215100,1,,,0,30,,215110,1,,,0,70,,215120,1,,,0,10,,215091,1,,,0,30,,215101,1,,,0,65,,215111,1,,,0
9001,'Saturday',645,,215121,36,4,,0,72,,215131,36,4,,0,32,,215141,36,4,,0,72,,215122,36,4,,0,32,,215132,36,4,,0,72,,215142,36,4,,0,32,,215124,36,4,,0,72,,215134,36,4,,0,72,,215143,36,4,,0,32,,215125,36,4,,0,72,,215133,36,4,,0,34,,215144,36,4,,0,72,,215126,36,4,,0,32,,215135,36,4,,0,72,,215145,36,4,,0,32,,215123,36,4,,0,72,,215136,36,4,,0,32,,215146,36,4,,0,72,,215127,36,4,,0,32,,215137,36,4,,0,72,,215147,36,4,,0,32,,215128,36,4,,0,69,,215140,36,4,,0,31,,215148,36,4,,0,72,,215130,36,4,,0,72,,215139,36,4,,0,32,,215149,36,4,,0,72,,215129,36,4,,0,32,,215138,36,4,,0
9001,'Sunday',639,,215150,36,4,,0,72,,215160,36,4,,0,38,,215171,36,4,,0,72,,215151,36,4,,0,32,,215161,36,4,,0,72,,215170,36,4,,0,32,,215153,36,4,,0,72,,215163,36,4,,0,72,,215173,36,4,,0,32,,215152,36,4,,0,72,,215162,36,4,,0,34,,215172,36,4,,0,72,,215154,36,4,,0,32,,215164,36,4,,0,72,,215174,36,4,,0,32,,215155,36,4,,0,72,,215165,36,4,,0,32,,215176,36,4,,0,72,,215156,36,4,,0,32,,215166,36,4,,0,72,,215175,36,4,,0,32,,215157,36,4,,0,69,,215167,36,4,,0,31,,215177,36,4,,0,72,,215158,36,4,,0,72,,215168,36,4,,0,32,,215178,36,4,,0,72,,215159,36,4,,0,32,,215169,36,4,,0
9001,'Weekday',643,,215179,36,4,,0,76,,215189,36,4,,0,30,,215198,36,4,,0,70,,215207,36,4,,0,30,,215180,36,4,,0,70,,215188,36,4,,0,29,,215199,36,4,,0,70,,215208,36,4,,0,30,,215182,36,4,,0,70,,215190,36,4,,0,30,,215200,36,4,,0,70,,215209,36,4,,0,30,,215181,36,4,,0,70,,215191,36,4,,0,30,,215201,36,4,,0,70,,215210,36,4,,0,30,,215184,36,4,,0,71,,215192,36,4,,0,30,,215202,36,4,,0,70,,215211,36,4,,0,30,,215183,36,4,,0,70,,215193,36,4,,0,30,,215203,36,4,,0,70,,215212,36,4,,0,29,,215185,36,4,,0,62,,215194,36,4,,0,30,,215204,36,4,,0,70,,215213,36,4,,0,15,,215186,36,4,,0,30,,215195,36,4,,0,70,,215205,36,4,,0,30,,215214,36,4,,0,50,,215187,36,4,,0,30,,215196,36,4,,0,70,,215206,36,4,,0,30,,215215,36,4,,0,75,,215197,36,4,,0
10401,'Saturday',624,,217445,26,4,,0,32,,217433,26,4,,0,72,,217447,26,4,,0,72,,217432,26,4,,0,32,,217449,26,4,,0,72,,217435,26,4,,0,32,,217451,26,4,,0,72,,217434,26,4,,0,32,,217450,26,4,,0,72,,217436,26,4,,0,32,,217452,26,4,,0,72,,217437,26,4,,0,32,,217453,26,4,,0,72,,217438,26,4,,0,32,,217454,26,4,,0,72,,217440,26,4,,0,32,,217455,26,4,,0,72,,217439,26,4,,0,72,,217456,26,4,,0,32,,217441,26,4,,0,72,,217457,26,4,,0,32,,217442,26,4,,0,72,,217458,26,4,,0,31,,217443,26,4,,0,72,,217459,26,4,,0,32,,217444,26,4,,0,72,,217460,26,4,,0,32,,217448,26,4,,0,72,,217461,26,4,,0,34,,217446,26,4,,0
10401,'Sunday',624,,217476,26,4,,0,32,,217462,26,4,,0,72,,217479,26,4,,0,72,,217463,26,4,,0,32,,217478,26,4,,0,72,,217465,26,4,,0,32,,217480,26,4,,0,72,,217464,26,4,,0,32,,217481,26,4,,0,72,,217466,26,4,,0,32,,217482,26,4,,0,72,,217467,26,4,,0,32,,217483,26,4,,0,72,,217468,26,4,,0,32,,217484,26,4,,0,72,,217469,26,4,,0,32,,217485,26,4,,0,72,,217470,26,4,,0,72,,217486,26,4,,0,32,,217471,26,4,,0,72,,217487,26,4,,0,32,,217472,26,4,,0,72,,217488,26,4,,0,31,,217473,26,4,,0,72,,217490,26,4,,0,32,,217474,26,4,,0,72,,217489,26,4,,0,32,,217475,26,4,,0,72,,217491,26,4,,0,34,,217477,26,4,,0
10401,'Weekday',604,,217510,26,4,,0,35,,217493,26,4,,0,71,,217511,26,4,,0,36,,217492,26,4,,0,72,,217512,26,4,,0,31,,217494,26,4,,0,72,,217513,26,4,,0,31,,217495,26,4,,0,72,,217515,26,4,,0,32,,217496,26,4,,0,72,,217514,26,4,,0,72,,217497,26,4,,0,32,,217516,26,4,,0,72,,217498,26,4,,0,32,,217517,26,4,,0,72,,217499,26,4,,0,32,,217519,26,4,,0,75,,217500,26,4,,0,32,,217518,26,4,,0,73,,217501,26,4,,0,32,,217520,26,4,,0,73,,217502,26,4,,0,30,,217521,26,4,,0,72,,217503,26,4,,0,30,,217522,26,4,,0,69,,217504,26,4,,0,32,,217523,26,4,,0,72,,217505,26,4,,0,72,,217524,26,4,,0,32,,217506,26,4,,0,72,,217525,26,4,,0,32,,217507,26,4,,0,72,,217526,26,4,,0,32,,217508,26,4,,0,72,,217527,26,4,,0,37,,217509,26,4,,0
