3600,'Saturday',601,,207286,7,,,0,45,,207290,7,,,0,85,,207293,7,,,0,85,,207295,7,,,0,85,,207287,7,,,0,45,,207291,7,,,0,85,,207292,7,,,0,85,,207294,7,,,0,85,,207274,7,,,0,45,,207275,7,,,0,85,,207276,7,,,0,85,,207277,7,,,0,85,,207278,7,,,0,45,,207279,7,,,0,85,,207280,7,,,0,85,,207281,7,,,0,85,,207282,7,,,0,45,,207283,7,,,0,85,,207288,7,,,0,85,,207284,7,,,0,85,,207285,7,,,0,45,,207289,7,,,0,85,,207297,7,,,0,85,,207296,7,,,0
3600,'Sunday',731,,207311,7,,,0,85,,207313,7,,,0,85,,207309,7,,,0,45,,207308,7,,,0,85,,207310,7,,,0,85,,207312,7,,,0,85,,207299,7,,,0,45,,207298,7,,,0,85,,207300,7,,,0,85,,207301,7,,,0,85,,207302,7,,,0,45,,207303,7,,,0,85,,207304,7,,,0,85,,207305,7,,,0,85,,207306,7,,,0,45,,207307,7,,,0,85,,207314,7,,,0,85,,207316,7,,,0,85,,207317,7,,,0,45,,207319,7,,,0,85,,207318,7,,,0,85,,207315,7,,,0
3600,'Weekday',514,,207320,4,,,0,111,,207331,7,,,0,75,,207332,7,,,0,35,,207333,7,,,0,75,,207334,7,,,0,35,,207335,7,,,0,75,,207337,7,,,0,35,,207336,7,,,0,75,,207341,7,,,0,75,,207338,7,,,0,35,,207339,7,,,0,75,,207340,7,,,0,35,,207342,7,,,0,75,,207343,7,,,0,75,,207344,7,,,0,35,,207345,7,,,0,75,,207346,7,,,0,36,,207347,7,,,0,75,,207348,7,,,0,35,,207349,7,,,0,75,,207350,7,,,0,73,,207322,7,,,0,35,,207323,7,,,0,73,,207321,7,,,0,32,,207324,7,,,0,81,,207325,7,,,0,81,,207326,7,,,0,41,,207327,7,,,0,81,,207328,7,,,0,81,,207329,7,,,0,41,,207330,7,,,0
4100,'Saturday',556,,208209,4,,,0,83,,208208,30,,,0,85,,208206,30,,,0,85,,208191,30,,,0,45,,208192,30,,,0,85,,208193,30,,,0,85,,208194,30,,,0,85,,208195,30,,,0,47,,208196,30,,,0,85,,208197,30,,,0,85,,208198,30,,,0,85,,208199,30,,,0,45,,208200,30,,,0,85,,208202,30,,,0,85,,208203,30,,,0,85,,208204,30,,,0,45,,208201,30,,,0,85,,208205,30,,,0,83,,208207,30,,,0
4100,'Weekday',550,,208210,4,,,0,76,,208213,30,,,0,76,,208214,30,,,0,35,,208215,30,,,0,75,,208216,30,,,0,37,,208217,30,,,0,72,,208221,30,,,0,35,,208219,30,,,0,75,,208222,30,,,0,75,,208220,30,,,0,35,,208218,30,,,0,75,,208224,30,,,0,35,,208223,30,,,0,75,,208227,30,,,0,75,,208225,30,,,0,35,,208226,30,,,0,76,,208228,30,,,0,36,,208229,30,,,0,74,,208230,30,,,0,35,,208231,30,,,0,72,,208232,30,,,0,75,,208233,30,,,0,36,,208211,30,,,0,72,,208212,30,,,0
4100,'Weekday0000100',1243,,208234,17,,,0
4100,'Weekday1111000',1503,,208235,17,,,0
77901,'Weekday',817,,226167,27,0,95 255,0
85300,'Weekday',1551,,226294,5,0,12 93 94,0
85301,'Weekday',822,,226295,3,0,12 93 94,0
