900,'Saturday',648,,203413,63,4,,0,72,,203445,63,4,,0,32,,203414,63,4,,0,72,,203415,63,4,,0,32,,203416,63,4,,0,72,,203417,63,4,,0,72,,203418,63,4,,0,32,,203419,63,4,,0,73,,203420,63,4,,0,33,,203421,63,4,,0,72,,203422,63,4,,0,33,,203423,63,4,,0,72,,203424,63,4,,0,32,,203425,63,4,,0,72,,203426,63,4,,0,32,,203427,63,4,,0,72,,203428,63,4,,0,32,,203429,63,4,,0,72,,203430,63,4,,0,32,,203431,63,4,,0,72,,203432,63,4,,0,72,,203433,63,4,,0,32,,203434,63,4,,0,72,,203435,63,4,,0,32,,203436,63,4,,0,72,,203437,63,4,,0,32,,203438,63,4,,0,72,,203439,63,4,,0,30,,203440,63,4,,0,71,,203441,63,4,,0,30,,203442,63,4,,0,72,,203443,63,4,,0,32,,203444,63,4,,0,65,,203446,63,4,,0
900,'Sunday',648,,203461,63,4,,0,72,,203447,63,4,,0,32,,203454,63,4,,0,72,,203468,63,4,,0,32,,203475,63,4,,0,72,,203462,63,4,,0,72,,203448,63,4,,0,32,,203455,63,4,,0,73,,203469,63,4,,0,33,,203476,63,4,,0,72,,203463,63,4,,0,33,,203449,63,4,,0,72,,203456,63,4,,0,32,,203470,63,4,,0,72,,203477,63,4,,0,32,,203464,63,4,,0,72,,203450,63,4,,0,32,,203457,63,4,,0,72,,203471,63,4,,0,32,,203478,63,4,,0,72,,203465,63,4,,0,72,,203451,63,4,,0,32,,203458,63,4,,0,72,,203472,63,4,,0,32,,203479,63,4,,0,72,,203466,63,4,,0,32,,203452,63,4,,0,72,,203459,63,4,,0,30,,203473,63,4,,0,71,,203480,63,4,,0,30,,203467,63,4,,0,72,,203453,63,4,,0,32,,203460,63,4,,0,65,,203474,63,4,,0
900,'Weekday',533,,203489,63,4,,0,22,,203502,63,4,,0,65,,203514,63,4,,0,24,,203481,63,4,,0,66,,203497,63,4,,0,23,,203507,63,4,,0,22,,203529,63,4,,0,56,,203522,63,4,,0,22,,203490,63,4,,0,11,,203533,63,4,,0,11,,203503,63,4,,0,65,,203515,63,4,,0,22,,203482,63,4,,0,61,,203498,63,4,,0,22,,203508,63,4,,0,22,,203530,63,4,,0,62,,203523,63,4,,0,22,,203491,63,4,,0,22,,203504,63,4,,0,62,,203516,63,4,,0,22,,203483,63,4,,0,22,,203499,63,4,,0,62,,203509,63,4,,0,22,,203531,63,4,,0,62,,203524,63,4,,0,22,,203492,63,4,,0,22,,203505,63,4,,0,63,,203517,63,4,,0,24,,203484,63,4,,0,23,,203500,63,4,,0,66,,203510,63,4,,0,6,,203535,63,4,,0,18,,203532,63,4,,0,9,,203534,63,4,,0,54,,203525,63,4,,0,8,,203536,63,4,,0,15,,203493,63,4,,0,7,,203537,63,4,,0,16,,203506,63,4,,0,58,,203518,63,4,,0,21,,203485,63,4,,0,19,,203501,63,4,,0,57,,203511,63,4,,0,34,,203526,63,4,,0,66,,203494,63,4,,0,34,,203519,63,4,,0,70,,203486,63,4,,0,30,,203512,63,4,,0,70,,203527,63,4,,0,30,,203495,63,4,,0,70,,203520,63,4,,0,30,,203487,63,4,,0,70,,203513,63,4,,0,30,,203528,63,4,,0,70,,203496,63,4,,0,30,,203521,63,4,,0
900,'Weekday0000100',1319,,203538,5,4,,0
900,'Weekday1111000',1528,,203539,5,4,,0
901,'Saturday',457,,203540,1,,,0,65,,203545,1,,,0,32,,203546,1,,,0,72,,203547,1,,,0,32,,203548,1,,,0,72,,203549,1,,,0,72,,203550,1,,,0,32,,203551,1,,,0,72,,203552,1,,,0,32,,203553,1,,,0,72,,203554,1,,,0,32,,203555,1,,,0,72,,203556,1,,,0,32,,203557,1,,,0,72,,203558,1,,,0,32,,203559,1,,,0,72,,203560,1,,,0,32,,203561,1,,,0,72,,203562,1,,,0,32,,203563,1,,,0,72,,203564,1,,,0,72,,203565,1,,,0,32,,203566,1,,,0,72,,203567,1,,,0,32,,203568,1,,,0,72,,203569,1,,,0,32,,203570,1,,,0,72,,203571,1,,,0,32,,203572,1,,,0,72,,203573,1,,,0,32,,203574,1,,,0,72,,203541,1,,,0,32,,203544,1,,,0,72,,203542,1,,,0,25,,203543,1,,,0
901,'Sunday',457,,203575,1,,,0,65,,203582,1,,,0,32,,203596,1,,,0,72,,203603,1,,,0,32,,203589,1,,,0,72,,203576,1,,,0,72,,203583,1,,,0,32,,203597,1,,,0,72,,203604,1,,,0,32,,203590,1,,,0,72,,203577,1,,,0,32,,203584,1,,,0,72,,203598,1,,,0,32,,203605,1,,,0,72,,203591,1,,,0,32,,203578,1,,,0,72,,203585,1,,,0,32,,203599,1,,,0,72,,203606,1,,,0,32,,203592,1,,,0,72,,203579,1,,,0,72,,203586,1,,,0,32,,203600,1,,,0,72,,203607,1,,,0,32,,203593,1,,,0,72,,203580,1,,,0,32,,203587,1,,,0,72,,203601,1,,,0,32,,203608,1,,,0,72,,203594,1,,,0,32,,203581,1,,,0,72,,203588,1,,,0,32,,203602,1,,,0,72,,203609,1,,,0,25,,203595,1,,,0
901,'Weekday',417,,203610,1,,,0,22,,203625,1,,,0,62,,203635,1,,,0,22,,203650,1,,,0,22,,203618,1,,,0,62,,203630,1,,,0,22,,203643,1,,,0,22,,203611,1,,,0,62,,203626,1,,,0,11,,203663,1,,,0,11,,203636,1,,,0,11,,203664,1,,,0,11,,203658,1,,,0,51,,203670,1,,,0,11,,203651,1,,,0,11,,203665,1,,,0,11,,203619,1,,,0,11,,203662,1,,,0,51,,203631,1,,,0,22,,203644,1,,,0,22,,203612,1,,,0,62,,203627,1,,,0,22,,203637,1,,,0,22,,203659,1,,,0,62,,203652,1,,,0,22,,203620,1,,,0,22,,203632,1,,,0,62,,203645,1,,,0,22,,203613,1,,,0,62,,203628,1,,,0,22,,203638,1,,,0,22,,203660,1,,,0,62,,203653,1,,,0,22,,203621,1,,,0,22,,203633,1,,,0,63,,203646,1,,,0,10,,203666,1,,,0,13,,203614,1,,,0,9,,203667,1,,,0,54,,203629,1,,,0,8,,203668,1,,,0,15,,203639,1,,,0,23,,203661,1,,,0,63,,203654,1,,,0,23,,203622,1,,,0,15,,203669,1,,,0,8,,203634,1,,,0,63,,203647,1,,,0,30,,203615,1,,,0,70,,203640,1,,,0,30,,203655,1,,,0,70,,203623,1,,,0,30,,203648,1,,,0,70,,203616,1,,,0,30,,203641,1,,,0,70,,203656,1,,,0,30,,203624,1,,,0,70,,203649,1,,,0,30,,203617,1,,,0,70,,203642,1,,,0,30,,203657,1,,,0
10500,'Saturday',701,,217539,32,4,,0,40,,217530,32,4,,0,80,,217545,32,4,,0,80,,217534,32,4,,0,40,,217540,32,4,,0,80,,217529,32,4,,0,80,,217547,32,4,,0,40,,217535,32,4,,0,82,,217541,32,4,,0,80,,217532,32,4,,0,40,,217548,32,4,,0,80,,217536,32,4,,0,80,,217543,32,4,,0,40,,217531,32,4,,0,80,,217549,32,4,,0,80,,217537,32,4,,0,40,,217542,32,4,,0,79,,217533,32,4,,0,80,,217546,32,4,,0,40,,217538,32,4,,0,80,,217544,32,4,,0,80,,217528,32,4,,0
10500,'Sunday',701,,217550,32,4,,0,40,,217557,32,4,,0,80,,217564,32,4,,0,80,,217551,32,4,,0,40,,217558,32,4,,0,80,,217565,32,4,,0,80,,217552,32,4,,0,40,,217559,32,4,,0,82,,217566,32,4,,0,80,,217553,32,4,,0,40,,217560,32,4,,0,80,,217567,32,4,,0,80,,217554,32,4,,0,40,,217561,32,4,,0,80,,217568,32,4,,0,80,,217555,32,4,,0,40,,217562,32,4,,0,79,,217569,32,4,,0,80,,217556,32,4,,0,40,,217563,32,4,,0,80,,217570,32,4,,0,80,,217571,32,4,,0
10500,'Weekday',555,,217597,32,4,,0,71,,217588,32,4,,0,74,,217580,32,4,,0,30,,217572,32,4,,0,70,,217598,32,4,,0,30,,217589,32,4,,0,70,,217581,32,4,,0,30,,217573,32,4,,0,70,,217599,32,4,,0,30,,217591,32,4,,0,70,,217582,32,4,,0,30,,217574,32,4,,0,70,,217600,32,4,,0,30,,217590,32,4,,0,70,,217583,32,4,,0,30,,217575,32,4,,0,70,,217601,32,4,,0,30,,217592,32,4,,0,71,,217584,32,4,,0,26,,217576,32,4,,0,4,,217606,19,4,,0,70,,217602,32,4,,0,30,,217593,32,4,,0,70,,217585,32,4,,0,29,,217577,32,4,,0,70,,217603,32,4,,0,30,,217594,32,4,,0,27,,217586,32,4,,0,70,,217578,32,4,,0,30,,217604,32,4,,0,70,,217595,32,4,,0,28,,217587,32,4,,0,70,,217579,32,4,,0,30,,217605,32,4,,0,83,,217596,32,4,,0
10500,'Weekday0000100',1316,,217607,19,4,,0
10500,'Weekday1111000',1517,,217608,32,4,,0
10501,'Saturday',617,,217609,1,,,0,35,,217619,1,,,0,80,,217616,1,,,0,80,,217618,1,,,0,40,,217621,1,,,0,80,,217617,1,,,0,80,,217620,1,,,0,40,,217623,1,,,0,80,,217624,1,,,0,80,,217626,1,,,0,40,,217622,1,,,0,80,,217627,1,,,0,80,,217628,1,,,0,40,,217625,1,,,0,80,,217629,1,,,0,80,,217630,1,,,0,40,,217614,1,,,0,80,,217613,1,,,0,80,,217615,1,,,0,40,,217611,1,,,0,80,,217612,1,,,0,80,,217610,1,,,0
10501,'Sunday',617,,217631,1,,,0,35,,217638,1,,,0,80,,217645,1,,,0,80,,217632,1,,,0,40,,217639,1,,,0,80,,217646,1,,,0,80,,217633,1,,,0,40,,217640,1,,,0,80,,217647,1,,,0,80,,217634,1,,,0,40,,217641,1,,,0,80,,217648,1,,,0,80,,217635,1,,,0,40,,217642,1,,,0,80,,217649,1,,,0,80,,217636,1,,,0,40,,217643,1,,,0,80,,217650,1,,,0,80,,217637,1,,,0,40,,217644,1,,,0,80,,217652,1,,,0,80,,217651,1,,,0
10501,'Weekday',510,,217678,1,,,0,30,,217669,1,,,0,69,,217661,1,,,0,30,,217653,1,,,0,70,,217679,1,,,0,30,,217672,1,,,0,70,,217662,1,,,0,15,,217687,1,,,0,15,,217654,1,,,0,70,,217680,1,,,0,30,,217670,1,,,0,70,,217663,1,,,0,30,,217655,1,,,0,70,,217681,1,,,0,30,,217671,1,,,0,70,,217664,1,,,0,30,,217656,1,,,0,70,,217682,1,,,0,30,,217673,1,,,0,70,,217665,1,,,0,30,,217657,1,,,0,70,,217683,1,,,0,30,,217674,1,,,0,70,,217666,1,,,0,30,,217658,1,,,0,70,,217684,1,,,0,30,,217675,1,,,0,70,,217668,1,,,0,30,,217659,1,,,0,70,,217685,1,,,0,30,,217676,1,,,0,70,,217667,1,,,0,30,,217660,1,,,0,70,,217686,1,,,0,43,,217677,1,,,0
80200,'Weekday',843,,226213,27,0,127 187,0
80201,'Weekday',1524,,226214,2,0,127 187,0
83300,'Weekday',1551,,226270,3,4,,0
83301,'Weekday',825,,226271,1,0,188 138 150,0
