9901,'Saturday',604,,216658,4,,,0,30,,216661,4,,,0,70,,216689,4,,,0,30,,216659,4,,,0,70,,216662,4,,,0,30,,216692,4,,,0,70,,216665,4,,,0,30,,216666,4,,,0,70,,216683,4,,,0,30,,216663,4,,,0,70,,216664,4,,,0,30,,216691,4,,,0,70,,216668,4,,,0,30,,216669,4,,,0,70,,216682,4,,,0,30,,216670,4,,,0,70,,216671,4,,,0,30,,216684,4,,,0,70,,216673,4,,,0,30,,216667,4,,,0,70,,216685,4,,,0,30,,216675,4,,,0,70,,216672,4,,,0,30,,216686,4,,,0,70,,216674,4,,,0,30,,216676,4,,,0,70,,216687,4,,,0,30,,216677,4,,,0,70,,216678,4,,,0,30,,216688,4,,,0,70,,216679,4,,,0,30,,216680,4,,,0,70,,216690,4,,,0,30,,216681,4,,,0,70,,216660,4,,,0
9901,'Sunday',604,,216693,4,,,0,30,,216694,4,,,0,70,,216720,4,,,0,30,,216695,4,,,0,70,,216696,4,,,0,30,,216722,4,,,0,70,,216698,4,,,0,30,,216699,4,,,0,70,,216723,4,,,0,30,,216703,4,,,0,70,,216700,4,,,0,30,,216721,4,,,0,70,,216701,4,,,0,30,,216697,4,,,0,70,,216724,4,,,0,30,,216702,4,,,0,70,,216704,4,,,0,30,,216719,4,,,0,70,,216705,4,,,0,30,,216706,4,,,0,70,,216718,4,,,0,30,,216707,4,,,0,70,,216708,4,,,0,30,,216716,4,,,0,70,,216709,4,,,0,30,,216710,4,,,0,70,,216715,4,,,0,30,,216711,4,,,0,70,,216712,4,,,0,30,,216717,4,,,0,70,,216713,4,,,0,30,,216714,4,,,0
9901,'Weekday',440,,216735,4,,,0,70,,216736,4,,,0,30,,216737,4,,,0,70,,216738,4,,,0,33,,216739,4,,,0,70,,216740,4,,,0,30,,216741,4,,,0,70,,216744,4,,,0,30,,216745,4,,,0,70,,216746,4,,,0,30,,216742,4,,,0,70,,216743,4,,,0,30,,216748,4,,,0,70,,216749,4,,,0,30,,216750,4,,,0,70,,216747,4,,,0,30,,216751,4,,,0,70,,216752,4,,,0,30,,216753,4,,,0,70,,216754,4,,,0,30,,216755,4,,,0,70,,216756,4,,,0,30,,216757,4,,,0,70,,216758,4,,,0,30,,216760,4,,,0,70,,216761,4,,,0,30,,216762,4,,,0,70,,216759,4,,,0,30,,216734,4,,,0,70,,216733,4,,,0,30,,216763,4,,,0,70,,216732,4,,,0,30,,216726,4,,,0,70,,216728,4,,,0,30,,216727,4,,,0,70,,216731,4,,,0,30,,216725,4,,,0,70,,216729,4,,,0,30,,216730,4,,,0
12501,'Weekday',521,,219022,4,,,0,35,,219025,4,,,0,70,,219026,4,,,0,30,,219027,4,,,0,70,,219023,4,,,0,30,,219024,4,,,0,70,,219003,4,,,0,30,,219004,4,,,0,70,,219005,4,,,0,30,,219002,4,,,0,70,,219006,4,,,0,30,,219008,4,,,0,70,,219009,4,,,0,30,,219011,4,,,0,70,,219007,4,,,0,30,,219012,4,,,0,70,,219013,4,,,0,30,,219010,4,,,0,70,,219014,4,,,0,31,,219015,4,,,0,70,,219016,4,,,0,30,,219017,4,,,0,70,,219018,4,,,0,30,,219019,4,,,0,70,,219020,4,,,0,30,,219021,4,,,0,70,,218997,4,,,0,30,,218998,4,,,0,69,,218996,4,,,0,30,,218999,4,,,0,70,,219000,4,,,0,32,,219001,4,,,0
12600,'Saturday',523,,219028,4,,,0,30,,219030,4,,,0,70,,219031,4,,,0,30,,219029,4,,,0,70,,219032,4,,,0,30,,219033,4,,,0,70,,219035,4,,,0,30,,219036,4,,,0,70,,219037,4,,,0,30,,219034,4,,,0,70,,219038,4,,,0,30,,219040,4,,,0,70,,219041,4,,,0,30,,219043,4,,,0,70,,219039,4,,,0,30,,219044,4,,,0,70,,219042,4,,,0,30,,219046,4,,,0,70,,219047,4,,,0,30,,219045,4,,,0,70,,219051,4,,,0,30,,219048,4,,,0,70,,219052,4,,,0,30,,219053,4,,,0,70,,219054,4,,,0,30,,219049,4,,,0,70,,219050,4,,,0,30,,219055,4,,,0,70,,219056,4,,,0,30,,219057,4,,,0,70,,219058,4,,,0,30,,219059,4,,,0,70,,219060,4,,,0,30,,219061,4,,,0,70,,219062,4,,,0,30,,219063,4,,,0,70,,219064,4,,,0
12600,'Sunday',633,,219066,4,,,0,70,,219065,4,,,0,30,,219067,4,,,0,70,,219068,4,,,0,30,,219070,4,,,0,70,,219072,4,,,0,30,,219073,4,,,0,70,,219069,4,,,0,30,,219074,4,,,0,70,,219075,4,,,0,30,,219076,4,,,0,70,,219078,4,,,0,30,,219071,4,,,0,70,,219079,4,,,0,30,,219080,4,,,0,70,,219077,4,,,0,30,,219081,4,,,0,70,,219082,4,,,0,30,,219083,4,,,0,70,,219084,4,,,0,30,,219085,4,,,0,70,,219086,4,,,0,30,,219088,4,,,0,70,,219089,4,,,0,30,,219090,4,,,0,70,,219087,4,,,0,30,,219091,4,,,0,70,,219092,4,,,0,30,,219094,4,,,0,70,,219096,4,,,0,30,,219097,4,,,0,70,,219093,4,,,0,30,,219098,4,,,0,70,,219095,4,,,0,30,,219099,4,,,0
12600,'Weekday',611,,219102,4,,,0,30,,219103,4,,,0,70,,219100,4,,,0,30,,219104,4,,,0,70,,219105,4,,,0,30,,219106,4,,,0,70,,219115,4,,,0,30,,219120,4,,,0,70,,219121,4,,,0,30,,219119,4,,,0,70,,219122,4,,,0,30,,219123,4,,,0,70,,219124,4,,,0,30,,219125,4,,,0,70,,219126,4,,,0,30,,219128,4,,,0,70,,219129,4,,,0,30,,219127,4,,,0,71,,219132,4,,,0,30,,219134,4,,,0,70,,219133,4,,,0,30,,219131,4,,,0,70,,219135,4,,,0,30,,219136,4,,,0,70,,219130,4,,,0,30,,219107,4,,,0,69,,219108,4,,,0,30,,219109,4,,,0,70,,219110,4,,,0,30,,219112,4,,,0,70,,219113,4,,,0,30,,219114,4,,,0,70,,219111,4,,,0,30,,219116,4,,,0,70,,219117,4,,,0,35,,219118,4,,,0
78000,'Weekday',820,,226168,1,0,95 96 156,0
78001,'Weekday0000100',1420,,226169,2,0,95 96 156,0
78001,'Weekday1111000',1552,,226170,2,0,95 96 156,0
