8000,'Saturday',805,,214026,3,,,0,30,,214027,3,,,0,70,,214028,3,,,0,30,,214029,3,,,0,70,,214030,3,,,0,30,,214031,3,,,0,70,,214032,3,,,0,30,,214033,3,,,0,70,,214034,3,,,0,30,,214035,3,,,0,70,,214036,3,,,0,30,,214037,3,,,0,70,,214038,3,,,0,30,,214039,3,,,0,70,,214040,3,,,0,30,,214041,3,,,0,70,,214042,3,,,0,30,,214043,3,,,0,70,,214044,3,,,0,30,,214045,3,,,0,70,,214046,3,,,0,30,,214047,3,,,0,70,,214048,3,,,0
8000,'Sunday',805,,214049,3,,,0,30,,214050,3,,,0,70,,214051,3,,,0,30,,214052,3,,,0,70,,214053,3,,,0,30,,214054,3,,,0,70,,214055,3,,,0,30,,214056,3,,,0,70,,214057,3,,,0,30,,214058,3,,,0,70,,214059,3,,,0,30,,214060,3,,,0,70,,214061,3,,,0,30,,214062,3,,,0,70,,214063,3,,,0,30,,214064,3,,,0,70,,214065,3,,,0,30,,214066,3,,,0,70,,214067,3,,,0,30,,214068,3,,,0,70,,214069,3,,,0,30,,214070,3,,,0,70,,214071,3,,,0
8000,'Weekday',532,,214085,3,,,0,70,,214083,3,,,0,33,,214072,3,,,0,70,,214073,3,,,0,30,,214075,3,,,0,70,,214076,3,,,0,30,,214077,3,,,0,70,,214087,3,,,0,30,,214088,3,,,0,70,,214091,3,,,0,30,,214092,3,,,0,70,,214093,3,,,0,30,,214094,3,,,0,70,,214095,3,,,0,30,,214096,3,,,0,70,,214097,3,,,0,30,,214098,3,,,0,70,,214090,3,,,0,30,,214089,3,,,0,70,,214074,3,,,0,30,,214078,3,,,0,70,,214079,3,,,0,30,,214080,3,,,0,70,,214081,3,,,0,30,,214082,3,,,0,70,,214086,3,,,0,30,,214084,3,,,0,70,,214101,3,,,0,30,,214102,3,,,0,70,,214103,3,,,0,30,,214104,3,,,0,70,,214099,3,,,0,30,,214100,3,,,0
15901,'Saturday',541,,222203,3,,,0,75,,222204,3,,,0,20,,222170,3,,,0,18,,222205,3,,,0,58,,222171,3,,,0,18,,222206,3,,,0,18,,222172,3,,,0,58,,222207,3,,,0,18,,222173,3,,,0,18,,222208,3,,,0,58,,222174,3,,,0,18,,222209,3,,,0,18,,222175,3,,,0,18,,222210,3,,,0,58,,222176,3,,,0,18,,222211,3,,,0,18,,222177,3,,,0,58,,222212,3,,,0,18,,222178,3,,,0,18,,222213,3,,,0,58,,222179,3,,,0,18,,222214,3,,,0,18,,222180,3,,,0,18,,222215,3,,,0,58,,222181,3,,,0,18,,222216,3,,,0,18,,222182,3,,,0,58,,222217,3,,,0,18,,222183,3,,,0,18,,222218,3,,,0,58,,222184,3,,,0,18,,222219,3,,,0,18,,222185,3,,,0,18,,222220,3,,,0,58,,222186,3,,,0,18,,222221,3,,,0,18,,222187,3,,,0,58,,222222,3,,,0,18,,222188,3,,,0,18,,222223,3,,,0,58,,222189,3,,,0,18,,222224,3,,,0,18,,222190,3,,,0,18,,222225,3,,,0,58,,222191,3,,,0,18,,222226,3,,,0,18,,222192,3,,,0,58,,222227,3,,,0,18,,222193,3,,,0,18,,222228,3,,,0,58,,222194,3,,,0,18,,222229,3,,,0,18,,222195,3,,,0,18,,222230,3,,,0,58,,222196,3,,,0,18,,222231,3,,,0,18,,222197,3,,,0,58,,222232,3,,,0,18,,222198,3,,,0,18,,222233,3,,,0,58,,222199,3,,,0,35,,222200,3,,,0,75,,222201,3,,,0,35,,222202,3,,,0
15901,'Sunday',541,,222267,3,,,0,75,,222268,3,,,0,20,,222234,3,,,0,18,,222269,3,,,0,58,,222235,3,,,0,18,,222270,3,,,0,18,,222236,3,,,0,58,,222271,3,,,0,18,,222237,3,,,0,18,,222272,3,,,0,58,,222238,3,,,0,18,,222273,3,,,0,18,,222239,3,,,0,18,,222274,3,,,0,58,,222240,3,,,0,18,,222275,3,,,0,18,,222241,3,,,0,58,,222276,3,,,0,18,,222242,3,,,0,18,,222277,3,,,0,58,,222243,3,,,0,18,,222278,3,,,0,18,,222244,3,,,0,18,,222279,3,,,0,58,,222245,3,,,0,18,,222280,3,,,0,18,,222246,3,,,0,58,,222281,3,,,0,18,,222247,3,,,0,18,,222282,3,,,0,58,,222248,3,,,0,18,,222283,3,,,0,18,,222249,3,,,0,18,,222284,3,,,0,58,,222250,3,,,0,18,,222285,3,,,0,18,,222251,3,,,0,58,,222286,3,,,0,18,,222252,3,,,0,18,,222287,3,,,0,58,,222253,3,,,0,18,,222288,3,,,0,18,,222254,3,,,0,18,,222289,3,,,0,58,,222255,3,,,0,18,,222290,3,,,0,18,,222256,3,,,0,58,,222291,3,,,0,18,,222257,3,,,0,18,,222292,3,,,0,58,,222258,3,,,0,18,,222293,3,,,0,18,,222259,3,,,0,18,,222294,3,,,0,58,,222260,3,,,0,18,,222295,3,,,0,18,,222261,3,,,0,58,,222296,3,,,0,18,,222262,3,,,0,18,,222297,3,,,0,58,,222263,3,,,0,35,,222264,3,,,0,75,,222265,3,,,0,35,,222266,3,,,0
15901,'Weekday',509,,222299,3,,,0,18,,222322,3,,,0,9,,222353,3,,,0,12,,222300,3,,,0,52,,222323,3,,,0,12,,222354,3,,,0,12,,222301,3,,,0,12,,222324,3,,,0,12,,222355,3,,,0,52,,222302,3,,,0,12,,222325,3,,,0,12,,222356,3,,,0,12,,222303,3,,,0,12,,222326,3,,,0,52,,222357,3,,,0,12,,222304,3,,,0,7,,222298,3,,,0,5,,222327,3,,,0,12,,222358,3,,,0,12,,222305,3,,,0,57,,222328,3,,,0,18,,222306,3,,,0,18,,222329,3,,,0,18,,222307,3,,,0,58,,222330,3,,,0,18,,222308,3,,,0,18,,222331,3,,,0,58,,222309,3,,,0,18,,222332,3,,,0,18,,222310,3,,,0,58,,222333,3,,,0,18,,222311,3,,,0,18,,222334,3,,,0,18,,222312,3,,,0,58,,222335,3,,,0,18,,222313,3,,,0,18,,222336,3,,,0,58,,222314,3,,,0,18,,222337,3,,,0,15,,222359,3,,,0,12,,222315,3,,,0,52,,222338,3,,,0,12,,222360,3,,,0,12,,222316,3,,,0,12,,222339,3,,,0,12,,222361,3,,,0,52,,222317,3,,,0,12,,222340,3,,,0,12,,222362,3,,,0,12,,222318,3,,,0,12,,222341,3,,,0,52,,222363,3,,,0,12,,222319,3,,,0,12,,222342,3,,,0,12,,222364,3,,,0,12,,222320,3,,,0,53,,222343,3,,,0,13,,222365,3,,,0,12,,222321,3,,,0,13,,222344,3,,,0,58,,222366,3,,,0,18,,222345,3,,,0,18,,222367,3,,,0,18,,222346,3,,,0,58,,222368,3,,,0,18,,222347,3,,,0,18,,222369,3,,,0,58,,222348,3,,,0,18,,222370,3,,,0,18,,222349,3,,,0,58,,222371,3,,,0,18,,222350,3,,,0,18,,222372,3,,,0,18,,222351,3,,,0,58,,222373,3,,,0,18,,222352,3,,,0,18,,222374,3,,,0,75,,222375,3,,,0,75,,222376,3,,,0,35,,222377,3,,,0
15901,'Weekday0000100',1413,,222378,3,,,0
15901,'Weekday1111000',1543,,222379,3,,,0
79800,'Weekday0000100',1228,,226202,3,4,,0
79800,'Weekday1111000',1503,,226203,3,4,,0
