800,'Saturday',717,,203115,15,,,0,27,,203112,15,,,0,67,,203113,15,,,0,27,,203116,15,,,0,67,,203117,15,,,0,27,,203118,15,,,0,27,,203119,15,,,0,67,,203120,15,,,0,27,,203122,15,,,0,67,,203123,15,,,0,27,,203124,15,,,0,67,,203121,15,,,0,27,,203125,15,,,0,67,,203126,15,,,0,27,,203127,15,,,0,67,,203128,15,,,0,27,,203129,15,,,0,27,,203130,15,,,0,67,,203131,15,,,0,27,,203132,15,,,0,67,,203114,15,,,0,27,,203133,15,,,0,67,,203134,15,,,0,27,,203135,15,,,0,67,,203136,15,,,0,27,,203137,15,,,0,27,,203138,15,,,0,67,,203139,15,,,0,27,,203140,15,,,0,77,,203141,15,,,0,77,,203142,15,,,0,35,,203143,15,,,0,75,,203144,15,,,0,35,,203145,15,,,0,75,,203146,15,,,0,75,,203147,15,,,0,35,,203148,15,,,0
800,'Sunday',717,,203150,15,,,0,27,,203149,15,,,0,67,,203152,15,,,0,27,,203151,15,,,0,67,,203153,15,,,0,27,,203154,15,,,0,27,,203155,15,,,0,67,,203157,15,,,0,27,,203156,15,,,0,67,,203158,15,,,0,27,,203159,15,,,0,67,,203160,15,,,0,27,,203162,15,,,0,67,,203164,15,,,0,27,,203163,15,,,0,67,,203161,15,,,0,27,,203166,15,,,0,27,,203165,15,,,0,67,,203167,15,,,0,27,,203169,15,,,0,67,,203171,15,,,0,27,,203170,15,,,0,67,,203172,15,,,0,27,,203173,15,,,0,67,,203168,15,,,0,27,,203174,15,,,0,27,,203176,15,,,0,67,,203175,15,,,0,27,,203177,15,,,0,77,,203178,15,,,0,77,,203179,15,,,0,35,,203180,15,,,0,75,,203181,15,,,0,35,,203183,15,,,0,75,,203182,15,,,0,75,,203184,15,,,0,35,,203185,15,,,0
800,'Weekday',501,,203186,15,,,0,17,,203189,15,,,0,17,,203201,15,,,0,17,,203221,15,,,0,57,,203231,15,,,0,17,,203250,15,,,0,17,,203213,15,,,0,57,,203187,15,,,0,17,,203190,15,,,0,17,,203202,15,,,0,17,,203222,15,,,0,57,,203229,15,,,0,5,,203244,15,,,0,6,,203245,15,,,0,6,,203251,15,,,0,9,,203246,15,,,0,8,,203214,15,,,0,16,,203188,15,,,0,56,,203191,15,,,0,16,,203203,15,,,0,21,,203223,15,,,0,61,,203252,15,,,0,21,,203215,15,,,0,21,,203192,15,,,0,61,,203204,15,,,0,21,,203224,15,,,0,21,,203253,15,,,0,61,,203216,15,,,0,21,,203193,15,,,0,61,,203205,15,,,0,21,,203226,15,,,0,21,,203254,15,,,0,62,,203218,15,,,0,21,,203194,15,,,0,24,,203206,15,,,0,57,,203225,15,,,0,5,,203236,15,,,0,5,,203238,15,,,0,7,,203232,15,,,0,5,,203239,2,,,0,5,,203235,15,,,0,7,,203255,15,,,0,5,,203247,15,,,0,5,,203240,2,,,0,7,,203217,15,,,0,45,,203248,15,,,0,5,,203241,2,,,0,7,,203195,15,,,0,5,,203249,15,,,0,5,,203242,2,,,0,7,,203234,15,,,0,5,,203243,2,,,0,5,,203237,15,,,0,7,,203207,15,,,0,57,,203227,15,,,0,17,,203233,15,,,0,17,,203256,15,,,0,17,,203219,15,,,0,64,,203196,15,,,0,21,,203208,15,,,0,63,,203228,15,,,0,19,,203257,15,,,0,19,,203220,15,,,0,61,,203197,15,,,0,21,,203209,15,,,0,22,,203230,15,,,0,61,,203260,15,,,0,32,,203198,15,,,0,74,,203210,15,,,0,33,,203258,15,,,0,73,,203199,15,,,0,33,,203211,15,,,0,73,,203259,15,,,0,33,,203200,15,,,0,66,,203212,15,,,0
900,'Saturday',641,,203413,52,,,0,72,,203445,52,,,0,32,,203414,52,,,0,72,,203415,52,,,0,32,,203416,52,,,0,72,,203417,52,,,0,32,,203418,52,,,0,72,,203419,52,,,0,32,,203420,52,,,0,73,,203421,52,,,0,72,,203422,52,,,0,33,,203423,52,,,0,72,,203424,52,,,0,32,,203425,52,,,0,72,,203426,52,,,0,32,,203427,52,,,0,72,,203428,52,,,0,32,,203429,52,,,0,72,,203430,52,,,0,32,,203431,52,,,0,72,,203432,52,,,0,32,,203433,52,,,0,72,,203434,52,,,0,32,,203435,52,,,0,72,,203436,52,,,0,72,,203437,52,,,0,32,,203438,52,,,0,72,,203439,52,,,0,31,,203440,52,,,0,71,,203441,52,,,0,30,,203442,52,,,0,72,,203443,52,,,0,32,,203444,52,,,0,65,,203446,52,,,0
900,'Sunday',641,,203461,52,,,0,72,,203447,52,,,0,32,,203454,52,,,0,72,,203468,52,,,0,32,,203475,52,,,0,72,,203462,52,,,0,32,,203448,52,,,0,72,,203455,52,,,0,32,,203469,52,,,0,73,,203476,52,,,0,72,,203463,52,,,0,33,,203449,52,,,0,72,,203456,52,,,0,32,,203470,52,,,0,72,,203477,52,,,0,32,,203464,52,,,0,72,,203450,52,,,0,32,,203457,52,,,0,72,,203471,52,,,0,32,,203478,52,,,0,72,,203465,52,,,0,32,,203451,52,,,0,72,,203458,52,,,0,32,,203472,52,,,0,72,,203479,52,,,0,72,,203466,52,,,0,32,,203452,52,,,0,72,,203459,52,,,0,31,,203473,52,,,0,71,,203480,52,,,0,30,,203467,52,,,0,72,,203453,52,,,0,32,,203460,52,,,0,65,,203474,52,,,0
900,'Weekday',527,,203489,52,,,0,22,,203502,52,,,0,63,,203514,52,,,0,24,,203481,52,,,0,66,,203497,52,,,0,23,,203507,52,,,0,22,,203529,52,,,0,56,,203522,52,,,0,22,,203490,52,,,0,11,,203533,52,,,0,11,,203503,52,,,0,64,,203515,52,,,0,22,,203482,52,,,0,21,,203498,52,,,0,62,,203508,52,,,0,22,,203530,52,,,0,62,,203523,52,,,0,22,,203491,52,,,0,22,,203504,52,,,0,62,,203516,52,,,0,22,,203483,52,,,0,22,,203499,52,,,0,62,,203509,52,,,0,22,,203531,52,,,0,22,,203524,52,,,0,62,,203492,52,,,0,22,,203505,52,,,0,62,,203517,52,,,0,24,,203484,52,,,0,23,,203500,52,,,0,66,,203510,52,,,0,6,,203535,52,,,0,18,,203532,52,,,0,9,,203534,52,,,0,54,,203525,52,,,0,8,,203536,52,,,0,15,,203493,52,,,0,7,,203537,52,,,0,16,,203506,52,,,0,60,,203518,52,,,0,21,,203485,52,,,0,19,,203501,52,,,0,57,,203511,52,,,0,34,,203526,52,,,0,66,,203494,52,,,0,34,,203519,52,,,0,70,,203486,52,,,0,30,,203512,52,,,0,70,,203527,52,,,0,30,,203495,52,,,0,70,,203520,52,,,0,30,,203487,52,,,0,70,,203513,52,,,0,30,,203528,52,,,0,70,,203496,52,,,0,30,,203521,52,,,0
8200,'Saturday',634,,214195,6,,,0,70,,214196,6,,,0,30,,214197,6,,,0,70,,214198,6,,,0,30,,214199,6,,,0,70,,214200,6,,,0,30,,214201,6,,,0,70,,214218,6,,,0,30,,214220,6,,,0,70,,214203,6,,,0,30,,214216,6,,,0,70,,214209,6,,,0,30,,214204,6,,,0,70,,214217,6,,,0,30,,214210,6,,,0,70,,214202,6,,,0,30,,214215,6,,,0,70,,214211,6,,,0,30,,214205,6,,,0,70,,214214,6,,,0,30,,214221,6,,,0,70,,214206,6,,,0,30,,214212,6,,,0,70,,214219,6,,,0,30,,214207,6,,,0,70,,214213,6,,,0,30,,214222,6,,,0,70,,214208,6,,,0,30,,214228,6,,,0,70,,214229,6,,,0,30,,214230,6,,,0,70,,214225,6,,,0,30,,214224,6,,,0,70,,214226,6,,,0,30,,214223,6,,,0,70,,214227,6,,,0
8200,'Sunday',634,,214231,6,,,0,70,,214243,6,,,0,30,,214255,6,,,0,70,,214232,6,,,0,30,,214244,6,,,0,70,,214256,6,,,0,30,,214233,6,,,0,70,,214245,6,,,0,30,,214257,6,,,0,70,,214234,6,,,0,30,,214246,6,,,0,70,,214258,6,,,0,30,,214235,6,,,0,70,,214247,6,,,0,30,,214259,6,,,0,70,,214236,6,,,0,30,,214248,6,,,0,70,,214260,6,,,0,30,,214237,6,,,0,70,,214249,6,,,0,30,,214261,6,,,0,70,,214238,6,,,0,30,,214250,6,,,0,70,,214262,6,,,0,30,,214239,6,,,0,70,,214251,6,,,0,30,,214264,6,,,0,70,,214240,6,,,0,30,,214252,6,,,0,70,,214265,6,,,0,30,,214241,6,,,0,70,,214253,6,,,0,30,,214263,6,,,0,70,,214242,6,,,0,30,,214254,6,,,0,70,,214266,6,,,0
8200,'Weekday',630,,214271,6,,,0,75,,214281,6,,,0,33,,214291,6,,,0,17,,214300,6,,,0,56,,214272,6,,,0,33,,214282,6,,,0,73,,214292,6,,,0,32,,214273,6,,,0,73,,214283,6,,,0,33,,214293,6,,,0,73,,214275,6,,,0,74,,214284,6,,,0,33,,214294,6,,,0,73,,214274,6,,,0,33,,214285,6,,,0,73,,214295,6,,,0,33,,214276,6,,,0,74,,214286,6,,,0,14,,214267,6,,,0,19,,214296,6,,,0,57,,214269,6,,,0,16,,214277,6,,,0,17,,214268,6,,,0,15,,214287,6,,,0,57,,214270,6,,,0,16,,214297,6,,,0,73,,214278,6,,,0,33,,214288,6,,,0,72,,214298,6,,,0,33,,214280,6,,,0,73,,214289,6,,,0,33,,214299,6,,,0,73,,214279,6,,,0,33,,214290,6,,,0,73,,214301,6,,,0,73,,214302,6,,,0,33,,214303,6,,,0,73,,214304,6,,,0
8200,'Weekday0000100',1320,,214305,6,,,0
