101,'Saturday',556,,201531,25,,,0,67,,201543,25,,,0,25,,201520,25,,,0,67,,201537,25,,,0,27,,201550,25,,,0,65,,201555,25,,,0,25,,201532,25,,,0,25,,201545,25,,,0,67,,201525,25,,,0,26,,201518,25,,,0,65,,201538,25,,,0,25,,201552,25,,,0,65,,201558,25,,,0,25,,201533,25,,,0,25,,201544,25,,,0,65,,201527,25,,,0,25,,201519,25,,,0,65,,201539,25,,,0,25,,201551,25,,,0,65,,201557,25,,,0,26,,201534,25,,,0,25,,201546,25,,,0,65,,201528,25,,,0,25,,201521,25,,,0,65,,201540,25,,,0,25,,201553,25,,,0,25,,201559,25,,,0,65,,201535,25,,,0,25,,201547,25,,,0,65,,201526,25,,,0,25,,201523,25,,,0,65,,201541,25,,,0,25,,201554,25,,,0,23,,201560,25,,,0,64,,201536,25,,,0,25,,201548,25,,,0,65,,201530,25,,,0,25,,201524,25,,,0,25,,201542,25,,,0,63,,201556,25,,,0,28,,201561,25,,,0,70,,201549,25,,,0,28,,201529,25,,,0,70,,201522,25,,,0
101,'Sunday',556,,201574,25,,,0,67,,201587,25,,,0,25,,201562,25,,,0,66,,201581,25,,,0,28,,201594,25,,,0,65,,201599,25,,,0,25,,201575,25,,,0,25,,201586,25,,,0,68,,201568,25,,,0,25,,201563,25,,,0,65,,201579,25,,,0,25,,201592,25,,,0,65,,201600,25,,,0,25,,201576,25,,,0,25,,201588,25,,,0,65,,201569,25,,,0,25,,201565,25,,,0,65,,201582,25,,,0,25,,201596,25,,,0,65,,201601,25,,,0,26,,201577,25,,,0,25,,201589,25,,,0,65,,201570,25,,,0,25,,201564,25,,,0,65,,201583,25,,,0,25,,201595,25,,,0,25,,201603,25,,,0,65,,201578,25,,,0,25,,201590,25,,,0,65,,201571,25,,,0,25,,201566,25,,,0,65,,201584,25,,,0,25,,201597,25,,,0,24,,201602,25,,,0,63,,201580,25,,,0,25,,201591,25,,,0,65,,201572,25,,,0,25,,201567,25,,,0,25,,201585,25,,,0,62,,201598,25,,,0,29,,201604,25,,,0,70,,201593,25,,,0,28,,201573,25,,,0,70,,201605,25,0,43 236,0
101,'Weekday',501,,201607,25,,,0,18,,201611,25,,,0,17,,201615,25,,,0,16,,201619,25,,,0,58,,201623,25,,,0,19,,201606,25,,,0,17,,201609,25,,,0,57,,201614,25,,,0,16,,201618,25,,,0,16,,201622,25,,,0,16,,201627,25,,,0,56,,201608,25,,,0,16,,201612,25,,,0,15,,201616,25,,,0,16,,201620,25,,,0,56,,201624,25,,,0,19,,201631,25,,,0,19,,201632,25,,,0,59,,201633,25,,,0,19,,201634,25,,,0,20,,201635,25,,,0,59,,201636,25,,,0,19,,201637,25,,,0,19,,201638,25,,,0,59,,201639,25,,,0,19,,201640,25,,,0,19,,201641,25,,,0,19,,201642,25,,,0,59,,201643,25,,,0,19,,201644,25,,,0,19,,201645,25,,,0,61,,201646,25,,,0,20,,201647,25,,,0,19,,201649,25,,,0,59,,201650,25,,,0,19,,201651,25,,,0,19,,201648,25,,,0,56,,201652,25,,,0,16,,201653,25,,,0,16,,201654,25,,,0,15,,201655,25,,,0,53,,201630,25,,,0,15,,201628,25,,,0,16,,201610,25,,,0,16,,201613,25,,,0,56,,201617,25,,,0,16,,201621,25,,,0,16,,201625,25,,,0,56,,201626,25,,,0,21,,201656,25,,,0,21,,201657,25,,,0,61,,201658,25,,,0,21,,201659,25,,,0,21,,201660,25,,,0,61,,201661,25,,,0,20,,201662,25,,,0,20,,201663,25,,,0,61,,201664,25,,,0,21,,201665,25,,,0,21,,201666,25,,,0,61,,201667,25,,,0,21,,201668,25,,,0,21,,201669,25,,,0,61,,201670,25,,,0,21,,201671,25,,,0,21,,201672,25,,,0,61,,201629,25,,,0
301,'Saturday',603,,202169,35,,,0,25,,202177,35,,,0,20,,202187,35,,,0,60,,202195,35,,,0,17,,202203,35,,,0,20,,202210,35,,,0,60,,202217,35,,,0,20,,202170,35,,,0,20,,202178,35,,,0,61,,202185,35,,,0,21,,202197,35,,,0,20,,202204,35,,,0,60,,202211,35,,,0,20,,202219,35,,,0,20,,202171,35,,,0,60,,202180,35,,,0,20,,202188,35,,,0,20,,202196,35,,,0,61,,202205,35,,,0,21,,202212,35,,,0,20,,202220,35,,,0,60,,202172,35,,,0,20,,202181,35,,,0,20,,202190,35,,,0,60,,202198,35,,,0,20,,202206,35,,,0,20,,202213,35,,,0,60,,202221,35,,,0,20,,202173,35,,,0,20,,202179,35,,,0,60,,202189,35,,,0,20,,202199,35,,,0,20,,202207,35,,,0,60,,202214,35,,,0,20,,202222,35,,,0,20,,202174,35,,,0,59,,202182,35,,,0,19,,202191,35,,,0,20,,202200,35,,,0,60,,202209,35,,,0,20,,202215,35,,,0,20,,202223,35,,,0,60,,202175,35,,,0,20,,202183,35,,,0,20,,202192,35,,,0,60,,202201,35,,,0,20,,202208,35,,,0,20,,202216,35,,,0,60,,202224,35,,,0,20,,202176,35,,,0,19,,202184,35,,,0,60,,202193,35,,,0,32,,202202,35,,,0,71,,202218,35,,,0,33,,202186,35,,,0,75,,202194,35,,,0
301,'Sunday',603,,202228,35,,,0,25,,202233,35,,,0,20,,202242,35,,,0,60,,202251,35,,,0,17,,202259,35,,,0,20,,202266,35,,,0,60,,202274,35,,,0,20,,202226,35,,,0,20,,202234,35,,,0,61,,202243,35,,,0,21,,202252,35,,,0,20,,202260,35,,,0,60,,202267,35,,,0,20,,202275,35,,,0,20,,202225,35,,,0,60,,202235,35,,,0,20,,202244,35,,,0,20,,202253,35,,,0,61,,202261,35,,,0,21,,202268,35,,,0,20,,202276,35,,,0,60,,202227,35,,,0,20,,202236,35,,,0,20,,202245,35,,,0,60,,202254,35,,,0,20,,202262,35,,,0,20,,202269,35,,,0,60,,202277,35,,,0,20,,202229,35,,,0,20,,202237,35,,,0,60,,202246,35,,,0,20,,202255,35,,,0,20,,202263,35,,,0,60,,202270,35,,,0,20,,202278,35,,,0,20,,202230,35,,,0,59,,202238,35,,,0,19,,202247,35,,,0,20,,202258,35,,,0,60,,202264,35,,,0,20,,202271,35,,,0,20,,202279,35,,,0,60,,202231,35,,,0,20,,202239,35,,,0,20,,202248,35,,,0,60,,202256,35,,,0,20,,202265,35,,,0,20,,202272,35,,,0,60,,202280,35,,,0,20,,202232,35,,,0,19,,202240,35,,,0,60,,202249,35,,,0,32,,202257,35,,,0,71,,202273,35,,,0,33,,202241,35,,,0,75,,202250,35,,,0
301,'Weekday',451,,202282,35,,,0,82,,202319,35,,,0,20,,202299,35,,,0,60,,202311,35,,,0,21,,202316,35,,,0,15,,202331,35,,,0,56,,202283,35,,,0,13,,202343,35,,,0,13,,202336,35,,,0,6,,202284,35,,,0,7,,202304,35,,,0,7,,202291,35,,,0,6,,202320,35,,,0,47,,202292,35,,,0,6,,202293,35,,,0,7,,202300,35,,,0,6,,202342,35,,,0,6,,202294,35,,,0,7,,202312,35,,,0,6,,202372,35,,,0,7,,202351,35,,,0,7,,202285,35,,,0,46,,202317,35,,,0,6,,202281,35,,,0,6,,202332,35,,,0,14,,202359,35,,,0,17,,202344,35,,,0,55,,202337,35,,,0,15,,202305,35,,,0,15,,202321,35,,,0,15,,202301,35,,,0,10,,202313,35,,,0,55,,202352,35,,,0,15,,202286,35,,,0,15,,202333,35,,,0,15,,202360,35,,,0,55,,202345,35,,,0,15,,202338,35,,,0,15,,202306,35,,,0,15,,202322,35,,,0,55,,202302,35,,,0,15,,202314,35,,,0,15,,202353,35,,,0,15,,202287,35,,,0,55,,202334,35,,,0,15,,202361,35,,,0,15,,202346,35,,,0,15,,202339,35,,,0,55,,202307,35,,,0,16,,202323,35,,,0,11,,202303,35,,,0,14,,202328,35,,,0,6,,202315,35,,,0,47,,202367,35,,,0,7,,202295,35,,,0,6,,202354,35,,,0,7,,202296,35,,,0,6,,202288,35,,,0,6,,202297,35,,,0,7,,202335,35,,,0,7,,202358,16,0,120 47,0,6,,202362,35,,,0,47,,202298,16,0,120 47,0,6,,202347,35,,,0,13,,202318,35,,,0,13,,202340,35,,,0,13,,202308,35,,,0,53,,202324,35,,,0,10,,202366,35,,,0,11,,202329,35,,,0,13,,202368,35,,,0,15,,202355,35,,,0,55,,202289,35,,,0,15,,202363,35,,,0,15,,202348,35,,,0,15,,202341,35,,,0,55,,202309,35,,,0,15,,202325,35,,,0,15,,202330,35,,,0,15,,202369,35,,,0,55,,202356,35,,,0,15,,202290,35,,,0,19,,202364,35,,,0,18,,202349,35,,,0,60,,202310,35,,,0,21,,202326,35,,,0,62,,202370,35,,,0,22,,202357,35,,,0,19,,202365,35,,,0,73,,202350,35,,,0,28,,202327,35,,,0,73,,202371,35,,,0
1701,'Saturday',551,,204741,17,,,0,85,,204742,17,,,0,85,,204743,17,,,0,85,,204740,17,,,0,45,,204744,17,,,0,85,,204746,17,,,0,85,,204749,17,,,0,85,,204747,17,,,0,45,,204748,17,,,0,85,,204751,17,,,0,85,,204752,17,,,0,85,,204745,17,,,0,45,,204753,17,,,0,85,,204755,17,,,0,85,,204756,17,,,0,85,,204754,17,,,0,45,,204750,17,,,0,85,,204757,17,,,0
1701,'Sunday',721,,204759,17,,,0,85,,204760,17,,,0,45,,204762,17,,,0,85,,204758,17,,,0,85,,204763,17,,,0,85,,204761,17,,,0,45,,204766,17,,,0,85,,204765,17,,,0,85,,204767,17,,,0,85,,204764,17,,,0,45,,204768,17,,,0,85,,204769,17,,,0,85,,204770,17,,,0,85,,204771,17,,,0,45,,204772,17,,,0,85,,204773,17,,,0
1701,'Weekday',549,,204775,17,,,0,72,,204787,17,,,0,32,,204797,17,,,0,66,,204774,17,,,0,38,,204786,17,,,0,72,,204798,17,,,0,72,,204776,17,,,0,32,,204788,17,,,0,72,,204799,17,,,0,32,,204777,17,,,0,72,,204789,17,,,0,32,,204800,17,,,0,72,,204778,17,,,0,32,,204790,17,,,0,72,,204801,17,,,0,32,,204779,17,,,0,72,,204791,17,,,0,32,,204802,17,,,0,72,,204782,17,,,0,32,,204792,17,,,0,72,,204803,17,,,0,72,,204780,17,,,0,32,,204793,17,,,0,72,,204804,17,,,0,32,,204781,17,,,0,72,,204794,17,,,0,32,,204805,17,,,0,72,,204783,17,,,0,32,,204795,17,,,0,72,,204806,17,,,0,32,,204784,17,,,0,72,,204796,17,,,0,32,,204807,17,,,0,72,,204785,17,,,0
10101,'Saturday',903,,217058,15,,,0,50,,217059,15,,,0,90,,217060,15,,,0,90,,217061,15,,,0,90,,217049,15,,,0,90,,217053,15,,,0,91,,217050,15,,,0,50,,217054,15,,,0,90,,217051,15,,,0,90,,217055,15,,,0,89,,217056,15,,,0,89,,217057,15,,,0,90,,217052,15,,,0
10101,'Sunday',903,,217073,15,,,0,50,,217074,15,,,0,90,,217064,15,,,0,90,,217065,15,,,0,90,,217062,15,,,0,90,,217066,15,,,0,91,,217067,15,,,0,50,,217068,15,,,0,90,,217069,15,,,0,90,,217070,15,,,0,89,,217071,15,,,0,89,,217072,15,,,0,90,,217063,15,,,0
10101,'Weekday',623,,217075,15,,,0,90,,217076,15,,,0,90,,217077,15,,,0,50,,217078,15,,,0,87,,217079,15,,,0,90,,217080,15,,,0,90,,217081,15,,,0,90,,217082,15,,,0,90,,217083,15,,,0,50,,217084,15,,,0,90,,217086,15,,,0,93,,217085,15,,,0,90,,217087,15,,,0,90,,217088,15,,,0,90,,217089,15,,,0,50,,217090,15,,,0,86,,217092,15,,,0,90,,217091,15,,,0,93,,217093,15,,,0
