4600,'Saturday',515,,208814,17,,,0,26,,208828,17,,,0,66,,208842,17,,,0,26,,208815,17,,,0,26,,208829,17,,,0,66,,208843,17,,,0,26,,208816,17,,,0,66,,208830,17,,,0,26,,208844,17,,,0,66,,208817,17,,,0,26,,208831,17,,,0,66,,208845,17,,,0,26,,208818,17,,,0,26,,208832,17,,,0,66,,208846,17,,,0,26,,208819,17,,,0,66,,208833,17,,,0,26,,208847,17,,,0,66,,208820,17,,,0,26,,208834,17,,,0,26,,208848,17,,,0,66,,208821,17,,,0,26,,208835,17,,,0,66,,208849,17,,,0,26,,208822,17,,,0,66,,208836,17,,,0,26,,208850,17,,,0,26,,208823,17,,,0,66,,208837,17,,,0,26,,208851,17,,,0,66,,208824,17,,,0,26,,208838,17,,,0,66,,208852,17,,,0,26,,208825,17,,,0,26,,208839,17,,,0,66,,208853,17,,,0,26,,208826,17,,,0,66,,208840,17,,,0,26,,208854,17,,,0,66,,208827,17,,,0,26,,208841,17,,,0,66,,208855,17,,,0
4600,'Sunday',515,,208856,17,,,0,26,,208870,17,,,0,66,,208884,17,,,0,26,,208857,17,,,0,26,,208871,17,,,0,66,,208885,17,,,0,26,,208858,17,,,0,66,,208872,17,,,0,26,,208886,17,,,0,66,,208859,17,,,0,26,,208873,17,,,0,66,,208887,17,,,0,26,,208860,17,,,0,26,,208874,17,,,0,66,,208888,17,,,0,26,,208861,17,,,0,66,,208875,17,,,0,26,,208889,17,,,0,66,,208862,17,,,0,26,,208876,17,,,0,26,,208890,17,,,0,66,,208863,17,,,0,26,,208877,17,,,0,66,,208891,17,,,0,26,,208864,17,,,0,66,,208878,17,,,0,26,,208892,17,,,0,26,,208865,17,,,0,66,,208879,17,,,0,26,,208893,17,,,0,66,,208866,17,,,0,26,,208880,17,,,0,66,,208894,17,,,0,26,,208867,17,,,0,26,,208881,17,,,0,66,,208895,17,,,0,26,,208868,17,,,0,66,,208882,17,,,0,26,,208896,17,,,0,66,,208869,17,,,0,26,,208883,17,,,0,66,,208897,17,,,0
4600,'Weekday',513,,208898,17,,,0,13,,208901,17,,,0,13,,208916,17,,,0,13,,208919,17,,,0,55,,208936,17,,,0,17,,208939,17,,,0,14,,208899,17,,,0,14,,208902,17,,,0,54,,208917,17,,,0,14,,208920,17,,,0,14,,208937,17,,,0,14,,208940,17,,,0,54,,208900,17,,,0,14,,208903,17,,,0,14,,208918,17,,,0,14,,208921,17,,,0,14,,208938,17,,,0,51,,208941,17,,,0,25,,208904,17,,,0,66,,208922,17,,,0,26,,208942,17,,,0,26,,208905,17,,,0,66,,208923,17,,,0,26,,208943,17,,,0,66,,208906,17,,,0,26,,208924,17,,,0,66,,208944,17,,,0,26,,208907,17,,,0,26,,208925,17,,,0,66,,208945,17,,,0,26,,208908,17,,,0,69,,208926,17,,,0,15,,208934,17,,,0,14,,208946,17,,,0,14,,208953,17,,,0,54,,208909,17,,,0,14,,208955,17,,,0,14,,208927,17,,,0,14,,208935,17,,,0,54,,208947,17,,,0,14,,208954,17,,,0,14,,208910,17,,,0,14,,208956,17,,,0,53,,208928,17,,,0,26,,208948,17,,,0,19,,208911,17,,,0,66,,208929,17,,,0,26,,208949,17,,,0,66,,208912,17,,,0,26,,208930,17,,,0,26,,208950,17,,,0,66,,208913,17,,,0,26,,208931,17,,,0,65,,208951,17,,,0,26,,208914,17,,,0,66,,208932,17,,,0,26,,208952,17,,,0,26,,208915,17,,,0,66,,208933,17,,,0
4600,'Weekday0000100',1344,,208957,17,,,0
4600,'Weekday1111000',1610,,208958,17,,,0
4700,'Saturday',516,,209099,41,,,0,37,,209109,41,,,0,77,,209119,41,,,0,77,,209100,41,,,0,37,,209110,41,,,0,77,,209120,41,,,0,37,,209101,41,,,0,77,,209111,41,,,0,77,,209121,41,,,0,37,,209102,41,,,0,77,,209112,41,,,0,77,,209122,41,,,0,37,,209103,41,,,0,77,,209113,41,,,0,37,,209123,41,,,0,77,,209104,41,,,0,77,,209114,41,,,0,37,,209124,41,,,0,77,,209105,41,,,0,37,,209115,41,,,0,77,,209125,41,,,0,77,,209106,41,,,0,37,,209116,41,,,0,77,,209126,41,,,0,77,,209107,41,,,0,37,,209117,41,,,0,77,,209127,41,,,0,37,,209108,41,,,0,77,,209118,41,,,0,77,,209128,41,,,0
4700,'Sunday',516,,209129,41,,,0,37,,209149,41,,,0,77,,209139,41,,,0,77,,209130,41,,,0,37,,209150,41,,,0,77,,209140,41,,,0,37,,209131,41,,,0,77,,209151,41,,,0,77,,209141,41,,,0,37,,209132,41,,,0,77,,209152,41,,,0,77,,209142,41,,,0,37,,209133,41,,,0,77,,209153,41,,,0,37,,209143,41,,,0,77,,209134,41,,,0,77,,209154,41,,,0,37,,209144,41,,,0,77,,209135,41,,,0,37,,209155,41,,,0,77,,209145,41,,,0,77,,209136,41,,,0,37,,209156,41,,,0,77,,209146,41,,,0,77,,209137,41,,,0,37,,209157,41,,,0,77,,209147,41,,,0,37,,209138,41,,,0,77,,209158,41,,,0,77,,209148,41,,,0
4700,'Weekday',515,,209159,41,,,0,15,,209162,41,,,0,15,,209171,41,,,0,56,,209173,41,,,0,17,,209183,41,,,0,14,,209185,41,,,0,17,,209195,41,,,0,57,,209160,41,,,0,17,,209163,41,,,0,17,,209172,41,,,0,17,,209174,41,,,0,57,,209184,41,,,0,17,,209186,41,,,0,17,,209196,41,,,0,57,,209161,41,,,0,23,,209164,41,,,0,28,,209175,41,,,0,69,,209187,41,,,0,24,,209197,41,,,0,69,,209165,41,,,0,29,,209176,41,,,0,69,,209188,41,,,0,29,,209198,41,,,0,69,,209166,41,,,0,29,,209177,41,,,0,69,,209189,41,,,0,29,,209199,41,,,0,70,,209167,41,,,0,19,,209205,41,,,0,18,,209178,41,,,0,57,,209207,41,,,0,17,,209190,41,,,0,17,,209200,41,,,0,19,,209209,41,,,0,58,,209168,41,,,0,17,,209206,41,,,0,17,,209179,41,,,0,57,,209208,41,,,0,14,,209191,41,,,0,27,,209201,41,,,0,69,,209169,41,,,0,29,,209180,41,,,0,69,,209192,41,,,0,29,,209202,41,,,0,69,,209170,41,,,0,29,,209181,41,,,0,73,,209193,41,,,0,35,,209203,41,,,0,75,,209182,41,,,0,75,,209194,41,,,0,35,,209204,41,,,0
4700,'Weekday0000100',1348,,209210,25,,,0
4700,'Weekday1111000',1614,,209211,25,,,0
6200,'Weekday',1648,,211860,14,,,0
8900,'Weekday',546,,214989,1,,,0,74,,214987,1,,,0,32,,214990,16,,,0,74,,214988,16,,,0,74,,214991,16,,,0,34,,214985,16,,,0,74,,214994,16,,,0,34,,214986,16,,,0,74,,214995,16,,,0,34,,214984,16,,,0,74,,214998,16,,,0,34,,214983,16,,,0,74,,214996,16,,,0,74,,214982,16,,,0,34,,214993,16,,,0,74,,214981,16,,,0,34,,214992,16,,,0,74,,214980,16,,,0,34,,214997,16,,,0,74,,214979,16,,,0,74,,215000,16,,,0,34,,214978,16,,,0,74,,214999,16,,,0
