8201,'Saturday',557,,214333,21,,,0,70,,214334,21,,,0,30,,214327,21,,,0,70,,214306,21,,,0,30,,214307,21,,,0,70,,214308,21,,,0,30,,214312,21,,,0,70,,214313,21,,,0,30,,214309,21,,,0,70,,214310,21,,,0,30,,214326,21,,,0,70,,214330,21,,,0,30,,214311,21,,,0,70,,214328,21,,,0,30,,214331,21,,,0,70,,214314,21,,,0,30,,214324,21,,,0,70,,214319,21,,,0,30,,214315,21,,,0,70,,214325,21,,,0,30,,214332,21,,,0,70,,214316,21,,,0,30,,214323,21,,,0,70,,214329,21,,,0,30,,214317,21,,,0,70,,214322,21,,,0,30,,214320,21,,,0,70,,214318,21,,,0,30,,214321,21,,,0,70,,214335,21,,,0,30,,214336,21,,,0,70,,214337,21,,,0,30,,214338,21,,,0,70,,214339,21,,,0,30,,214340,21,,,0,70,,214341,21,,,0,30,,214342,21,,,0
8201,'Sunday',557,,214343,21,,,0,70,,214356,21,,,0,30,,214368,21,,,0,70,,214344,21,,,0,30,,214357,21,,,0,70,,214369,21,,,0,30,,214345,21,,,0,70,,214358,21,,,0,30,,214370,21,,,0,70,,214346,21,,,0,30,,214359,21,,,0,70,,214371,21,,,0,30,,214347,21,,,0,70,,214360,21,,,0,30,,214372,21,,,0,70,,214348,21,,,0,30,,214361,21,,,0,70,,214373,21,,,0,30,,214350,21,,,0,70,,214363,21,,,0,30,,214374,21,,,0,70,,214349,21,,,0,30,,214362,21,,,0,70,,214375,21,,,0,30,,214351,21,,,0,70,,214364,21,,,0,30,,214378,21,,,0,70,,214353,21,,,0,30,,214365,21,,,0,70,,214379,21,,,0,30,,214352,21,,,0,70,,214366,21,,,0,30,,214376,21,,,0,70,,214354,21,,,0,30,,214367,21,,,0,70,,214377,21,,,0,30,,214355,21,,,0
8201,'Weekday',552,,214383,21,,,0,73,,214394,21,,,0,34,,214405,21,,,0,56,,214416,21,,,0,17,,214384,21,,,0,16,,214415,21,,,0,57,,214395,21,,,0,16,,214382,21,,,0,17,,214406,21,,,0,16,,214417,21,,,0,56,,214385,21,,,0,32,,214396,21,,,0,73,,214407,21,,,0,33,,214386,21,,,0,73,,214397,21,,,0,33,,214408,21,,,0,73,,214387,21,,,0,73,,214398,21,,,0,33,,214409,21,,,0,73,,214388,21,,,0,33,,214399,21,,,0,73,,214410,21,,,0,33,,214389,21,,,0,73,,214400,21,,,0,16,,214380,21,,,0,17,,214411,21,,,0,73,,214390,21,,,0,16,,214381,21,,,0,16,,214401,21,,,0,56,,214404,21,,,0,17,,214412,21,,,0,73,,214391,21,,,0,33,,214402,21,,,0,73,,214413,21,,,0,33,,214392,21,,,0,73,,214403,21,,,0,33,,214414,21,,,0,73,,214393,21,,,0,33,,214418,21,,,0,73,,214419,21,,,0,33,,214420,21,,,0,73,,214421,21,,,0
11500,'Saturday',634,,218288,25,,,0,78,,218308,25,,,0,38,,218289,25,,,0,78,,218290,25,,,0,79,,218291,25,,,0,38,,218292,25,,,0,78,,218293,25,,,0,78,,218294,25,,,0,38,,218295,25,,,0,78,,218296,25,,,0,38,,218297,25,,,0,78,,218298,25,,,0,78,,218299,25,,,0,38,,218300,25,,,0,78,,218301,25,,,0,78,,218302,25,,,0,38,,218303,25,,,0,78,,218305,25,,,0,38,,218306,25,,,0,78,,218307,25,,,0,76,,218304,25,,,0,37,,218309,25,,,0,78,,218311,25,,,0,78,,218310,25,,,0,38,,218312,25,,,0,78,,218315,25,,,0,78,,218314,25,,,0,38,,218313,25,,,0
11500,'Sunday',634,,218316,25,,,0,78,,218317,25,,,0,38,,218318,25,,,0,78,,218319,25,,,0,79,,218320,25,,,0,38,,218321,25,,,0,78,,218322,25,,,0,78,,218323,25,,,0,38,,218324,25,,,0,78,,218325,25,,,0,38,,218326,25,,,0,78,,218327,25,,,0,78,,218328,25,,,0,38,,218329,25,,,0,78,,218330,25,,,0,78,,218331,25,,,0,38,,218332,25,,,0,78,,218334,25,,,0,38,,218335,25,,,0,78,,218336,25,,,0,76,,218333,25,,,0,37,,218337,25,,,0,78,,218339,25,,,0,78,,218338,25,,,0,38,,218340,25,,,0,78,,218343,25,,,0,78,,218342,25,,,0,38,,218341,25,,,0
11500,'Weekday',453,,218344,25,,,0,72,,218351,25,,,0,32,,218360,25,,,0,74,,218366,25,,,0,21,,218374,25,,,0,61,,218345,25,,,0,21,,218352,25,,,0,21,,218376,25,,,0,61,,218361,25,,,0,21,,218367,25,,,0,21,,218375,25,,,0,61,,218346,25,,,0,31,,218353,25,,,0,72,,218362,25,,,0,32,,218368,25,,,0,72,,218347,25,,,0,32,,218354,25,,,0,72,,218363,25,,,0,72,,218369,25,,,0,32,,218348,25,,,0,72,,218355,25,,,0,32,,218364,25,,,0,73,,218370,25,,,0,21,,218377,25,,,0,21,,218349,25,,,0,61,,218356,25,,,0,21,,218381,25,,,0,21,,218365,25,,,0,61,,218371,25,,,0,21,,218378,25,,,0,21,,218350,25,,,0,61,,218357,25,,,0,32,,218382,25,,,0,71,,218372,25,,,0,32,,218379,25,,,0,72,,218358,25,,,0,32,,218383,25,,,0,72,,218373,25,,,0,72,,218380,25,,,0,32,,218359,25,,,0,69,,218384,25,,,0
50300,'Saturday',640,,225732,14,4,,0,77,,225734,14,4,,0,37,,225733,14,4,,0,77,,225743,14,4,,0,77,,225746,14,4,,0,37,,225737,14,4,,0,79,,225744,14,4,,0,78,,225735,14,4,,0,37,,225739,14,4,,0,77,,225742,14,4,,0,37,,225741,14,4,,0,77,,225740,14,4,,0,77,,225745,14,4,,0,37,,225736,14,4,,0,77,,225738,14,4,,0,37,,225748,14,4,,0,77,,225747,14,4,,0,77,,225749,14,4,,0,37,,225753,14,4,,0,77,,225750,14,4,,0,77,,225751,14,4,,0,34,,225752,14,4,,0,77,,225755,14,4,,0,37,,225754,14,4,,0,76,,225757,14,4,,0,77,,225756,14,4,,0,37,,225758,14,4,,0
50300,'Sunday',640,,225770,14,4,,0,77,,225773,14,4,,0,37,,225761,14,4,,0,77,,225771,14,4,,0,77,,225776,14,4,,0,37,,225763,14,4,,0,79,,225772,14,4,,0,78,,225760,14,4,,0,37,,225765,14,4,,0,77,,225769,14,4,,0,37,,225768,14,4,,0,77,,225767,14,4,,0,77,,225775,14,4,,0,37,,225762,14,4,,0,77,,225764,14,4,,0,37,,225774,14,4,,0,77,,225759,14,4,,0,77,,225766,14,4,,0,37,,225777,14,4,,0,77,,225778,14,4,,0,77,,225779,14,4,,0,34,,225781,14,4,,0,77,,225780,14,4,,0,37,,225782,14,4,,0,76,,225783,14,4,,0,77,,225784,14,4,,0,37,,225785,14,4,,0
50300,'Weekday',644,,225786,14,4,,0,72,,225788,14,4,,0,16,,225792,14,4,,0,16,,225790,14,4,,0,56,,225791,14,4,,0,16,,225794,14,4,,0,16,,225787,14,4,,0,16,,225795,14,4,,0,56,,225789,14,4,,0,15,,225793,14,4,,0,14,,225800,14,4,,0,64,,225802,14,4,,0,28,,225796,14,4,,0,28,,225799,14,4,,0,68,,225801,14,4,,0,28,,225803,14,4,,0,68,,225797,14,4,,0,28,,225798,14,4,,0,68,,225804,14,4,,0,28,,225809,14,4,,0,68,,225805,14,4,,0,28,,225807,14,4,,0,68,,225808,14,4,,0,31,,225810,14,4,,0,16,,225811,14,4,,0,56,,225806,14,4,,0,16,,225812,14,4,,0,16,,225815,14,4,,0,56,,225816,14,4,,0,16,,225821,14,4,,0,16,,225818,14,4,,0,16,,225819,14,4,,0,56,,225813,14,4,,0,15,,225820,14,4,,0,15,,225814,14,4,,0,15,,225817,14,4,,0,56,,225822,14,4,,0,21,,225827,14,4,,0,28,,225823,14,4,,0,68,,225824,14,4,,0,28,,225825,14,4,,0,67,,225826,14,4,,0,26,,225828,14,4,,0,68,,225830,14,4,,0,28,,225829,14,4,,0
50301,'Saturday',454,,225832,1,,,0,77,,225833,1,,,0,77,,225831,1,,,0,37,,225834,1,,,0,77,,225845,1,,,0,37,,225838,1,,,0,77,,225842,1,,,0,77,,225846,1,,,0,37,,225839,1,,,0,77,,225843,1,,,0,77,,225837,1,,,0,37,,225835,1,,,0,77,,225844,1,,,0,37,,225840,1,,,0,77,,225841,1,,,0,77,,225847,1,,,0,37,,225836,1,,,0,77,,225848,1,,,0,77,,225849,1,,,0,37,,225850,1,,,0,77,,225851,1,,,0,37,,225853,1,,,0,77,,225852,1,,,0,77,,225854,1,,,0,37,,225855,1,,,0,77,,225857,1,,,0,37,,225856,1,,,0,77,,225858,1,,,0
50301,'Sunday',454,,225870,1,,,0,77,,225877,1,,,0,77,,225863,1,,,0,37,,225869,1,,,0,77,,225874,1,,,0,37,,225864,1,,,0,77,,225871,1,,,0,77,,225875,1,,,0,37,,225865,1,,,0,77,,225872,1,,,0,77,,225862,1,,,0,37,,225860,1,,,0,77,,225873,1,,,0,37,,225866,1,,,0,77,,225867,1,,,0,77,,225878,1,,,0,37,,225861,1,,,0,77,,225868,1,,,0,77,,225876,1,,,0,37,,225859,1,,,0,77,,225879,1,,,0,37,,225881,1,,,0,77,,225880,1,,,0,77,,225882,1,,,0,37,,225883,1,,,0,77,,225884,1,,,0,37,,225885,1,,,0,77,,225886,1,,,0
50301,'Weekday',500,,225887,1,,,0,29,,225888,1,,,0,28,,225889,1,,,0,56,,225890,1,,,0,16,,225897,1,,,0,16,,225891,1,,,0,56,,225899,1,,,0,16,,225893,1,,,0,16,,225896,1,,,0,16,,225894,1,,,0,56,,225895,1,,,0,16,,225898,1,,,0,16,,225892,1,,,0,16,,225907,1,,,0,57,,225903,1,,,0,28,,225901,1,,,0,68,,225905,1,,,0,28,,225900,1,,,0,68,,225902,1,,,0,28,,225904,1,,,0,28,,225906,1,,,0,68,,225908,1,,,0,28,,225912,1,,,0,68,,225910,1,,,0,28,,225914,1,,,0,68,,225909,1,,,0,28,,225913,1,,,0,65,,225911,1,,,0,16,,225915,1,,,0,16,,225921,1,,,0,16,,225922,1,,,0,56,,225917,1,,,0,16,,225923,1,,,0,16,,225918,1,,,0,56,,225919,1,,,0,16,,225925,1,,,0,16,,225920,1,,,0,16,,225924,1,,,0,56,,225916,1,,,0,28,,225927,1,,,0,68,,225929,1,,,0,28,,225930,1,,,0,28,,225926,1,,,0,68,,225928,1,,,0,28,,225931,1,,,0,68,,225933,1,,,0,28,,225932,1,,,0
