300,'Saturday',639,,201993,54,,,0,18,,202002,54,,,0,60,,202009,54,,,0,20,,201963,54,,,0,20,,201970,54,,,0,60,,201978,54,,,0,20,,201986,54,,,0,20,,201995,54,,,0,60,,202003,54,,,0,20,,202012,54,,,0,21,,201964,54,,,0,60,,201971,54,,,0,21,,201979,54,,,0,20,,201987,54,,,0,60,,201997,54,,,0,20,,202004,54,,,0,20,,202013,54,,,0,61,,201965,54,,,0,21,,201973,54,,,0,61,,201980,54,,,0,20,,201988,54,,,0,20,,201996,54,,,0,60,,202005,54,,,0,20,,202014,54,,,0,20,,201966,54,,,0,61,,201972,54,,,0,20,,201982,54,,,0,20,,201989,54,,,0,60,,201998,54,,,0,20,,202006,54,,,0,20,,202015,54,,,0,60,,201967,54,,,0,20,,201974,54,,,0,20,,201981,54,,,0,60,,201994,54,,,0,19,,201999,54,,,0,20,,202007,54,,,0,59,,202017,54,,,0,20,,201968,54,,,0,21,,201975,54,,,0,60,,201984,54,,,0,20,,201990,54,,,0,20,,202000,54,,,0,60,,202008,54,,,0,20,,202016,54,,,0,20,,201969,54,,,0,60,,201976,54,,,0,19,,201983,54,,,0,20,,201991,54,,,0,60,,202001,54,,,0,20,,202010,54,,,0,20,,202018,54,,,0,66,,201977,54,,,0,33,,201985,54,,,0,65,,201992,54,,,0,35,,202011,54,,,0
300,'Sunday',639,,202050,54,,,0,18,,202060,54,,,0,60,,202067,54,,,0,20,,202019,54,,,0,20,,202026,54,,,0,60,,202034,54,,,0,20,,202043,54,,,0,20,,202052,54,,,0,60,,202058,54,,,0,20,,202068,54,,,0,21,,202020,54,,,0,60,,202027,54,,,0,21,,202035,54,,,0,20,,202042,54,,,0,60,,202051,54,,,0,20,,202059,54,,,0,20,,202069,54,,,0,61,,202021,54,,,0,21,,202028,54,,,0,61,,202036,54,,,0,20,,202044,54,,,0,20,,202053,54,,,0,60,,202061,54,,,0,20,,202070,54,,,0,20,,202023,54,,,0,61,,202029,54,,,0,20,,202037,54,,,0,20,,202046,54,,,0,60,,202054,54,,,0,20,,202062,54,,,0,20,,202071,54,,,0,60,,202022,54,,,0,20,,202031,54,,,0,20,,202039,54,,,0,60,,202045,54,,,0,19,,202055,54,,,0,20,,202063,54,,,0,59,,202072,54,,,0,20,,202024,54,,,0,21,,202030,54,,,0,60,,202038,54,,,0,20,,202047,54,,,0,20,,202057,54,,,0,60,,202065,54,,,0,20,,202073,54,,,0,20,,202025,54,,,0,60,,202032,54,,,0,19,,202040,54,,,0,20,,202048,54,,,0,60,,202056,54,,,0,20,,202064,54,,,0,20,,202074,54,,,0,66,,202033,54,,,0,33,,202041,54,,,0,65,,202049,54,,,0,35,,202066,54,,,0
300,'Weekday',517,,202104,54,,,0,20,,202109,54,,,0,20,,202123,54,,,0,60,,202076,54,,,0,27,,202129,54,,,0,59,,202112,54,,,0,16,,202092,54,,,0,15,,202136,54,,,0,13,,202105,54,,,0,7,,202167,54,,,0,46,,202145,54,,,0,7,,202078,54,,,0,6,,202110,54,,,0,7,,202075,54,,,0,6,,202124,54,,,0,7,,202153,54,,,0,6,,202077,54,,,0,13,,202137,54,,,0,54,,202130,54,,,0,15,,202097,54,,,0,12,,202113,54,,,0,17,,202093,54,,,0,56,,202106,54,,,0,15,,202146,54,,,0,15,,202079,54,,,0,15,,202125,54,,,0,55,,202154,54,,,0,15,,202138,54,,,0,15,,202131,54,,,0,15,,202098,54,,,0,55,,202114,54,,,0,15,,202094,54,,,0,15,,202107,54,,,0,15,,202147,54,,,0,55,,202080,54,,,0,15,,202126,54,,,0,15,,202155,54,,,0,15,,202139,54,,,0,55,,202132,54,,,0,15,,202099,54,,,0,15,,202115,54,,,0,15,,202095,54,,,0,57,,202108,54,,,0,7,,202162,54,,,0,8,,202085,54,,,0,4,,202148,54,,,0,6,,202086,54,,,0,8,,202081,54,,,0,7,,202087,54,,,0,8,,202127,54,,,0,47,,202088,54,,,0,7,,202156,54,,,0,6,,202089,43,,,0,7,,202140,54,,,0,6,,202090,43,,,0,7,,202111,54,,,0,6,,202091,43,,,0,7,,202133,54,,,0,6,,202152,27,0,117,0,47,,202100,54,,,0,6,,202168,27,0,117,0,7,,202116,54,,,0,6,,202161,27,0,117,0,7,,202096,54,,,0,13,,202120,54,,,0,13,,202163,54,,,0,52,,202149,54,,,0,10,,202082,54,,,0,14,,202128,54,,,0,11,,202157,54,,,0,12,,202141,54,,,0,55,,202134,54,,,0,15,,202101,54,,,0,15,,202117,54,,,0,15,,202121,54,,,0,55,,202164,54,,,0,15,,202150,54,,,0,15,,202083,54,,,0,15,,202158,54,,,0,55,,202142,54,,,0,15,,202135,54,,,0,15,,202102,54,,,0,15,,202118,54,,,0,55,,202122,54,,,0,15,,202165,54,,,0,21,,202151,54,,,0,60,,202159,54,,,0,24,,202143,54,,,0,24,,202103,54,,,0,57,,202119,54,,,0,31,,202166,54,,,0,65,,202160,54,,,0,35,,202144,54,,,0
400,'Saturday',642,,202373,70,,,0,64,,202387,70,,,0,24,,202404,70,,,0,25,,202374,70,,,0,66,,202388,70,,,0,25,,202405,70,,,0,64,,202375,70,,,0,24,,202390,70,,,0,24,,202406,70,,,0,64,,202376,70,,,0,24,,202391,70,,,0,67,,202402,70,,,0,27,,202377,70,,,0,65,,202392,70,,,0,26,,202408,70,,,0,26,,202378,70,,,0,66,,202389,70,,,0,26,,202409,70,,,0,66,,202379,70,,,0,26,,202393,70,,,0,66,,202403,70,,,0,26,,202380,70,,,0,26,,202394,70,,,0,66,,202407,70,,,0,24,,202381,70,,,0,65,,202396,70,,,0,25,,202410,70,,,0,65,,202382,70,,,0,25,,202397,70,,,0,25,,202411,70,,,0,65,,202383,70,,,0,25,,202399,70,,,0,65,,202412,70,,,0,25,,202384,70,,,0,25,,202395,70,,,0,65,,202413,70,,,0,25,,202416,70,,,0,65,,202385,70,,,0,24,,202398,70,,,0,62,,202414,70,,,0,18,,202386,70,,,0,26,,202400,70,,,0,67,,202415,70,,,0,35,,202401,70,,,0
400,'Sunday',642,,202418,70,,,0,64,,202417,70,,,0,24,,202419,70,,,0,25,,202420,70,,,0,66,,202421,70,,,0,25,,202422,70,,,0,64,,202424,70,,,0,24,,202423,70,,,0,24,,202426,70,,,0,64,,202427,70,,,0,24,,202428,70,,,0,67,,202425,70,,,0,27,,202429,70,,,0,65,,202430,70,,,0,26,,202434,70,,,0,26,,202431,70,,,0,66,,202433,70,,,0,26,,202435,70,,,0,66,,202432,70,,,0,26,,202436,70,,,0,66,,202437,70,,,0,26,,202438,70,,,0,26,,202439,70,,,0,66,,202440,70,,,0,24,,202441,70,,,0,65,,202442,70,,,0,25,,202443,70,,,0,65,,202444,70,,,0,25,,202445,70,,,0,25,,202446,70,,,0,65,,202447,70,,,0,25,,202448,70,,,0,65,,202449,70,,,0,25,,202450,70,,,0,25,,202451,70,,,0,65,,202452,70,,,0,25,,202453,70,,,0,65,,202454,70,,,0,24,,202456,70,,,0,62,,202457,70,,,0,18,,202458,70,,,0,26,,202455,70,,,0,67,,202459,70,,,0
400,'Weekday',632,,202461,70,,,0,21,,202462,70,,,0,60,,202464,70,,,0,20,,202465,70,,,0,20,,202460,70,,,0,63,,202466,70,,,0,20,,202463,70,,,0,19,,202467,70,,,0,62,,202469,70,,,0,20,,202470,70,,,0,19,,202471,70,,,0,60,,202468,70,,,0,21,,202473,70,,,0,21,,202474,70,,,0,60,,202475,70,,,0,20,,202472,70,,,0,21,,202476,70,,,0,61,,202477,70,,,0,20,,202478,70,,,0,60,,202479,70,,,0,20,,202481,70,,,0,21,,202482,70,,,0,61,,202483,70,,,0,21,,202480,70,,,0,21,,202484,70,,,0,62,,202485,70,,,0,25,,202486,70,,,0,22,,202487,70,,,0,62,,202488,70,,,0,22,,202489,70,,,0,22,,202490,70,,,0,62,,202491,70,,,0,22,,202493,70,,,0,60,,202494,70,,,0,17,,202495,70,,,0,20,,202492,70,,,0,19,,202496,70,,,0,61,,202497,70,,,0,22,,202498,70,,,0,64,,202499,70,,,0,28,,202500,70,,,0,23,,202501,70,,,0,60,,202502,70,,,0,21,,202503,70,,,0,63,,202504,70,,,0,22,,202505,70,,,0,21,,202506,70,,,0,62,,202507,70,,,0,22,,202508,70,,,0,20,,202511,70,,,0,64,,202509,70,,,0,35,,202510,70,,,0
2000,'Saturday',712,,205031,63,,,0,29,,205050,63,,,0,66,,205037,63,,,0,26,,205043,63,,,0,26,,205058,63,,,0,69,,205063,63,,,0,27,,205032,63,,,0,67,,205051,63,,,0,27,,205038,63,,,0,67,,205045,63,,,0,27,,205057,63,,,0,67,,205064,63,,,0,27,,205030,63,,,0,67,,205052,63,,,0,27,,205039,63,,,0,27,,205046,63,,,0,67,,205059,63,,,0,27,,205065,63,,,0,67,,205033,63,,,0,27,,205053,63,,,0,67,,205040,63,,,0,27,,205047,63,,,0,67,,205060,63,,,0,27,,205066,63,,,0,67,,205034,63,,,0,27,,205054,63,,,0,27,,205041,63,,,0,67,,205048,63,,,0,27,,205062,63,,,0,65,,205067,63,,,0,25,,205036,63,,,0,66,,205055,63,,,0,26,,205042,63,,,0,26,,205049,63,,,0,66,,205061,63,,,0,26,,205068,63,,,0,66,,205035,63,,,0,24,,205056,63,,,0,66,,205070,63,,,0,25,,205069,63,,,0,26,,205044,63,,,0
2000,'Sunday',714,,205071,63,,,0,27,,205090,63,,,0,66,,205079,63,,,0,26,,205084,63,,,0,26,,205097,63,,,0,69,,205104,63,,,0,27,,205072,63,,,0,67,,205091,63,,,0,27,,205080,63,,,0,67,,205085,63,,,0,27,,205098,63,,,0,67,,205103,63,,,0,27,,205073,63,,,0,67,,205092,63,,,0,27,,205081,63,,,0,27,,205086,63,,,0,67,,205099,63,,,0,27,,205105,63,,,0,67,,205074,63,,,0,27,,205093,63,,,0,67,,205082,63,,,0,27,,205087,63,,,0,67,,205100,63,,,0,27,,205107,63,,,0,67,,205075,63,,,0,27,,205094,63,,,0,27,,205078,63,,,0,67,,205088,63,,,0,27,,205101,63,,,0,65,,205106,63,,,0,25,,205077,63,,,0,66,,205095,63,,,0,26,,205083,63,,,0,26,,205089,63,,,0,66,,205102,63,,,0,26,,205108,63,,,0,66,,205076,63,,,0,24,,205110,63,,,0,66,,205109,63,,,0,24,,205096,63,,,0
2000,'Weekday',538,,205111,48,,,0,67,,205121,48,,,0,26,,205125,63,,,0,70,,205139,63,,,0,28,,205133,63,,,0,14,,205145,63,,,0,14,,205119,63,,,0,54,,205147,63,,,0,14,,205112,63,,,0,13,,205149,63,,,0,13,,205120,63,,,0,53,,205144,63,,,0,13,,205126,63,,,0,14,,205146,63,,,0,12,,205137,63,,,0,14,,205148,63,,,0,54,,205135,63,,,0,28,,205150,63,,,0,68,,205113,63,,,0,28,,205122,63,,,0,68,,205127,63,,,0,28,,205140,63,,,0,28,,205134,63,,,0,68,,205151,63,,,0,28,,205114,63,,,0,68,,205123,63,,,0,29,,205128,63,,,0,71,,205141,63,,,0,30,,205136,63,,,0,3,,205156,48,,,0,60,,205161,48,,,0,5,,205152,63,,,0,14,,205159,63,,,0,14,,205115,63,,,0,53,,205167,63,,,0,11,,205124,63,,,0,14,,205170,63,,,0,14,,205130,63,,,0,13,,205157,63,,,0,52,,205162,63,,,0,14,,205142,63,,,0,14,,205138,63,,,0,13,,205158,63,,,0,12,,205153,63,,,0,54,,205160,63,,,0,14,,205116,63,,,0,13,,205166,63,,,0,68,,205129,63,,,0,28,,205163,63,,,0,68,,205143,63,,,0,27,,205154,63,,,0,28,,205117,63,,,0,68,,205168,63,,,0,28,,205131,63,,,0,75,,205164,63,,,0,27,,205155,63,,,0,70,,205118,63,,,0,30,,205169,63,,,0,70,,205132,63,,,0
2000,'Weekday0000100',1517,,205171,48,,,0
3201,'Saturday',641,,206785,45,,,0,69,,206809,45,,,0,30,,206797,45,,,0,62,,206786,45,,,0,30,,206810,45,,,0,70,,206798,45,,,0,30,,206787,45,,,0,70,,206811,45,,,0,30,,206799,45,,,0,70,,206788,45,,,0,30,,206812,45,,,0,70,,206800,45,,,0,30,,206789,45,,,0,70,,206813,45,,,0,30,,206801,45,,,0,70,,206790,45,,,0,30,,206814,45,,,0,70,,206802,45,,,0,30,,206791,45,,,0,70,,206815,45,,,0,30,,206803,45,,,0,70,,206792,45,,,0,30,,206816,45,,,0,70,,206804,45,,,0,30,,206793,45,,,0,70,,206817,45,,,0,30,,206805,45,,,0,70,,206794,45,,,0,26,,206818,45,,,0,29,,206806,45,,,0,66,,206795,45,,,0,30,,206819,45,,,0,70,,206807,45,,,0,30,,206796,45,,,0,70,,206820,45,,,0,30,,206808,45,,,0
3201,'Sunday',641,,206821,45,,,0,69,,206845,45,,,0,30,,206833,45,,,0,62,,206822,45,,,0,30,,206846,45,,,0,70,,206834,45,,,0,30,,206823,45,,,0,70,,206847,45,,,0,30,,206835,45,,,0,70,,206824,45,,,0,30,,206848,45,,,0,70,,206836,45,,,0,30,,206825,45,,,0,70,,206849,45,,,0,30,,206837,45,,,0,70,,206826,45,,,0,30,,206850,45,,,0,70,,206838,45,,,0,30,,206827,45,,,0,70,,206851,45,,,0,30,,206839,45,,,0,70,,206828,45,,,0,30,,206852,45,,,0,70,,206840,45,,,0,30,,206829,45,,,0,70,,206853,45,,,0,30,,206841,45,,,0,70,,206830,45,,,0,26,,206854,45,,,0,29,,206842,45,,,0,66,,206831,45,,,0,30,,206855,45,,,0,70,,206843,45,,,0,30,,206832,45,,,0,70,,206856,45,,,0,30,,206844,45,,,0
3201,'Weekday',601,,206865,45,,,0,19,,206885,45,,,0,21,,206857,45,,,0,59,,206873,45,,,0,16,,206887,45,,,0,15,,206889,45,,,0,15,,206866,45,,,0,55,,206886,45,,,0,15,,206858,45,,,0,16,,206890,45,,,0,15,,206874,45,,,0,55,,206888,45,,,0,17,,206867,45,,,0,30,,206859,45,,,0,69,,206875,45,,,0,30,,206868,45,,,0,70,,206860,45,,,0,30,,206876,45,,,0,69,,206869,45,,,0,30,,206861,45,,,0,70,,206877,45,,,0,30,,206870,45,,,0,70,,206862,45,,,0,30,,206878,45,,,0,56,,206891,45,,,0,18,,206871,45,,,0,17,,206903,45,,,0,17,,206863,45,,,0,57,,206897,45,,,0,17,,206879,45,,,0,17,,206906,45,,,0,55,,206892,45,,,0,16,,206872,45,,,0,15,,206904,45,,,0,13,,206864,45,,,0,55,,206898,45,,,0,15,,206880,45,,,0,17,,206893,45,,,0,70,,206905,45,,,0,29,,206899,45,,,0,27,,206881,45,,,0,67,,206894,45,,,0,27,,206900,45,,,0,67,,206882,45,,,0,28,,206895,45,,,0,68,,206901,45,,,0,28,,206883,45,,,0,68,,206896,45,,,0,28,,206902,45,,,0,68,,206884,45,,,0
