11900,'Saturday',1240,,218485,4,,,0,100,,218486,4,,,0,100,,218487,4,,,0,96,,218488,4,,,0,97,,218489,4,,,0,98,,218490,4,,,0,98,,218491,4,,,0,93,,218492,4,,,0,93,,218493,4,,,0,94,,218494,4,,,0,95,,218495,4,,,0,54,,218496,4,,,0,94,,218497,4,,,0
11900,'Sunday',1240,,218498,4,,,0,100,,218499,4,,,0,100,,218500,4,,,0,96,,218502,4,,,0,97,,218503,4,,,0,98,,218504,4,,,0,98,,218501,4,,,0,93,,218505,4,,,0,93,,218506,4,,,0,94,,218507,4,,,0,95,,218508,4,,,0,54,,218509,4,,,0,94,,218510,4,,,0
11900,'Weekday',1240,,218514,4,,,0,100,,218511,4,,,0,100,,218513,4,,,0,96,,218512,4,,,0,97,,218515,4,,,0,98,,218516,4,,,0,98,,218517,4,,,0,93,,218518,4,,,0,93,,218519,4,,,0,94,,218520,4,,,0,95,,218521,4,,,0,54,,218522,4,,,0,94,,218523,4,,,0
11901,'Saturday',533,,218524,4,,,0,91,,218525,4,,,0,93,,218526,4,,,0,93,,218528,4,,,0,93,,218529,4,,,0,53,,218530,4,,,0,93,,218527,4,,,0,93,,218531,4,,,0
11901,'Sunday',533,,218533,4,,,0,91,,218534,4,,,0,93,,218535,4,,,0,93,,218532,4,,,0,93,,218537,4,,,0,53,,218538,4,,,0,93,,218539,4,,,0,93,,218536,4,,,0
11901,'Weekday',533,,218540,4,,,0,90,,218541,4,,,0,93,,218542,4,,,0,93,,218544,4,,,0,93,,218545,4,,,0,53,,218546,4,,,0,93,,218543,4,,,0,93,,218547,4,,,0
12801,'Saturday',453,,219316,4,,,0,70,,219317,4,,,0,30,,219318,4,,,0,60,,219319,4,,,0,20,,219326,4,,,0,20,,219320,4,,,0,60,,219321,4,,,0,20,,219331,4,,,0,20,,219332,4,,,0,60,,219333,4,,,0,20,,219334,4,,,0,20,,219335,4,,,0,60,,219336,4,,,0,20,,219337,4,,,0,20,,219338,4,,,0,60,,219339,4,,,0,20,,219340,4,,,0,20,,219341,4,,,0,60,,219342,4,,,0,20,,219343,4,,,0,20,,219344,4,,,0,60,,219345,4,,,0,20,,219346,4,,,0,20,,219347,4,,,0,60,,219348,4,,,0,20,,219349,4,,,0,20,,219350,4,,,0,61,,219351,4,,,0,20,,219352,4,,,0,21,,219353,4,,,0,61,,219354,4,,,0,20,,219355,4,,,0,21,,219356,4,,,0,61,,219357,4,,,0,20,,219358,4,,,0,21,,219359,4,,,0,61,,219360,4,,,0,20,,219361,4,,,0,61,,219363,4,,,0,21,,219364,4,,,0,20,,219366,4,,,0,61,,219362,4,,,0,20,,219367,4,,,0,20,,219368,4,,,0,61,,219365,4,,,0,20,,219369,4,,,0,20,,219370,4,,,0,60,,219371,4,,,0,20,,219372,4,,,0,20,,219373,4,,,0,60,,219327,4,,,0,20,,219329,4,,,0,20,,219328,4,,,0,60,,219330,4,,,0,20,,219323,4,,,0,25,,219322,4,,,0,70,,219324,4,,,0,30,,219325,4,,,0
12801,'Sunday',453,,219375,4,,,0,70,,219393,4,,,0,30,,219376,4,,,0,60,,219413,4,,,0,20,,219394,4,,,0,20,,219374,4,,,0,60,,219414,4,,,0,20,,219396,4,,,0,20,,219377,4,,,0,60,,219415,4,,,0,20,,219397,4,,,0,20,,219378,4,,,0,60,,219416,4,,,0,20,,219398,4,,,0,20,,219379,4,,,0,60,,219417,4,,,0,20,,219395,4,,,0,20,,219380,4,,,0,60,,219419,4,,,0,20,,219399,4,,,0,20,,219381,4,,,0,60,,219420,4,,,0,20,,219400,4,,,0,20,,219382,4,,,0,60,,219421,4,,,0,20,,219401,4,,,0,20,,219383,4,,,0,61,,219418,4,,,0,20,,219402,4,,,0,21,,219385,4,,,0,61,,219422,4,,,0,20,,219404,4,,,0,21,,219386,4,,,0,61,,219423,4,,,0,20,,219405,4,,,0,21,,219387,4,,,0,61,,219424,4,,,0,20,,219406,4,,,0,61,,219384,4,,,0,21,,219425,4,,,0,20,,219403,4,,,0,61,,219388,4,,,0,20,,219426,4,,,0,20,,219407,4,,,0,61,,219390,4,,,0,20,,219427,4,,,0,20,,219408,4,,,0,60,,219391,4,,,0,20,,219428,4,,,0,20,,219409,4,,,0,60,,219392,4,,,0,20,,219429,4,,,0,20,,219410,4,,,0,60,,219389,4,,,0,20,,219430,4,,,0,25,,219411,4,,,0,70,,219431,4,,,0,30,,219412,4,,,0
12801,'Weekday',434,,219516,4,,,0,14,,219433,4,,,0,54,,219432,4,,,0,14,,219435,4,,,0,14,,219436,4,,,0,14,,219437,4,,,0,14,,219434,4,,,0,53,,219438,4,,,0,18,,219440,4,,,0,7,,219520,4,,,0,6,,219442,4,,,0,14,,219519,4,,,0,47,,219443,4,,,0,6,,219521,4,,,0,13,,219445,4,,,0,10,,219446,4,,,0,10,,219447,4,,,0,10,,219448,4,,,0,50,,219450,4,,,0,10,,219449,4,,,0,10,,219453,4,,,0,10,,219451,4,,,0,10,,219452,4,,,0,10,,219454,4,,,0,50,,219455,4,,,0,10,,219456,4,,,0,10,,219513,4,,,0,10,,219502,4,,,0,10,,219514,4,,,0,10,,219503,4,,,0,50,,219515,4,,,0,10,,219499,4,,,0,20,,219500,4,,,0,20,,219504,4,,,0,60,,219506,4,,,0,20,,219507,4,,,0,20,,219508,4,,,0,60,,219505,4,,,0,20,,219509,4,,,0,20,,219510,4,,,0,60,,219497,4,,,0,20,,219496,4,,,0,20,,219501,4,,,0,60,,219498,4,,,0,20,,219457,4,,,0,11,,219458,4,,,0,10,,219459,4,,,0,50,,219460,4,,,0,10,,219462,4,,,0,10,,219464,4,,,0,11,,219461,4,,,0,10,,219463,4,,,0,10,,219465,4,,,0,50,,219467,4,,,0,10,,219466,4,,,0,10,,219468,4,,,0,10,,219471,4,,,0,10,,219470,4,,,0,10,,219469,4,,,0,50,,219472,4,,,0,10,,219478,4,,,0,10,,219475,4,,,0,10,,219474,4,,,0,10,,219477,4,,,0,10,,219476,4,,,0,49,,219473,4,,,0,12,,219479,4,,,0,14,,219480,4,,,0,14,,219482,4,,,0,15,,219481,4,,,0,56,,219483,4,,,0,14,,219511,4,,,0,18,,219484,4,,,0,60,,219486,4,,,0,20,,219512,4,,,0,20,,219487,4,,,0,60,,219488,4,,,0,20,,219485,4,,,0,20,,219517,4,,,0,60,,219490,4,,,0,20,,219489,4,,,0,20,,219518,4,,,0,63,,219491,4,,,0,30,,219492,4,,,0,70,,219493,4,,,0,30,,219494,4,,,0,70,,219495,4,,,0
13600,'Saturday',503,,219861,4,,,0,30,,219862,4,,,0,70,,219859,4,,,0,30,,219860,4,,,0,70,,219828,4,,,0,30,,219829,4,,,0,70,,219831,4,,,0,30,,219832,4,,,0,70,,219833,4,,,0,30,,219830,4,,,0,70,,219834,4,,,0,30,,219835,4,,,0,70,,219836,4,,,0,30,,219837,4,,,0,70,,219838,4,,,0,30,,219839,4,,,0,70,,219840,4,,,0,30,,219841,4,,,0,70,,219843,4,,,0,30,,219844,4,,,0,70,,219845,4,,,0,30,,219842,4,,,0,70,,219846,4,,,0,30,,219847,4,,,0,70,,219848,4,,,0,30,,219849,4,,,0,70,,219850,4,,,0,30,,219851,4,,,0,70,,219852,4,,,0,30,,219853,4,,,0,70,,219855,4,,,0,30,,219856,4,,,0,70,,219857,4,,,0,30,,219854,4,,,0,70,,219858,4,,,0,30,,219865,4,,,0,70,,219866,4,,,0,30,,219863,4,,,0,70,,219864,4,,,0
13600,'Sunday',503,,219867,4,,,0,30,,219868,4,,,0,70,,219869,4,,,0,30,,219870,4,,,0,70,,219871,4,,,0,30,,219872,4,,,0,70,,219873,4,,,0,30,,219874,4,,,0,70,,219875,4,,,0,30,,219877,4,,,0,70,,219879,4,,,0,30,,219880,4,,,0,70,,219876,4,,,0,30,,219881,4,,,0,70,,219878,4,,,0,30,,219882,4,,,0,70,,219883,4,,,0,30,,219884,4,,,0,70,,219886,4,,,0,30,,219887,4,,,0,70,,219885,4,,,0,30,,219889,4,,,0,70,,219890,4,,,0,30,,219888,4,,,0,70,,219891,4,,,0,30,,219892,4,,,0,70,,219893,4,,,0,30,,219894,4,,,0,70,,219895,4,,,0,30,,219897,4,,,0,70,,219898,4,,,0,30,,219899,4,,,0,70,,219896,4,,,0,30,,219900,4,,,0,70,,219904,4,,,0,30,,219901,4,,,0,70,,219902,4,,,0,30,,219905,4,,,0,70,,219903,4,,,0
13600,'Weekday',503,,219946,4,,,0,30,,219913,4,,,0,70,,219906,4,,,0,30,,219907,4,,,0,15,,219944,4,,,0,55,,219908,4,,,0,15,,219945,4,,,0,15,,219909,4,,,0,70,,219910,4,,,0,30,,219911,4,,,0,70,,219912,4,,,0,30,,219924,4,,,0,70,,219925,4,,,0,30,,219926,4,,,0,70,,219927,4,,,0,30,,219928,4,,,0,70,,219929,4,,,0,30,,219931,4,,,0,70,,219932,4,,,0,31,,219930,4,,,0,72,,219915,4,,,0,31,,219916,4,,,0,71,,219914,4,,,0,31,,219917,4,,,0,71,,219918,4,,,0,32,,219919,4,,,0,73,,219920,4,,,0,32,,219921,4,,,0,72,,219922,4,,,0,30,,219923,4,,,0,69,,219934,4,,,0,29,,219935,4,,,0,69,,219933,4,,,0,28,,219936,4,,,0,69,,219937,4,,,0,29,,219938,4,,,0,69,,219939,4,,,0,29,,219940,4,,,0,69,,219941,4,,,0,29,,219942,4,,,0,69,,219943,4,,,0
14500,'Saturday',507,,220325,4,,,0,29,,220328,4,,,0,65,,220329,4,,,0,20,,220368,4,,,0,20,,220330,4,,,0,60,,220331,4,,,0,20,,220369,4,,,0,20,,220332,4,,,0,60,,220335,4,,,0,21,,220370,4,,,0,21,,220336,4,,,0,60,,220333,4,,,0,20,,220367,4,,,0,20,,220337,4,,,0,60,,220338,4,,,0,20,,220371,4,,,0,20,,220339,4,,,0,60,,220340,4,,,0,21,,220372,4,,,0,20,,220334,4,,,0,60,,220341,4,,,0,20,,220342,4,,,0,20,,220373,4,,,0,60,,220343,4,,,0,20,,220374,4,,,0,20,,220344,4,,,0,60,,220345,4,,,0,20,,220375,4,,,0,21,,220346,4,,,0,61,,220347,4,,,0,20,,220348,4,,,0,21,,220376,4,,,0,61,,220350,4,,,0,20,,220351,4,,,0,21,,220377,4,,,0,61,,220352,4,,,0,20,,220349,4,,,0,21,,220378,4,,,0,61,,220354,4,,,0,20,,220355,4,,,0,20,,220379,4,,,0,60,,220356,4,,,0,21,,220357,4,,,0,20,,220380,4,,,0,61,,220358,4,,,0,20,,220353,4,,,0,20,,220381,4,,,0,60,,220360,4,,,0,20,,220361,4,,,0,20,,220382,4,,,0,60,,220359,4,,,0,20,,220363,4,,,0,20,,220383,4,,,0,60,,220364,4,,,0,20,,220365,4,,,0,70,,220362,4,,,0,30,,220366,4,,,0,70,,220326,4,,,0
14500,'Sunday',507,,220405,4,,,0,29,,220386,4,,,0,65,,220406,4,,,0,20,,220424,4,,,0,20,,220387,4,,,0,60,,220407,4,,,0,20,,220425,4,,,0,20,,220388,4,,,0,60,,220408,4,,,0,21,,220426,4,,,0,21,,220385,4,,,0,60,,220410,4,,,0,20,,220427,4,,,0,20,,220389,4,,,0,60,,220412,4,,,0,20,,220428,4,,,0,20,,220391,4,,,0,60,,220413,4,,,0,21,,220429,4,,,0,20,,220392,4,,,0,60,,220409,4,,,0,20,,220430,4,,,0,20,,220393,4,,,0,60,,220414,4,,,0,20,,220431,4,,,0,20,,220390,4,,,0,60,,220411,4,,,0,20,,220433,4,,,0,21,,220394,4,,,0,61,,220415,4,,,0,20,,220434,4,,,0,21,,220395,4,,,0,61,,220416,4,,,0,20,,220435,4,,,0,21,,220396,4,,,0,61,,220417,4,,,0,20,,220432,4,,,0,21,,220397,4,,,0,61,,220419,4,,,0,20,,220436,4,,,0,20,,220398,4,,,0,60,,220420,4,,,0,21,,220437,4,,,0,20,,220399,4,,,0,61,,220421,4,,,0,20,,220438,4,,,0,20,,220400,4,,,0,60,,220418,4,,,0,20,,220439,4,,,0,20,,220401,4,,,0,60,,220422,4,,,0,20,,220440,4,,,0,20,,220402,4,,,0,60,,220423,4,,,0,20,,220441,4,,,0,70,,220403,4,,,0,30,,220442,4,,,0,70,,220404,4,,,0
14500,'Weekday',439,,220444,4,,,0,15,,220443,4,,,0,54,,220445,4,,,0,14,,220446,4,,,0,14,,220448,4,,,0,14,,220447,4,,,0,54,,220449,4,,,0,21,,220451,4,,,0,9,,220452,4,,,0,10,,220453,4,,,0,7,,220455,4,,,0,8,,220531,4,,,0,56,,220457,4,,,0,10,,220459,4,,,0,10,,220456,4,,,0,10,,220458,4,,,0,10,,220460,4,,,0,50,,220461,4,,,0,10,,220462,4,,,0,10,,220465,4,,,0,10,,220463,4,,,0,10,,220464,4,,,0,10,,220466,4,,,0,50,,220521,4,,,0,10,,220467,4,,,0,10,,220527,4,,,0,10,,220469,4,,,0,10,,220526,4,,,0,10,,220470,4,,,0,50,,220528,4,,,0,15,,220472,4,,,0,20,,220468,4,,,0,60,,220473,4,,,0,20,,220474,4,,,0,20,,220475,4,,,0,60,,220522,4,,,0,22,,220471,4,,,0,20,,220478,4,,,0,60,,220523,4,,,0,20,,220476,4,,,0,20,,220479,4,,,0,60,,220480,4,,,0,20,,220477,4,,,0,16,,220484,4,,,0,10,,220483,4,,,0,10,,220481,4,,,0,50,,220485,4,,,0,10,,220482,4,,,0,10,,220487,4,,,0,10,,220486,4,,,0,10,,220488,4,,,0,10,,220489,4,,,0,50,,220490,4,,,0,10,,220491,4,,,0,10,,220492,4,,,0,10,,220494,4,,,0,10,,220495,4,,,0,10,,220496,4,,,0,50,,220497,4,,,0,10,,220493,4,,,0,10,,220500,4,,,0,10,,220499,4,,,0,10,,220498,4,,,0,10,,220501,4,,,0,51,,220503,4,,,0,13,,220502,4,,,0,14,,220504,4,,,0,15,,220506,4,,,0,56,,220505,4,,,0,14,,220508,4,,,0,15,,220525,4,,,0,20,,220509,4,,,0,60,,220510,4,,,0,20,,220524,4,,,0,20,,220507,4,,,0,60,,220511,4,,,0,20,,220529,4,,,0,20,,220512,4,,,0,60,,220514,4,,,0,20,,220515,4,,,0,20,,220530,4,,,0,68,,220516,4,,,0,30,,220518,4,,,0,70,,220513,4,,,0,30,,220519,4,,,0,70,,220520,4,,,0,30,,220517,4,,,0
15701,'Saturday',433,,221944,4,,,0,69,,221972,4,,,0,29,,221958,4,,,0,69,,221945,4,,,0,29,,221973,4,,,0,29,,221959,4,,,0,69,,221946,4,,,0,29,,221974,4,,,0,69,,221960,4,,,0,29,,221947,4,,,0,69,,221975,4,,,0,29,,221961,4,,,0,69,,221948,4,,,0,29,,221976,4,,,0,69,,221962,4,,,0,29,,221949,4,,,0,69,,221977,4,,,0,29,,221963,4,,,0,69,,221950,4,,,0,29,,221978,4,,,0,69,,221964,4,,,0,29,,221951,4,,,0,69,,221979,4,,,0,29,,221965,4,,,0,69,,221952,4,,,0,29,,221980,4,,,0,69,,221966,4,,,0,29,,221953,4,,,0,69,,221981,4,,,0,29,,221967,4,,,0,69,,221954,4,,,0,29,,221982,4,,,0,69,,221968,4,,,0,29,,221955,4,,,0,29,,221983,4,,,0,69,,221969,4,,,0,29,,221956,4,,,0,69,,221984,4,,,0,29,,221970,4,,,0,69,,221957,4,,,0,29,,221985,4,,,0,69,,221971,4,,,0
15701,'Sunday',433,,221986,4,,,0,69,,222014,4,,,0,29,,222000,4,,,0,69,,221987,4,,,0,29,,222015,4,,,0,29,,222001,4,,,0,69,,221988,4,,,0,29,,222016,4,,,0,69,,222002,4,,,0,29,,221989,4,,,0,69,,222017,4,,,0,29,,222003,4,,,0,69,,221990,4,,,0,29,,222018,4,,,0,69,,222004,4,,,0,29,,221991,4,,,0,69,,222019,4,,,0,29,,222005,4,,,0,69,,221992,4,,,0,29,,222020,4,,,0,69,,222006,4,,,0,29,,221993,4,,,0,69,,222021,4,,,0,29,,222007,4,,,0,69,,221994,4,,,0,29,,222022,4,,,0,69,,222008,4,,,0,29,,221995,4,,,0,69,,222023,4,,,0,29,,222009,4,,,0,69,,221996,4,,,0,29,,222024,4,,,0,69,,222010,4,,,0,29,,221997,4,,,0,29,,222025,4,,,0,69,,222011,4,,,0,29,,221998,4,,,0,69,,222026,4,,,0,29,,222012,4,,,0,69,,221999,4,,,0,29,,222027,4,,,0,69,,222013,4,,,0
15701,'Weekday',403,,222033,4,,,0,30,,222039,4,,,0,70,,222038,4,,,0,30,,222040,4,,,0,22,,222058,4,,,0,62,,222067,4,,,0,22,,222049,4,,,0,62,,222041,4,,,0,22,,222059,4,,,0,22,,222068,4,,,0,62,,222050,4,,,0,22,,222042,4,,,0,22,,222060,4,,,0,69,,222069,4,,,0,29,,222051,4,,,0,69,,222061,4,,,0,29,,222070,4,,,0,69,,222052,4,,,0,29,,222062,4,,,0,69,,222071,4,,,0,29,,222053,4,,,0,69,,222063,4,,,0,29,,222072,4,,,0,69,,222054,4,,,0,22,,222064,4,,,0,22,,222076,4,,,0,62,,222073,4,,,0,22,,222055,4,,,0,62,,222065,4,,,0,22,,222043,4,,,0,23,,222074,4,,,0,63,,222056,4,,,0,23,,222066,4,,,0,23,,222044,4,,,0,62,,222075,4,,,0,22,,222057,4,,,0,62,,222028,4,,,0,25,,222034,4,,,0,28,,222045,4,,,0,68,,222029,4,,,0,29,,222035,4,,,0,69,,222046,4,,,0,29,,222030,4,,,0,69,,222036,4,,,0,29,,222047,4,,,0,69,,222031,4,,,0,29,,222037,4,,,0,69,,222048,4,,,0,29,,222032,4,,,0
