2401,'Saturday',653,,206192,44,,,0,70,,206203,44,,,0,30,,206212,44,,,0,70,,206194,44,,,0,30,,206202,44,,,0,70,,206214,44,,,0,30,,206193,44,,,0,70,,206204,44,,,0,30,,206215,44,,,0,70,,206191,44,,,0,30,,206206,44,,,0,70,,206217,44,,,0,30,,206195,44,,,0,70,,206207,44,,,0,30,,206218,44,,,0,70,,206196,44,,,0,30,,206205,44,,,0,70,,206216,44,,,0,30,,206197,44,,,0,70,,206208,44,,,0,30,,206220,44,,,0,70,,206198,44,,,0,30,,206210,44,,,0,70,,206219,44,,,0,30,,206199,44,,,0,70,,206209,44,,,0,30,,206221,44,,,0,70,,206200,44,,,0,30,,206211,44,,,0,70,,206222,44,,,0,30,,206201,44,,,0,70,,206213,44,,,0
2401,'Sunday',653,,206223,44,,,0,70,,206233,44,,,0,30,,206244,44,,,0,70,,206224,44,,,0,30,,206235,44,,,0,70,,206246,44,,,0,30,,206225,44,,,0,70,,206237,44,,,0,30,,206247,44,,,0,70,,206226,44,,,0,30,,206236,44,,,0,70,,206248,44,,,0,30,,206227,44,,,0,70,,206238,44,,,0,30,,206249,44,,,0,70,,206228,44,,,0,30,,206239,44,,,0,70,,206250,44,,,0,30,,206231,44,,,0,70,,206240,44,,,0,30,,206251,44,,,0,70,,206229,44,,,0,30,,206241,44,,,0,70,,206253,44,,,0,30,,206232,44,,,0,70,,206243,44,,,0,30,,206252,44,,,0,70,,206230,44,,,0,30,,206242,44,,,0,70,,206254,44,,,0,30,,206234,44,,,0,70,,206245,44,,,0
2401,'Weekday',606,,206276,44,,,0,40,,206285,44,,,0,73,,206255,44,,,0,30,,206277,44,,,0,70,,206287,44,,,0,30,,206256,44,,,0,69,,206278,44,,,0,28,,206288,44,,,0,70,,206257,44,,,0,30,,206280,44,,,0,70,,206289,44,,,0,30,,206258,44,,,0,70,,206279,44,,,0,30,,206286,44,,,0,70,,206259,44,,,0,30,,206282,44,,,0,70,,206290,44,,,0,30,,206261,44,,,0,70,,206281,44,,,0,34,,206291,44,,,0,70,,206260,44,,,0,30,,206283,44,,,0,70,,206292,44,,,0,29,,206262,44,,,0,70,,206284,44,,,0,30,,206267,44,,,0,67,,206263,44,,,0,30,,206271,44,,,0,70,,206268,44,,,0,30,,206264,44,,,0,70,,206273,44,,,0,30,,206269,44,,,0,70,,206265,44,,,0,29,,206274,44,,,0,68,,206270,44,,,0,28,,206266,44,,,0,72,,206275,44,,,0,35,,206272,44,,,0
3600,'Saturday',559,,207286,4,,,0,85,,207290,4,,,0,85,,207293,4,,,0,85,,207295,4,,,0,45,,207287,4,,,0,85,,207291,4,,,0,85,,207292,4,,,0,85,,207294,4,,,0,45,,207274,4,,,0,85,,207275,4,,,0,85,,207276,4,,,0,85,,207277,4,,,0,45,,207278,4,,,0,85,,207279,4,,,0,85,,207280,4,,,0,85,,207281,4,,,0,45,,207282,4,,,0,85,,207283,4,,,0,85,,207288,4,,,0,85,,207284,4,,,0,45,,207285,4,,,0,85,,207289,4,,,0,85,,207297,4,,,0,85,,207296,4,,,0
3600,'Sunday',729,,207311,4,,,0,85,,207313,4,,,0,45,,207309,4,,,0,85,,207308,4,,,0,85,,207310,4,,,0,85,,207312,4,,,0,45,,207299,4,,,0,85,,207298,4,,,0,85,,207300,4,,,0,85,,207301,4,,,0,45,,207302,4,,,0,85,,207303,4,,,0,85,,207304,4,,,0,85,,207305,4,,,0,45,,207306,4,,,0,85,,207307,4,,,0,85,,207314,4,,,0,85,,207316,4,,,0,45,,207317,4,,,0,85,,207319,4,,,0,85,,207318,4,,,0,85,,207315,4,,,0
3600,'Weekday',512,,207320,1,,,0,111,,207331,4,,,0,35,,207332,4,,,0,75,,207333,4,,,0,75,,207334,4,,,0,35,,207335,4,,,0,75,,207337,4,,,0,35,,207336,4,,,0,75,,207341,4,,,0,75,,207338,4,,,0,35,,207339,4,,,0,75,,207340,4,,,0,35,,207342,4,,,0,75,,207343,4,,,0,35,,207344,4,,,0,75,,207345,4,,,0,75,,207346,4,,,0,36,,207347,4,,,0,75,,207348,4,,,0,35,,207349,4,,,0,75,,207350,4,,,0,73,,207322,4,,,0,35,,207323,4,,,0,73,,207321,4,,,0,32,,207324,4,,,0,81,,207325,4,,,0,81,,207326,4,,,0,41,,207327,4,,,0,81,,207328,4,,,0,81,,207329,4,,,0,41,,207330,4,,,0
4100,'Saturday',554,,208209,1,,,0,83,,208208,27,,,0,85,,208206,27,,,0,85,,208191,27,,,0,45,,208192,27,,,0,85,,208193,27,,,0,85,,208194,27,,,0,85,,208195,27,,,0,47,,208196,27,,,0,85,,208197,27,,,0,85,,208198,27,,,0,85,,208199,27,,,0,45,,208200,27,,,0,85,,208202,27,,,0,85,,208203,27,,,0,85,,208204,27,,,0,45,,208201,27,,,0,85,,208205,27,,,0,83,,208207,27,,,0
4100,'Weekday',548,,208210,1,,,0,74,,208213,27,,,0,36,,208214,27,,,0,75,,208215,27,,,0,75,,208216,27,,,0,37,,208217,27,,,0,73,,208221,27,,,0,35,,208219,27,,,0,75,,208222,27,,,0,75,,208220,27,,,0,35,,208218,27,,,0,75,,208224,27,,,0,35,,208223,27,,,0,75,,208227,27,,,0,35,,208225,27,,,0,75,,208226,27,,,0,76,,208228,27,,,0,36,,208229,27,,,0,74,,208230,27,,,0,35,,208231,27,,,0,73,,208232,27,,,0,75,,208233,27,,,0,36,,208211,27,,,0,72,,208212,27,,,0
4100,'Weekday0000100',1240,,208234,14,,,0
4100,'Weekday1111000',1500,,208235,14,,,0
85300,'Weekday',1548,,226294,2,0,12 93 94,0
85301,'Weekday',820,,226295,1,0,12 93 94,0
