1901,'Saturday',703,,204926,67,,,0,35,,204918,67,,,0,75,,204934,67,,,0,35,,204942,67,,,0,75,,204927,67,,,0,35,,204919,67,,,0,75,,204935,67,,,0,75,,204943,67,,,0,35,,204928,67,,,0,75,,204920,67,,,0,35,,204936,67,,,0,74,,204944,67,,,0,75,,204929,67,,,0,28,,204921,67,,,0,24,,204949,67,,,0,68,,204938,67,,,0,28,,204945,67,,,0,68,,204930,67,,,0,28,,204922,67,,,0,68,,204950,67,,,0,28,,204937,67,,,0,68,,204946,67,,,0,28,,204931,67,,,0,68,,204923,67,,,0,28,,204951,67,,,0,23,,204940,67,,,0,73,,204948,67,,,0,75,,204932,67,,,0,35,,204924,67,,,0,75,,204941,67,,,0,35,,204947,67,,,0,75,,204933,67,,,0,75,,204925,67,,,0
1901,'Sunday',703,,204960,67,,,0,35,,204952,67,,,0,75,,204968,67,,,0,35,,204975,67,,,0,75,,204961,67,,,0,35,,204953,67,,,0,75,,204969,67,,,0,75,,204977,67,,,0,35,,204962,67,,,0,75,,204954,67,,,0,35,,204970,67,,,0,74,,204979,67,,,0,75,,204964,67,,,0,28,,204955,67,,,0,24,,204983,67,,,0,68,,204971,67,,,0,28,,204978,67,,,0,68,,204966,67,,,0,28,,204956,67,,,0,68,,204984,67,,,0,28,,204972,67,,,0,68,,204980,67,,,0,28,,204965,67,,,0,68,,204957,67,,,0,28,,204985,67,,,0,23,,204973,67,,,0,73,,204981,67,,,0,75,,204963,67,,,0,35,,204958,67,,,0,75,,204974,67,,,0,35,,204982,67,,,0,75,,204967,67,,,0,75,,204959,67,,,0
1901,'Weekday',543,,205021,26,,,0,64,,204988,67,,,0,34,,204996,67,,,0,64,,205004,67,,,0,33,,205012,67,,,0,72,,205022,67,,,0,27,,204989,67,,,0,76,,204997,67,,,0,29,,205005,67,,,0,74,,205013,67,,,0,33,,205023,67,,,0,72,,204990,67,,,0,32,,204998,67,,,0,72,,205006,67,,,0,32,,205014,67,,,0,72,,205024,67,,,0,72,,204991,67,,,0,33,,204999,67,,,0,68,,204987,67,,,0,3,,204986,26,,,0,5,,205007,67,,,0,32,,205016,67,,,0,72,,205025,67,,,0,31,,204992,67,,,0,71,,205000,67,,,0,32,,205008,67,,,0,70,,205015,67,,,0,24,,205026,67,,,0,69,,204993,67,,,0,30,,205001,67,,,0,70,,205009,67,,,0,30,,205017,67,,,0,70,,205028,67,,,0,30,,204994,67,,,0,70,,205002,67,,,0,26,,205010,67,,,0,68,,205018,67,,,0,30,,205027,67,,,0,70,,204995,67,,,0,30,,205003,67,,,0,70,,205011,67,,,0,30,,205019,67,,,0,70,,205020,67,,,0
1901,'Weekday0000100',1217,,205029,12,,,0
12000,'Saturday',710,,218549,20,,,0,46,,218548,20,,,0,86,,218550,20,,,0,86,,218551,20,,,0,86,,218552,20,,,0,86,,218553,20,,,0,46,,218554,20,,,0,88,,218555,20,,,0,86,,218557,20,,,0,86,,218556,20,,,0,46,,218558,20,,,0,86,,218559,20,,,0,86,,218560,20,,,0,86,,218561,20,,,0,46,,218562,20,,,0,86,,218563,20,,,0,86,,218564,20,,,0,86,,218565,20,,,0,86,,218566,20,,,0,43,,218567,20,,,0,86,,218568,20,,,0,86,,218569,20,,,0,86,,218570,20,,,0
12000,'Sunday',710,,218571,20,,,0,46,,218572,20,,,0,86,,218573,20,,,0,86,,218574,20,,,0,86,,218575,20,,,0,86,,218576,20,,,0,46,,218577,20,,,0,88,,218578,20,,,0,86,,218579,20,,,0,86,,218581,20,,,0,46,,218580,20,,,0,86,,218582,20,,,0,86,,218583,20,,,0,86,,218584,20,,,0,46,,218585,20,,,0,86,,218586,20,,,0,86,,218587,20,,,0,86,,218589,20,,,0,86,,218588,20,,,0,43,,218590,20,,,0,86,,218591,20,,,0,86,,218592,20,,,0,86,,218593,20,,,0
12000,'Weekday',535,,218594,20,,,0,85,,218595,20,,,0,23,,218620,20,,,0,62,,218598,20,,,0,23,,218621,20,,,0,22,,218597,20,,,0,63,,218622,20,,,0,22,,218599,20,,,0,85,,218600,20,,,0,85,,218601,20,,,0,45,,218602,20,,,0,85,,218603,20,,,0,85,,218604,20,,,0,85,,218605,20,,,0,45,,218606,20,,,0,85,,218607,20,,,0,87,,218608,20,,,0,23,,218625,20,,,0,62,,218610,20,,,0,23,,218624,20,,,0,22,,218611,20,,,0,63,,218623,20,,,0,22,,218612,20,,,0,85,,218609,20,,,0,83,,218613,20,,,0,45,,218614,20,,,0,85,,218615,20,,,0,85,,218616,20,,,0,83,,218617,20,,,0,45,,218618,20,,,0,85,,218619,20,,,0,85,,218596,20,,,0
13400,'Weekday',544,,219710,17,,,0,90,,219711,17,,,0,25,,219744,17,,,0,65,,219712,17,,,0,25,,219743,17,,,0,65,,219713,17,,,0,22,,219742,17,,,0,68,,219714,17,,,0,23,,219745,17,,,0,25,,219715,17,,,0,65,,219747,17,,,0,25,,219716,17,,,0,65,,219735,17,,,0,25,,219717,17,,,0,25,,219736,17,,,0,65,,219718,17,,,0,25,,219737,17,,,0,65,,219719,17,,,0,25,,219746,17,,,0,65,,219720,17,,,0,25,,219734,17,,,0,25,,219721,17,,,0,67,,219739,17,,,0,25,,219722,17,,,0,65,,219738,17,,,0,25,,219723,17,,,0,25,,219740,17,,,0,65,,219724,17,,,0,25,,219741,17,,,0,65,,219725,17,,,0,88,,219726,17,,,0,50,,219727,17,,,0,90,,219728,17,,,0,90,,219729,17,,,0,90,,219730,17,,,0,90,,219731,17,,,0,90,,219732,17,,,0,50,,219733,17,,,0
42200,'Saturday',639,,225347,22,,,0,11,,225347,38,,,0,89,,225348,22,,,0,11,,225348,38,,,0,89,,225349,22,,,0,11,,225349,38,,,0,89,,225350,22,,,0,11,,225350,38,,,0,89,,225351,22,,,0,11,,225351,38,,,0,89,,225352,22,,,0,11,,225352,38,,,0,89,,225353,22,,,0,12,,225353,38,,,0,88,,225355,22,,,0,12,,225355,38,,,0,88,,225354,22,,,0,12,,225354,38,,,0,88,,225356,22,,,0,12,,225356,38,,,0,88,,225357,22,,,0,12,,225357,38,,,0,88,,225358,22,,,0,12,,225358,38,,,0,88,,225359,22,,,0,11,,225359,38,,,0
42200,'Sunday',639,,225360,22,,,0,11,,225360,38,,,0,89,,225361,22,,,0,11,,225361,38,,,0,89,,225362,22,,,0,11,,225362,38,,,0,89,,225363,22,,,0,11,,225363,38,,,0,89,,225364,22,,,0,11,,225364,38,,,0,89,,225365,22,,,0,11,,225365,38,,,0,89,,225366,22,,,0,12,,225366,38,,,0,88,,225367,22,,,0,12,,225367,38,,,0,88,,225368,22,,,0,12,,225368,38,,,0,88,,225369,22,,,0,12,,225369,38,,,0,88,,225370,22,,,0,12,,225370,38,,,0,88,,225371,22,,,0,12,,225371,38,,,0,88,,225372,22,,,0,11,,225372,38,,,0
42200,'Weekday',638,,225373,22,,,0,12,,225373,38,,,0,58,,225391,22,,,0,12,,225391,38,,,0,18,,225374,22,,,0,12,,225374,38,,,0,58,,225395,22,,,0,12,,225395,38,,,0,18,,225375,22,,,0,12,,225375,38,,,0,58,,225396,22,,,0,11,,225396,38,,,0,19,,225376,22,,,0,11,,225376,38,,,0,59,,225393,22,,,0,11,,225393,38,,,0,19,,225377,22,,,0,11,,225377,38,,,0,59,,225394,22,,,0,11,,225394,38,,,0,19,,225378,22,,,0,11,,225378,38,,,0,59,,225397,22,,,0,11,,225397,38,,,0,19,,225379,22,,,0,11,,225379,38,,,0,59,,225390,22,,,0,11,,225390,38,,,0,19,,225380,22,,,0,11,,225380,38,,,0,59,,225399,22,,,0,11,,225399,38,,,0,19,,225381,22,,,0,11,,225381,38,,,0,68,,225398,22,,,0,12,,225398,38,,,0,9,,225382,22,,,0,12,,225382,38,,,0,58,,225392,22,,,0,12,,225392,38,,,0,18,,225384,22,,,0,12,,225384,38,,,0,58,,225400,22,,,0,12,,225400,38,,,0,18,,225383,22,,,0,12,,225383,38,,,0,58,,225389,22,,,0,12,,225389,38,,,0,18,,225387,22,,,0,11,,225387,38,,,0,88,,225386,22,,,0,11,,225386,38,,,0,89,,225385,22,,,0,11,,225385,38,,,0,89,,225388,22,,,0,11,,225388,38,,,0
