2300,'Saturday',551,,205650,57,0,80 12 53,0,59,,205657,57,0,80 12 53,0,19,,205659,57,0,80 12 53,0,19,,205660,57,0,80 12 53,0,60,,205658,57,0,80 12 53,0,19,,205661,57,0,80 12 53,0,19,,205662,57,0,80 12 53,0,60,,205663,57,0,80 12 53,0,19,,205664,57,0,80 12 53,0,19,,205665,57,0,80 12 53,0,59,,205666,57,0,80 12 53,0,19,,205667,57,0,80 12 53,0,19,,205668,57,0,80 12 53,0,59,,205669,57,0,80 12 53,0,19,,205670,57,0,80 12 53,0,19,,205671,57,0,80 12 53,0,19,,205672,57,0,80 12 53,0,59,,205673,57,0,80 12 53,0,20,,205674,57,0,80 12 53,0,20,,205675,57,0,80 12 53,0,66,,205676,57,0,80 12 53,0,23,,205677,57,0,80 12 53,0,59,,205678,57,0,80 12 53,0,21,,205679,57,0,80 12 53,0,19,,205680,57,0,80 12 53,0,59,,205681,57,0,80 12 53,0,19,,205682,57,0,80 12 53,0,19,,205683,57,0,80 12 53,0,59,,205684,57,0,80 12 53,0,19,,205686,57,0,80 12 53,0,19,,205687,57,0,80 12 53,0,19,,205688,57,0,80 12 53,0,59,,205685,57,0,80 12 53,0,19,,205689,57,0,80 12 53,0,18,,205690,57,0,80 12 53,0,58,,205691,57,0,80 12 53,0,18,,205692,57,0,80 12 53,0,18,,205693,57,0,80 12 53,0,59,,205694,57,0,80 12 53,0,19,,205695,57,0,80 12 53,0,19,,205696,57,0,80 12 53,0,59,,205697,57,0,80 12 53,0,19,,205698,57,0,80 12 53,0,19,,205699,57,0,80 12 53,0,59,,205700,57,0,80 12 53,0,16,,205701,57,0,80 12 53,0,18,,205702,57,0,80 12 53,0,18,,205703,57,0,80 12 53,0,56,,205707,57,0,80 12 53,0,19,,205704,57,0,80 12 53,0,18,,205705,57,0,80 12 53,0,58,,205706,57,0,80 12 53,0,18,,205709,57,0,80 12 53,0,18,,205708,57,0,80 12 53,0,19,,205710,57,0,80 12 53,0,59,,205711,57,0,80 12 53,0,19,,205712,57,0,80 12 53,0,17,,205713,57,0,80 12 53,0,58,,205653,57,0,80 12 53,0,19,,205654,57,0,80 12 53,0,19,,205652,57,0,80 12 53,0,59,,205655,57,0,80 12 53,0,19,,205656,57,0,80 12 53,0,19,,205651,57,0,80 12 53,0
2300,'Sunday',551,,205714,57,0,80 12 53,0,59,,205715,57,0,80 12 53,0,19,,205716,57,0,80 12 53,0,19,,205717,57,0,80 12 53,0,60,,205718,57,0,80 12 53,0,19,,205719,57,0,80 12 53,0,19,,205720,57,0,80 12 53,0,60,,205723,57,0,80 12 53,0,19,,205721,57,0,80 12 53,0,19,,205722,57,0,80 12 53,0,59,,205724,57,0,80 12 53,0,19,,205725,57,0,80 12 53,0,19,,205726,57,0,80 12 53,0,59,,205727,57,0,80 12 53,0,19,,205728,57,0,80 12 53,0,19,,205729,57,0,80 12 53,0,19,,205730,57,0,80 12 53,0,59,,205731,57,0,80 12 53,0,20,,205732,57,0,80 12 53,0,20,,205733,57,0,80 12 53,0,66,,205734,57,0,80 12 53,0,23,,205735,57,0,80 12 53,0,59,,205736,57,0,80 12 53,0,21,,205737,57,0,80 12 53,0,19,,205738,57,0,80 12 53,0,59,,205739,57,0,80 12 53,0,19,,205740,57,0,80 12 53,0,19,,205741,57,0,80 12 53,0,59,,205742,57,0,80 12 53,0,19,,205743,57,0,80 12 53,0,19,,205745,57,0,80 12 53,0,19,,205744,57,0,80 12 53,0,59,,205746,57,0,80 12 53,0,19,,205748,57,0,80 12 53,0,18,,205747,57,0,80 12 53,0,58,,205749,57,0,80 12 53,0,18,,205750,57,0,80 12 53,0,18,,205751,57,0,80 12 53,0,59,,205752,57,0,80 12 53,0,19,,205753,57,0,80 12 53,0,19,,205756,57,0,80 12 53,0,59,,205755,57,0,80 12 53,0,19,,205754,57,0,80 12 53,0,19,,205758,57,0,80 12 53,0,59,,205757,57,0,80 12 53,0,16,,205759,57,0,80 12 53,0,18,,205760,57,0,80 12 53,0,18,,205761,57,0,80 12 53,0,56,,205763,57,0,80 12 53,0,19,,205762,57,0,80 12 53,0,18,,205764,57,0,80 12 53,0,58,,205765,57,0,80 12 53,0,18,,205766,57,0,80 12 53,0,18,,205767,57,0,80 12 53,0,19,,205768,57,0,80 12 53,0,59,,205769,57,0,80 12 53,0,19,,205770,57,0,80 12 53,0,17,,205771,57,0,80 12 53,0,58,,205772,57,0,80 12 53,0,19,,205773,57,0,80 12 53,0,19,,205774,57,0,80 12 53,0,59,,205775,57,0,80 12 53,0,19,,205777,57,0,80 12 53,0,19,,205776,57,0,80 12 53,0
2300,'Weekday',515,,205786,57,0,80 12 53,0,17,,205840,57,0,80 12 53,0,16,,205792,57,0,80 12 53,0,57,,205780,57,0,80 12 53,0,18,,205839,57,0,80 12 53,0,16,,205782,57,0,80 12 53,0,15,,205781,57,0,80 12 53,0,51,,205798,57,0,80 12 53,0,11,,205784,57,0,80 12 53,0,11,,205846,57,0,80 12 53,0,13,,205841,57,0,80 12 53,0,12,,205787,57,0,80 12 53,0,53,,205783,57,0,80 12 53,0,12,,205793,57,0,80 12 53,0,11,,205804,57,0,80 12 53,0,11,,205785,57,0,80 12 53,0,10,,205842,57,0,80 12 53,0,51,,205809,57,0,80 12 53,0,12,,205843,57,0,80 12 53,0,12,,205799,57,0,80 12 53,0,13,,205844,57,0,80 12 53,0,12,,205818,57,0,80 12 53,0,51,,205845,57,0,80 12 53,0,11,,205788,57,0,80 12 53,0,20,,205794,57,0,80 12 53,0,21,,205803,57,0,80 12 53,0,61,,205808,57,0,80 12 53,0,22,,205813,57,0,80 12 53,0,23,,205817,57,0,80 12 53,0,62,,205789,57,0,80 12 53,0,22,,205806,57,0,80 12 53,0,61,,205810,57,0,80 12 53,0,22,,205837,57,0,80 12 53,0,25,,205814,57,0,80 12 53,0,65,,205802,57,0,80 12 53,0,21,,205838,57,0,80 12 53,0,15,,205819,57,0,80 12 53,0,51,,205821,57,0,80 12 53,0,12,,205790,57,0,80 12 53,0,12,,205827,57,0,80 12 53,0,13,,205795,57,0,80 12 53,0,13,,205826,57,0,80 12 53,0,52,,205805,57,0,80 12 53,0,12,,205825,57,0,80 12 53,0,13,,205811,57,0,80 12 53,0,11,,205778,57,0,80 12 53,0,11,,205815,57,0,80 12 53,0,51,,205831,57,0,80 12 53,0,10,,205828,57,0,80 12 53,0,10,,205800,57,0,80 12 53,0,10,,205820,57,0,80 12 53,0,10,,205822,57,0,80 12 53,0,10,,205832,57,0,80 12 53,0,51,,205791,57,0,80 12 53,0,11,,205796,57,0,80 12 53,0,11,,205833,57,0,80 12 53,0,10,,205779,57,0,80 12 53,0,10,,205807,57,0,80 12 53,0,10,,205834,57,0,80 12 53,0,48,,205812,57,0,80 12 53,0,9,,205824,57,0,80 12 53,0,10,,205816,57,0,80 12 53,0,9,,205835,57,0,80 12 53,0,9,,205829,57,0,80 12 53,0,13,,205836,57,0,80 12 53,0,55,,205801,57,0,80 12 53,0,15,,205823,57,0,80 12 53,0,16,,205797,57,0,80 12 53,0,15,,205830,57,0,80 12 53,0,62,,205848,57,0,80 12 53,0,22,,205847,57,0,80 12 53,0,19,,205849,57,0,80 12 53,0,60,,205850,57,0,80 12 53,0,21,,205851,57,0,80 12 53,0,21,,205852,57,0,80 12 53,0,65,,205853,57,0,80 12 53,0,25,,205854,57,0,80 12 53,0,65,,205855,57,0,80 12 53,0,25,,205856,57,0,80 12 53,0,65,,205857,57,0,80 12 53,0,25,,205858,57,0,80 12 53,0,25,,205859,57,0,80 12 53,0
2300,'Weekday0000100',1408,,205860,24,0,80 12 53,0,15,,205862,12,0,80 12 53,0,4,,205863,14,0,81 47,0
2300,'Weekday1111000',1555,,205865,24,0,80 12 53,0,45,,205864,12,0,80 12 53,0,17,,205866,24,0,80 12 53,0
3800,'Saturday',521,,207699,45,,,0,23,,207700,45,,,0,63,,207701,45,,,0,23,,207703,45,,,0,23,,207704,45,,,0,63,,207702,45,,,0,23,,207705,45,,,0,63,,207707,45,,,0,23,,207706,45,,,0,23,,207708,45,,,0,63,,207709,45,,,0,23,,207711,45,,,0,67,,207710,45,,,0,26,,207715,45,,,0,22,,207716,45,,,0,62,,207717,45,,,0,23,,207714,45,,,0,21,,207713,45,,,0,61,,207712,45,,,0,21,,207718,45,,,0,22,,207720,45,,,0,62,,207719,45,,,0,22,,207721,45,,,0,62,,207675,45,,,0,21,,207670,45,,,0,21,,207722,45,,,0,62,,207697,45,,,0,22,,207724,45,,,0,22,,207723,45,,,0,62,,207676,45,,,0,21,,207677,45,,,0,20,,207688,45,,,0,62,,207685,45,,,0,22,,207671,45,,,0,62,,207681,45,,,0,22,,207678,45,,,0,21,,207682,45,,,0,60,,207672,45,,,0,20,,207693,45,,,0,22,,207698,45,,,0,59,,207689,45,,,0,18,,207686,45,,,0,24,,207673,45,,,0,64,,207679,45,,,0,24,,207687,45,,,0,65,,207694,45,,,0,24,,207683,45,,,0,24,,207690,45,,,0,64,,207680,45,,,0,24,,207674,45,,,0,64,,207696,45,,,0,24,,207691,45,,,0,24,,207695,45,,,0,64,,207684,45,,,0,24,,207692,45,,,0
3800,'Sunday',521,,207725,45,,,0,23,,207726,45,,,0,63,,207727,45,,,0,23,,207728,45,,,0,23,,207729,45,,,0,63,,207730,45,,,0,23,,207731,45,,,0,63,,207732,45,,,0,23,,207733,45,,,0,23,,207734,45,,,0,63,,207735,45,,,0,23,,207736,45,,,0,67,,207737,45,,,0,26,,207738,45,,,0,22,,207739,45,,,0,62,,207740,45,,,0,23,,207741,45,,,0,21,,207742,45,,,0,61,,207743,45,,,0,21,,207744,45,,,0,22,,207745,45,,,0,62,,207746,45,,,0,22,,207747,45,,,0,62,,207748,45,,,0,21,,207749,45,,,0,21,,207750,45,,,0,62,,207751,45,,,0,22,,207752,45,,,0,22,,207753,45,,,0,62,,207754,45,,,0,21,,207779,45,,,0,20,,207755,45,,,0,62,,207756,45,,,0,22,,207757,45,,,0,62,,207758,45,,,0,22,,207759,45,,,0,21,,207760,45,,,0,60,,207761,45,,,0,20,,207762,45,,,0,21,,207763,45,,,0,60,,207764,45,,,0,19,,207765,45,,,0,23,,207766,45,,,0,64,,207767,45,,,0,24,,207768,45,,,0,65,,207769,45,,,0,24,,207770,45,,,0,24,,207771,45,,,0,64,,207772,45,,,0,24,,207773,45,,,0,64,,207774,45,,,0,24,,207775,45,,,0,24,,207776,45,,,0,64,,207777,45,,,0,24,,207778,45,,,0
3800,'Weekday',506,,207781,45,,,0,13,,207782,45,,,0,13,,207783,45,,,0,13,,207784,45,,,0,14,,207785,45,,,0,54,,207786,45,,,0,13,,207800,45,,,0,15,,207787,45,,,0,15,,207788,45,,,0,56,,207789,45,,,0,17,,207790,45,,,0,19,,207791,45,,,0,55,,207792,45,,,0,15,,207793,45,,,0,15,,207794,45,,,0,15,,207795,45,,,0,56,,207796,45,,,0,17,,207797,45,,,0,18,,207798,45,,,0,19,,207799,45,,,0,60,,207802,45,,,0,20,,207813,45,,,0,18,,207805,45,,,0,58,,207809,45,,,0,19,,207811,45,,,0,19,,207815,45,,,0,60,,207807,45,,,0,18,,207803,45,,,0,18,,207814,45,,,0,60,,207810,45,,,0,20,,207808,45,,,0,19,,207804,45,,,0,59,,207812,45,,,0,17,,207801,45,,,0,17,,207806,45,,,0,15,,207816,45,,,0,57,,207819,45,,,0,16,,207821,45,,,0,16,,207822,45,,,0,56,,207823,45,,,0,15,,207824,45,,,0,5,,207855,45,,,0,10,,207825,45,,,0,14,,207826,45,,,0,13,,207827,45,,,0,55,,207828,45,,,0,14,,207829,45,,,0,16,,207830,45,,,0,15,,207831,45,,,0,56,,207832,45,,,0,15,,207833,45,,,0,14,,207834,45,,,0,15,,207817,45,,,0,54,,207818,45,,,0,15,,207820,45,,,0,20,,207835,45,,,0,60,,207836,45,,,0,20,,207837,45,,,0,18,,207838,45,,,0,57,,207839,45,,,0,18,,207840,45,,,0,21,,207841,45,,,0,60,,207842,45,,,0,20,,207843,45,,,0,20,,207844,45,,,0,19,,207845,45,,,0,60,,207846,45,,,0,20,,207847,45,,,0,20,,207848,45,,,0,60,,207849,45,,,0,20,,207850,45,,,0,20,,207851,45,,,0,60,,207852,45,,,0,20,,207853,45,,,0,20,,207854,45,,,0
3800,'Weekday0000100',1431,,207858,45,,,0,84,,207857,45,,,0
3800,'Weekday1111000',1614,,207861,45,,,0,6,,207860,45,,,0
30300,'Saturday',614,,223776,20,,,0,20,,223777,20,,,0,20,,223778,20,,,0,60,,223785,20,,,0,20,,223779,20,,,0,20,,223780,20,,,0,60,,223781,20,,,0,20,,223782,20,,,0,20,,223786,20,,,0,60,,223787,20,,,0,20,,223788,20,,,0,20,,223789,20,,,0,60,,223792,20,,,0,22,,223793,20,,,0,64,,223826,20,,,0,26,,223827,20,,,0,21,,223829,20,,,0,60,,223830,20,,,0,20,,223831,20,,,0,20,,223828,20,,,0,60,,223832,20,,,0,20,,223821,20,,,0,20,,223825,20,,,0,60,,223808,20,,,0,19,,223819,20,,,0,18,,223806,20,,,0,56,,223815,20,,,0,18,,223807,20,,,0,18,,223820,20,,,0,18,,223811,20,,,0,59,,223814,20,,,0,19,,223810,20,,,0,19,,223822,20,,,0,56,,223812,20,,,0,13,,223817,20,,,0,19,,223804,20,,,0,19,,223823,20,,,0,59,,223813,20,,,0,19,,223818,20,,,0,20,,223805,20,,,0,60,,223824,20,,,0,19,,223809,20,,,0,16,,223816,20,,,0,59,,223794,20,,,0,17,,223790,20,,,0,18,,223791,20,,,0,58,,223795,20,,,0,19,,223796,20,,,0,20,,223797,20,,,0,60,,223798,20,,,0,20,,223799,20,,,0,20,,223800,20,,,0,60,,223801,20,,,0,20,,223802,20,,,0,20,,223803,20,,,0,60,,223783,20,,,0,20,,223784,20,,,0,20,,223834,20,,,0,60,,223835,20,,,0,20,,223833,20,,,0
30300,'Sunday',614,,223843,20,,,0,20,,223861,20,,,0,20,,223836,20,,,0,60,,223852,20,,,0,20,,223870,20,,,0,20,,223879,20,,,0,60,,223844,20,,,0,20,,223862,20,,,0,20,,223838,20,,,0,60,,223853,20,,,0,20,,223871,20,,,0,20,,223880,20,,,0,60,,223845,20,,,0,22,,223863,20,,,0,64,,223837,20,,,0,26,,223854,20,,,0,21,,223873,20,,,0,60,,223881,20,,,0,20,,223847,20,,,0,20,,223865,20,,,0,60,,223884,20,,,0,20,,223839,20,,,0,20,,223855,20,,,0,60,,223872,20,,,0,19,,223890,20,,,0,18,,223882,20,,,0,56,,223846,20,,,0,18,,223867,20,,,0,18,,223885,20,,,0,18,,223840,20,,,0,59,,223856,20,,,0,19,,223874,20,,,0,19,,223891,20,,,0,56,,223883,20,,,0,13,,223848,20,,,0,19,,223866,20,,,0,19,,223886,20,,,0,59,,223841,20,,,0,19,,223857,20,,,0,20,,223875,20,,,0,60,,223892,20,,,0,19,,223849,20,,,0,16,,223864,20,,,0,59,,223887,20,,,0,17,,223842,20,,,0,18,,223858,20,,,0,58,,223876,20,,,0,19,,223893,20,,,0,20,,223850,20,,,0,60,,223868,20,,,0,20,,223888,20,,,0,20,,223859,20,,,0,60,,223877,20,,,0,20,,223894,20,,,0,20,,223851,20,,,0,60,,223869,20,,,0,20,,223889,20,,,0,20,,223860,20,,,0,60,,223878,20,,,0,20,,223895,20,,,0
30300,'Weekday',602,,223933,20,,,0,14,,223959,20,,,0,12,,223947,20,,,0,13,,223960,20,,,0,13,,223924,20,,,0,52,,223961,20,,,0,13,,223940,20,,,0,14,,223904,20,,,0,15,,223962,20,,,0,53,,223958,20,,,0,12,,223934,20,,,0,12,,223896,20,,,0,12,,223964,20,,,0,12,,223914,20,,,0,51,,223966,20,,,0,10,,223925,20,,,0,10,,223967,20,,,0,11,,223942,20,,,0,12,,223963,20,,,0,11,,223905,20,,,0,50,,223968,20,,,0,11,,223936,20,,,0,11,,223965,20,,,0,11,,223916,20,,,0,11,,223969,20,,,0,11,,223952,20,,,0,51,,223970,20,,,0,11,,223926,20,,,0,11,,223972,20,,,0,11,,223943,20,,,0,11,,223974,20,,,0,51,,223907,20,,,0,11,,223975,20,,,0,11,,223935,20,,,0,11,,223976,20,,,0,11,,223953,20,,,0,52,,223973,20,,,0,11,,223915,20,,,0,11,,223977,20,,,0,11,,223927,20,,,0,11,,223971,20,,,0,11,,223944,20,,,0,51,,223978,20,,,0,11,,223906,20,,,0,11,,223979,20,,,0,12,,223937,20,,,0,12,,223911,20,,,0,53,,223917,20,,,0,11,,223929,20,,,0,9,,223995,20,,,0,8,,223928,20,,,0,8,,223918,20,,,0,7,,223994,20,,,0,8,,223946,20,,,0,49,,223951,20,,,0,8,,223908,20,,,0,8,,223980,20,,,0,8,,223955,20,,,0,8,,223910,20,,,0,8,,223939,20,,,0,7,,223954,20,,,0,48,,223938,20,,,0,7,,223948,20,,,0,7,,223985,20,,,0,7,,223950,20,,,0,6,,223986,20,,,0,6,,223930,20,,,0,6,,223987,20,,,0,6,,223932,20,,,0,6,,223988,20,,,0,5,,223919,20,,,0,46,,223989,20,,,0,6,,223956,20,,,0,8,,223945,20,,,0,7,,223957,20,,,0,9,,223909,20,,,0,8,,223990,20,,,0,8,,223981,20,,,0,51,,223941,20,,,0,11,,223991,20,,,0,12,,223949,20,,,0,18,,223931,20,,,0,17,,223982,20,,,0,58,,223920,20,,,0,20,,223901,20,,,0,20,,223921,20,,,0,60,,223898,20,,,0,20,,223912,20,,,0,20,,223983,20,,,0,60,,223897,20,,,0,20,,223902,20,,,0,20,,223922,20,,,0,60,,223899,20,,,0,19,,223984,20,,,0,20,,223913,20,,,0,60,,223903,20,,,0,20,,223992,20,,,0,20,,223923,20,,,0,60,,223993,20,,,0,20,,223900,20,,,0
