2300,'Saturday',502,,205650,14,0,80 12 53,0,19,,205657,14,0,80 12 53,0,19,,205659,14,0,80 12 53,0,19,,205660,14,0,80 12 53,0,59,,205658,14,0,80 12 53,0,19,,205661,14,0,80 12 53,0,19,,205662,14,0,80 12 53,0,60,,205663,14,0,80 12 53,0,19,,205664,14,0,80 12 53,0,19,,205665,14,0,80 12 53,0,59,,205666,14,0,80 12 53,0,19,,205667,14,0,80 12 53,0,19,,205668,14,0,80 12 53,0,59,,205669,14,0,80 12 53,0,19,,205670,14,0,80 12 53,0,19,,205671,14,0,80 12 53,0,59,,205672,14,0,80 12 53,0,19,,205673,14,0,80 12 53,0,20,,205674,14,0,80 12 53,0,60,,205675,14,0,80 12 53,0,21,,205676,14,0,80 12 53,0,20,,205677,14,0,80 12 53,0,59,,205678,14,0,80 12 53,0,21,,205679,14,0,80 12 53,0,19,,205680,14,0,80 12 53,0,59,,205681,14,0,80 12 53,0,19,,205682,14,0,80 12 53,0,19,,205683,14,0,80 12 53,0,59,,205684,14,0,80 12 53,0,19,,205686,14,0,80 12 53,0,19,,205687,14,0,80 12 53,0,19,,205688,14,0,80 12 53,0,59,,205685,14,0,80 12 53,0,19,,205689,14,0,80 12 53,0,19,,205690,14,0,80 12 53,0,59,,205691,14,0,80 12 53,0,19,,205692,14,0,80 12 53,0,18,,205693,14,0,80 12 53,0,59,,205694,14,0,80 12 53,0,19,,205695,14,0,80 12 53,0,19,,205696,14,0,80 12 53,0,59,,205697,14,0,80 12 53,0,19,,205698,14,0,80 12 53,0,19,,205699,14,0,80 12 53,0,59,,205700,14,0,80 12 53,0,19,,205701,14,0,80 12 53,0,19,,205702,14,0,80 12 53,0,58,,205703,14,0,80 12 53,0,16,,205707,14,0,80 12 53,0,19,,205704,14,0,80 12 53,0,18,,205705,14,0,80 12 53,0,58,,205706,14,0,80 12 53,0,18,,205709,14,0,80 12 53,0,18,,205708,14,0,80 12 53,0,59,,205710,14,0,80 12 53,0,19,,205711,14,0,80 12 53,0,20,,205712,14,0,80 12 53,0,59,,205713,14,0,80 12 53,0,19,,205653,14,0,80 12 53,0,19,,205654,14,0,80 12 53,0,59,,205652,14,0,80 12 53,0,19,,205655,14,0,80 12 53,0,19,,205656,14,0,80 12 53,0,19,,205651,14,0,80 12 53,0
2300,'Sunday',502,,205714,14,0,80 12 53,0,19,,205715,14,0,80 12 53,0,19,,205716,14,0,80 12 53,0,19,,205717,14,0,80 12 53,0,59,,205718,14,0,80 12 53,0,19,,205719,14,0,80 12 53,0,19,,205720,14,0,80 12 53,0,60,,205723,14,0,80 12 53,0,19,,205721,14,0,80 12 53,0,19,,205722,14,0,80 12 53,0,59,,205724,14,0,80 12 53,0,19,,205725,14,0,80 12 53,0,19,,205726,14,0,80 12 53,0,59,,205727,14,0,80 12 53,0,19,,205728,14,0,80 12 53,0,19,,205729,14,0,80 12 53,0,59,,205730,14,0,80 12 53,0,19,,205731,14,0,80 12 53,0,20,,205732,14,0,80 12 53,0,60,,205733,14,0,80 12 53,0,21,,205734,14,0,80 12 53,0,20,,205735,14,0,80 12 53,0,59,,205736,14,0,80 12 53,0,21,,205737,14,0,80 12 53,0,19,,205738,14,0,80 12 53,0,59,,205739,14,0,80 12 53,0,19,,205740,14,0,80 12 53,0,19,,205741,14,0,80 12 53,0,59,,205742,14,0,80 12 53,0,19,,205743,14,0,80 12 53,0,19,,205745,14,0,80 12 53,0,19,,205744,14,0,80 12 53,0,59,,205746,14,0,80 12 53,0,19,,205748,14,0,80 12 53,0,19,,205747,14,0,80 12 53,0,59,,205749,14,0,80 12 53,0,19,,205750,14,0,80 12 53,0,18,,205751,14,0,80 12 53,0,59,,205752,14,0,80 12 53,0,19,,205753,14,0,80 12 53,0,19,,205756,14,0,80 12 53,0,59,,205755,14,0,80 12 53,0,19,,205754,14,0,80 12 53,0,19,,205758,14,0,80 12 53,0,59,,205757,14,0,80 12 53,0,19,,205759,14,0,80 12 53,0,19,,205760,14,0,80 12 53,0,58,,205761,14,0,80 12 53,0,16,,205763,14,0,80 12 53,0,19,,205762,14,0,80 12 53,0,18,,205764,14,0,80 12 53,0,58,,205765,14,0,80 12 53,0,18,,205766,14,0,80 12 53,0,18,,205767,14,0,80 12 53,0,59,,205768,14,0,80 12 53,0,19,,205769,14,0,80 12 53,0,20,,205770,14,0,80 12 53,0,59,,205771,14,0,80 12 53,0,19,,205772,14,0,80 12 53,0,19,,205773,14,0,80 12 53,0,59,,205774,14,0,80 12 53,0,19,,205775,14,0,80 12 53,0,19,,205777,14,0,80 12 53,0,19,,205776,14,0,80 12 53,0
2300,'Weekday',423,,205786,14,0,80 12 53,0,17,,205840,14,0,80 12 53,0,16,,205792,14,0,80 12 53,0,57,,205780,14,0,80 12 53,0,18,,205839,14,0,80 12 53,0,15,,205782,14,0,80 12 53,0,55,,205781,14,0,80 12 53,0,10,,205798,14,0,80 12 53,0,10,,205784,14,0,80 12 53,0,11,,205846,14,0,80 12 53,0,13,,205841,14,0,80 12 53,0,11,,205787,14,0,80 12 53,0,53,,205783,14,0,80 12 53,0,12,,205793,14,0,80 12 53,0,11,,205804,14,0,80 12 53,0,11,,205785,14,0,80 12 53,0,10,,205842,14,0,80 12 53,0,51,,205809,14,0,80 12 53,0,12,,205843,14,0,80 12 53,0,12,,205799,14,0,80 12 53,0,13,,205844,14,0,80 12 53,0,12,,205818,14,0,80 12 53,0,51,,205845,14,0,80 12 53,0,11,,205788,14,0,80 12 53,0,20,,205794,14,0,80 12 53,0,21,,205803,14,0,80 12 53,0,61,,205808,14,0,80 12 53,0,22,,205813,14,0,80 12 53,0,63,,205817,14,0,80 12 53,0,22,,205789,14,0,80 12 53,0,22,,205806,14,0,80 12 53,0,61,,205810,14,0,80 12 53,0,22,,205837,14,0,80 12 53,0,22,,205814,14,0,80 12 53,0,62,,205802,14,0,80 12 53,0,22,,205838,14,0,80 12 53,0,15,,205819,14,0,80 12 53,0,51,,205821,14,0,80 12 53,0,11,,205790,14,0,80 12 53,0,11,,205827,14,0,80 12 53,0,11,,205795,14,0,80 12 53,0,11,,205826,14,0,80 12 53,0,11,,205805,14,0,80 12 53,0,52,,205825,14,0,80 12 53,0,13,,205811,14,0,80 12 53,0,11,,205778,14,0,80 12 53,0,11,,205815,14,0,80 12 53,0,11,,205831,14,0,80 12 53,0,51,,205828,14,0,80 12 53,0,11,,205800,14,0,80 12 53,0,11,,205820,14,0,80 12 53,0,11,,205822,14,0,80 12 53,0,11,,205832,14,0,80 12 53,0,51,,205791,14,0,80 12 53,0,11,,205796,14,0,80 12 53,0,11,,205833,14,0,80 12 53,0,11,,205779,14,0,80 12 53,0,11,,205807,14,0,80 12 53,0,11,,205834,14,0,80 12 53,0,51,,205812,14,0,80 12 53,0,12,,205824,14,0,80 12 53,0,11,,205816,14,0,80 12 53,0,10,,205835,14,0,80 12 53,0,9,,205829,14,0,80 12 53,0,53,,205836,14,0,80 12 53,0,15,,205801,14,0,80 12 53,0,15,,205823,14,0,80 12 53,0,16,,205797,14,0,80 12 53,0,55,,205830,14,0,80 12 53,0,22,,205848,14,0,80 12 53,0,23,,205847,14,0,80 12 53,0,60,,205849,14,0,80 12 53,0,20,,205850,14,0,80 12 53,0,21,,205851,14,0,80 12 53,0,61,,205852,14,0,80 12 53,0,25,,205853,14,0,80 12 53,0,25,,205854,14,0,80 12 53,0,65,,205855,14,0,80 12 53,0,25,,205856,14,0,80 12 53,0,65,,205857,14,0,80 12 53,0,25,,205858,14,0,80 12 53,0,65,,205859,14,0,80 12 53,0
9200,'Saturday',738,,215536,21,,,0,85,,215520,21,,,0,85,,215525,21,,,0,45,,215530,21,,,0,85,,215535,21,,,0,85,,215521,21,,,0,85,,215526,21,,,0,45,,215531,21,,,0,85,,215537,21,,,0,85,,215523,21,,,0,85,,215527,21,,,0,45,,215532,21,,,0,85,,215538,21,,,0,85,,215522,21,,,0,85,,215528,21,,,0,45,,215533,21,,,0,83,,215539,21,,,0,85,,215524,21,,,0,85,,215529,21,,,0,38,,215534,21,,,0
9200,'Sunday',737,,215555,21,,,0,85,,215540,21,,,0,85,,215545,21,,,0,45,,215550,21,,,0,85,,215556,21,,,0,85,,215541,21,,,0,85,,215546,21,,,0,45,,215551,21,,,0,85,,215558,21,,,0,85,,215542,21,,,0,85,,215547,21,,,0,45,,215552,21,,,0,85,,215557,21,,,0,85,,215543,21,,,0,85,,215548,21,,,0,45,,215553,21,,,0,85,,215559,21,,,0,85,,215544,21,,,0,85,,215549,21,,,0,38,,215554,21,,,0
9200,'Weekday',438,,215568,21,,,0,69,,215573,21,,,0,31,,215582,21,,,0,71,,215569,21,,,0,32,,215574,21,,,0,73,,215591,21,,,0,31,,215578,21,,,0,71,,215560,21,,,0,31,,215583,21,,,0,68,,215570,21,,,0,31,,215575,21,,,0,71,,215592,21,,,0,31,,215579,21,,,0,71,,215588,21,,,0,31,,215584,21,,,0,71,,215571,21,,,0,31,,215576,21,,,0,71,,215593,21,,,0,31,,215580,21,,,0,71,,215566,21,,,0,31,,215585,21,,,0,73,,215572,21,,,0,71,,215577,21,,,0,31,,215594,21,,,0,71,,215581,21,,,0,31,,215564,21,,,0,67,,215561,21,,,0,43,,215586,21,,,0,85,,215562,21,,,0,85,,215565,21,,,0,45,,215589,21,,,0,85,,215587,21,,,0,85,,215563,21,,,0,85,,215567,21,,,0,43,,215590,21,,,0
71700,'Weekday',822,,226011,20,0,258,0
71701,'Weekday0000100',1450,,226013,24,4,,0
71701,'Weekday1111000',1615,,226015,24,4,,0
84901,'Weekday0000100',1439,,226290,3,4,,0
84901,'Weekday1111000',1615,,226291,3,4,,0
