2001,'Saturday',606,,205179,8,,,0,29,,205188,34,,,0,66,,205201,34,,,0,26,,205208,34,,,0,20,,205172,34,,,0,66,,205194,34,,,0,26,,205180,34,,,0,67,,205185,34,,,0,27,,205202,34,,,0,67,,205209,34,,,0,27,,205173,34,,,0,27,,205195,34,,,0,67,,205181,34,,,0,27,,205189,34,,,0,67,,205203,34,,,0,27,,205210,34,,,0,67,,205174,34,,,0,27,,205197,34,,,0,67,,205182,34,,,0,27,,205191,34,,,0,27,,205204,34,,,0,67,,205211,34,,,0,27,,205175,34,,,0,67,,205196,34,,,0,27,,205183,34,,,0,67,,205190,34,,,0,27,,205205,34,,,0,67,,205212,34,,,0,27,,205176,34,,,0,67,,205198,34,,,0,27,,205184,34,,,0,27,,205192,34,,,0,65,,205206,34,,,0,26,,205213,34,,,0,66,,205177,34,,,0,26,,205199,34,,,0,66,,205186,34,,,0,26,,205193,34,,,0,26,,205207,34,,,0,66,,205216,34,,,0,35,,205215,34,,,0
2001,'Sunday',606,,205224,8,,,0,29,,205231,34,,,0,66,,205245,34,,,0,26,,205252,34,,,0,20,,205217,34,,,0,66,,205238,34,,,0,26,,205225,34,,,0,67,,205232,34,,,0,27,,205247,34,,,0,67,,205253,34,,,0,27,,205218,34,,,0,27,,205239,34,,,0,67,,205226,34,,,0,27,,205233,34,,,0,67,,205246,34,,,0,27,,205254,34,,,0,67,,205219,34,,,0,27,,205240,34,,,0,67,,205227,34,,,0,27,,205234,34,,,0,27,,205248,34,,,0,67,,205255,34,,,0,27,,205220,34,,,0,67,,205242,34,,,0,27,,205229,34,,,0,67,,205235,34,,,0,27,,205249,34,,,0,67,,205256,34,,,0,27,,205221,34,,,0,67,,205241,34,,,0,27,,205228,34,,,0,27,,205236,34,,,0,65,,205250,34,,,0,26,,205257,34,,,0,66,,205222,34,,,0,26,,205243,34,,,0,66,,205230,34,,,0,26,,205237,34,,,0,26,,205259,34,,,0,66,,205260,34,,,0,35,,205251,34,,,0
2001,'Weekday',535,,205269,34,,,0,68,,205261,34,,,0,31,,205271,34,,,0,14,,205294,34,,,0,54,,205276,34,,,0,16,,205297,34,,,0,15,,205288,34,,,0,14,,205298,34,,,0,54,,205283,34,,,0,14,,205295,34,,,0,16,,205300,34,,,0,9,,205270,34,,,0,11,,205296,34,,,0,6,,205262,34,,,0,54,,205299,34,,,0,13,,205272,34,,,0,28,,205277,34,,,0,68,,205289,34,,,0,28,,205285,34,,,0,68,,205301,34,,,0,28,,205263,34,,,0,68,,205273,34,,,0,28,,205278,34,,,0,68,,205290,34,,,0,28,,205286,34,,,0,68,,205302,34,,,0,28,,205264,34,,,0,72,,205274,34,,,0,23,,205280,34,,,0,14,,205308,34,,,0,14,,205311,34,,,0,54,,205292,34,,,0,14,,205287,34,,,0,14,,205307,34,,,0,14,,205303,34,,,0,54,,205310,34,,,0,14,,205265,34,,,0,12,,205316,34,,,0,14,,205275,34,,,0,14,,205318,34,,,0,54,,205279,34,,,0,14,,205309,34,,,0,13,,205312,34,,,0,15,,205291,34,,,0,69,,205304,34,,,0,28,,205266,34,,,0,67,,205315,34,,,0,28,,205281,34,,,0,66,,205313,34,,,0,24,,205293,34,,,0,70,,205305,34,,,0,28,,205267,34,,,0,68,,205317,34,,,0,27,,205282,34,,,0,28,,205314,34,,,0,70,,205306,34,,,0,30,,205268,34,,,0
3801,'Saturday',521,,207896,42,,,0,28,,207897,42,,,0,65,,207898,42,,,0,23,,207899,42,,,0,63,,207900,42,,,0,23,,207902,42,,,0,23,,207901,42,,,0,63,,207903,42,,,0,23,,207906,42,,,0,23,,207904,42,,,0,63,,207905,42,,,0,23,,207907,42,,,0,63,,207908,42,,,0,25,,207910,42,,,0,27,,207913,42,,,0,66,,207912,42,,,0,25,,207911,42,,,0,63,,207909,42,,,0,23,,207916,42,,,0,21,,207915,42,,,0,61,,207914,42,,,0,21,,207892,42,,,0,22,,207870,42,,,0,62,,207893,42,,,0,22,,207895,42,,,0,62,,207876,42,,,0,21,,207884,42,,,0,20,,207894,42,,,0,62,,207877,42,,,0,22,,207878,42,,,0,22,,207871,42,,,0,62,,207865,42,,,0,21,,207862,42,,,0,20,,207885,42,,,0,62,,207866,42,,,0,21,,207889,42,,,0,21,,207872,42,,,0,62,,207879,42,,,0,20,,207873,42,,,0,60,,207863,42,,,0,18,,207886,42,,,0,22,,207888,42,,,0,19,,207864,42,,,0,60,,207867,42,,,0,24,,207880,42,,,0,64,,207881,42,,,0,24,,207874,42,,,0,25,,207887,42,,,0,64,,207890,42,,,0,24,,207875,42,,,0,64,,207891,42,,,0,24,,207868,42,,,0,24,,207882,42,,,0,64,,207869,42,,,0,24,,207883,42,,,0
3801,'Sunday',521,,207917,42,,,0,28,,207918,42,,,0,65,,207919,42,,,0,23,,207920,42,,,0,63,,207921,42,,,0,23,,207922,42,,,0,23,,207923,42,,,0,63,,207924,42,,,0,23,,207925,42,,,0,23,,207926,42,,,0,63,,207927,42,,,0,23,,207928,42,,,0,63,,207929,42,,,0,25,,207930,42,,,0,27,,207931,42,,,0,66,,207932,42,,,0,25,,207933,42,,,0,63,,207934,42,,,0,23,,207935,42,,,0,21,,207936,42,,,0,61,,207937,42,,,0,21,,207938,42,,,0,22,,207939,42,,,0,62,,207940,42,,,0,22,,207941,42,,,0,62,,207942,42,,,0,21,,207943,42,,,0,20,,207944,42,,,0,62,,207945,42,,,0,22,,207946,42,,,0,22,,207947,42,,,0,62,,207948,42,,,0,21,,207949,42,,,0,20,,207950,42,,,0,62,,207951,42,,,0,21,,207952,42,,,0,21,,207953,42,,,0,62,,207954,42,,,0,20,,207955,42,,,0,60,,207956,42,,,0,18,,207957,42,,,0,22,,207958,42,,,0,19,,207959,42,,,0,60,,207960,42,,,0,24,,207961,42,,,0,64,,207971,42,,,0,24,,207962,42,,,0,25,,207963,42,,,0,64,,207964,42,,,0,24,,207965,42,,,0,64,,207966,42,,,0,24,,207967,42,,,0,24,,207968,42,,,0,64,,207969,42,,,0,24,,207970,42,,,0
3801,'Weekday',447,,207972,42,,,0,64,,207973,42,,,0,15,,207974,42,,,0,15,,207975,42,,,0,15,,207976,42,,,0,54,,207977,42,,,0,15,,207978,42,,,0,14,,207979,42,,,0,14,,207980,42,,,0,55,,207981,42,,,0,15,,207982,42,,,0,17,,207983,42,,,0,15,,207984,42,,,0,56,,207985,42,,,0,15,,207986,42,,,0,9,,207992,42,,,0,9,,207987,42,,,0,6,,207993,42,,,0,6,,207994,42,,,0,46,,207988,42,,,0,7,,207995,42,,,0,7,,207989,42,,,0,7,,207996,42,,,0,9,,207990,42,,,0,14,,207991,42,,,0,56,,207997,42,,,0,17,,207998,42,,,0,19,,207999,42,,,0,19,,208000,42,,,0,60,,208001,42,,,0,19,,208002,42,,,0,19,,208003,42,,,0,58,,208004,42,,,0,19,,208005,42,,,0,19,,208006,42,,,0,59,,208007,42,,,0,19,,208008,42,,,0,19,,208009,42,,,0,59,,208010,42,,,0,19,,208011,42,,,0,19,,208012,42,,,0,60,,208013,42,,,0,19,,208014,42,,,0,19,,208015,42,,,0,57,,208016,42,,,0,15,,208019,42,,,0,16,,208026,42,,,0,15,,208027,42,,,0,55,,208028,42,,,0,15,,208023,42,,,0,14,,208022,42,,,0,13,,208025,42,,,0,14,,208029,42,,,0,54,,208021,42,,,0,15,,208017,42,,,0,15,,208020,42,,,0,15,,208024,42,,,0,55,,208018,42,,,0,15,,208030,42,,,0,14,,208034,42,,,0,13,,208032,42,,,0,53,,208033,42,,,0,15,,208031,42,,,0,18,,208036,42,,,0,20,,208037,42,,,0,60,,208038,42,,,0,18,,208039,42,,,0,18,,208040,42,,,0,58,,208041,42,,,0,20,,208042,42,,,0,20,,208043,42,,,0,60,,208044,42,,,0,20,,208045,42,,,0,19,,208046,42,,,0,60,,208047,42,,,0,20,,208048,42,,,0,20,,208049,42,,,0,60,,208050,42,,,0,20,,208051,42,,,0,20,,208035,42,,,0
3801,'Weekday0000100',1432,,208052,21,,,0
3801,'Weekday1111000',1508,,208053,21,,,0
10500,'Saturday',650,,217539,14,,,0,80,,217530,14,,,0,80,,217545,14,,,0,40,,217534,14,,,0,80,,217540,14,,,0,80,,217529,14,,,0,40,,217547,14,,,0,80,,217535,14,,,0,81,,217541,14,,,0,40,,217532,14,,,0,80,,217548,14,,,0,80,,217536,14,,,0,40,,217543,14,,,0,80,,217531,14,,,0,80,,217549,14,,,0,40,,217537,14,,,0,80,,217542,14,,,0,80,,217533,14,,,0,40,,217546,14,,,0,80,,217538,14,,,0,80,,217544,14,,,0,40,,217528,14,,,0
10500,'Sunday',650,,217550,14,,,0,80,,217557,14,,,0,80,,217564,14,,,0,40,,217551,14,,,0,80,,217558,14,,,0,80,,217565,14,,,0,40,,217552,14,,,0,80,,217559,14,,,0,81,,217566,14,,,0,40,,217553,14,,,0,80,,217560,14,,,0,80,,217567,14,,,0,40,,217554,14,,,0,80,,217561,14,,,0,80,,217568,14,,,0,40,,217555,14,,,0,80,,217562,14,,,0,80,,217569,14,,,0,40,,217556,14,,,0,80,,217563,14,,,0,80,,217570,14,,,0,40,,217571,14,,,0
10500,'Weekday',544,,217597,14,,,0,71,,217588,14,,,0,31,,217580,14,,,0,70,,217572,14,,,0,30,,217598,14,,,0,70,,217589,14,,,0,30,,217581,14,,,0,70,,217573,14,,,0,30,,217599,14,,,0,70,,217591,14,,,0,30,,217582,14,,,0,70,,217574,14,,,0,30,,217600,14,,,0,70,,217590,14,,,0,30,,217583,14,,,0,70,,217575,14,,,0,30,,217601,14,,,0,70,,217592,14,,,0,31,,217584,14,,,0,66,,217576,14,,,0,4,,217606,1,,,0,30,,217602,14,,,0,70,,217593,14,,,0,30,,217585,14,,,0,69,,217577,14,,,0,30,,217603,14,,,0,70,,217594,14,,,0,29,,217586,14,,,0,70,,217578,14,,,0,30,,217604,14,,,0,70,,217595,14,,,0,30,,217587,14,,,0,70,,217579,14,,,0,30,,217605,14,,,0,83,,217596,14,,,0
10500,'Weekday0000100',1302,,217607,1,,,0
10500,'Weekday1111000',1503,,217608,14,,,0
