9600,'Saturday',556,,216037,8,,,0,85,,216021,8,,,0,85,,216027,8,,,0,85,,216032,8,,,0,45,,216038,8,,,0,86,,216022,8,,,0,85,,216028,8,,,0,85,,216033,8,,,0,45,,216039,8,,,0,85,,216023,8,,,0,85,,216029,8,,,0,86,,216034,8,,,0,87,,216040,8,,,0,45,,216024,8,,,0,85,,216030,8,,,0,85,,216035,8,,,0,85,,216041,8,,,0,45,,216025,8,,,0,82,,216031,8,,,0,84,,216036,8,,,0,45,,216042,8,,,0,85,,216026,8,,,0
9600,'Sunday',556,,216059,8,,,0,85,,216043,8,,,0,85,,216049,8,,,0,85,,216054,8,,,0,45,,216061,8,,,0,85,,216044,8,,,0,85,,216050,8,,,0,85,,216055,8,,,0,45,,216060,8,,,0,85,,216045,8,,,0,85,,216051,8,,,0,85,,216056,8,,,0,45,,216062,8,,,0,85,,216046,8,,,0,85,,216053,8,,,0,85,,216057,8,,,0,45,,216063,8,,,0,85,,216048,8,,,0,85,,216052,8,,,0,85,,216058,8,,,0,45,,216064,8,,,0,85,,216047,8,,,0
9600,'Weekday',531,,216094,8,,,0,71,,216078,8,,,0,31,,216099,8,,,0,71,,216083,8,,,0,31,,216070,8,,,0,71,,216074,8,,,0,31,,216095,8,,,0,71,,216079,8,,,0,31,,216093,8,,,0,71,,216084,8,,,0,31,,216071,8,,,0,71,,216075,8,,,0,31,,216096,8,,,0,71,,216080,8,,,0,31,,216082,8,,,0,71,,216085,8,,,0,31,,216072,8,,,0,71,,216076,8,,,0,31,,216097,8,,,0,71,,216081,8,,,0,31,,216069,8,,,0,71,,216086,8,,,0,31,,216073,8,,,0,71,,216077,8,,,0,32,,216098,8,0,42,0,82,,216067,8,,,0,82,,216091,8,,,0,83,,216087,8,,,0,45,,216065,8,,,0,85,,216068,8,,,0,85,,216092,8,,,0,85,,216088,8,,,0,45,,216066,8,,,0,78,,216089,8,0,42,0
13100,'Weekday',559,,219704,19,0,235 225,0,60,,219703,19,0,235 225,0,20,,219702,19,0,235 225,0,20,,219705,19,0,235 225,0
15300,'Saturday',609,,221142,10,,,0,37,,221143,10,,,0,77,,221144,10,,,0,77,,221146,10,,,0,37,,221154,10,,,0,77,,221155,10,,,0,37,,221152,10,,,0,77,,221157,10,,,0,77,,221151,10,,,0,37,,221158,10,,,0,77,,221159,10,,,0,37,,221156,10,,,0,77,,221160,10,,,0,77,,221161,10,,,0,37,,221162,10,,,0,77,,221163,10,,,0,77,,221164,10,,,0,37,,221165,10,,,0,77,,221166,10,,,0,37,,221168,10,,,0,77,,221167,10,,,0,77,,221153,10,,,0,37,,221148,10,,,0,77,,221150,10,,,0,37,,221149,10,,,0,77,,221147,10,,,0,77,,221145,10,,,0
15300,'Sunday',800,,221192,10,,,0,37,,221169,10,,,0,77,,221171,10,,,0,37,,221170,10,,,0,77,,221172,10,,,0,77,,221173,10,,,0,37,,221174,10,,,0,77,,221176,10,,,0,37,,221177,10,,,0,77,,221178,10,,,0,77,,221175,10,,,0,37,,221179,10,,,0,77,,221180,10,,,0,77,,221181,10,,,0,37,,221182,10,,,0,77,,221183,10,,,0,37,,221184,10,,,0,77,,221185,10,,,0,77,,221186,10,,,0,37,,221187,10,,,0,77,,221188,10,,,0,37,,221189,10,,,0,75,,221190,10,,,0,72,,221191,10,,,0
15300,'Weekday',527,,221194,10,,,0,24,,221197,10,,,0,64,,221214,10,,,0,25,,221195,10,,,0,66,,221198,10,,,0,24,,221215,10,,,0,25,,221196,10,,,0,66,,221199,10,,,0,25,,221216,10,,,0,66,,221234,10,,,0,25,,221200,10,,,0,65,,221217,10,,,0,25,,221235,10,,,0,25,,221201,10,,,0,65,,221218,10,,,0,25,,221236,10,,,0,65,,221202,10,,,0,25,,221219,10,,,0,25,,221237,10,,,0,65,,221203,10,,,0,25,,221220,10,,,0,65,,221238,10,,,0,26,,221204,10,,,0,65,,221243,10,,,0,14,,221221,10,,,0,11,,221242,10,,,0,11,,221239,10,,,0,11,,221193,10,,,0,51,,221205,10,,,0,11,,221212,10,,,0,11,,221229,10,,,0,11,,221244,10,,,0,11,,221222,10,,,0,11,,221231,10,,,0,51,,221240,10,,,0,11,,221241,10,,,0,11,,221206,10,,,0,11,,221213,10,,,0,70,,221223,10,,,0,36,,221207,10,,,0,76,,221224,10,,,0,36,,221208,10,,,0,76,,221225,10,,,0,76,,221209,10,,,0,36,,221226,10,,,0,76,,221210,10,,,0,36,,221227,10,,,0,76,,221211,10,,,0
71900,'Weekday',819,,226021,15,0,29 42,0
71901,'Weekday0000100',1455,,226023,3,4,,0
71901,'Weekday1111000',1620,,226025,3,4,,0
