2101,'Saturday',615,,205333,31,,,0,32,,205331,31,,,0,72,,205332,31,,,0,32,,205334,31,,,0,72,,205335,31,,,0,32,,205336,31,,,0,72,,205337,31,,,0,32,,205338,31,,,0,72,,205339,31,,,0,76,,205340,31,,,0,35,,205341,31,,,0,75,,205359,31,,,0,35,,205342,31,,,0,75,,205360,31,,,0,75,,205356,31,,,0,35,,205361,31,,,0,75,,205357,31,,,0,35,,205362,31,,,0,75,,205358,31,,,0,35,,205364,31,,,0,75,,205355,31,,,0,75,,205363,31,,,0,35,,205345,31,,,0,75,,205346,31,,,0,35,,205344,31,,,0,75,,205343,31,,,0,75,,205347,31,,,0,34,,205348,31,,,0,69,,205349,31,,,0,32,,205351,31,,,0,72,,205352,31,,,0,32,,205353,31,,,0,72,,205350,31,,,0,32,,205354,31,,,0
2101,'Sunday',615,,205366,31,,,0,32,,205365,31,,,0,72,,205368,31,,,0,32,,205369,31,,,0,72,,205367,31,,,0,32,,205370,31,,,0,72,,205371,31,,,0,32,,205372,31,,,0,72,,205373,31,,,0,76,,205374,31,,,0,35,,205375,31,,,0,75,,205376,31,,,0,35,,205377,31,,,0,75,,205380,31,,,0,75,,205379,31,,,0,35,,205378,31,,,0,75,,205381,31,,,0,35,,205382,31,,,0,75,,205384,31,,,0,35,,205383,31,,,0,75,,205388,31,,,0,75,,205387,31,,,0,35,,205385,31,,,0,75,,205386,31,,,0,35,,205389,31,,,0,75,,205390,31,,,0,75,,205391,31,,,0,34,,205392,31,,,0,69,,205393,31,,,0,32,,205395,31,,,0,72,,205396,31,,,0,32,,205397,31,,,0,72,,205394,31,,,0,32,,205398,31,,,0
2101,'Weekday',509,,205400,31,,,0,21,,205399,31,,,0,18,,205401,31,,,0,58,,205402,31,,,0,18,,205403,31,,,0,18,,205404,31,,,0,58,,205406,31,,,0,19,,205405,31,,,0,19,,205407,31,,,0,18,,205408,31,,,0,58,,205409,31,,,0,20,,205410,31,,,0,18,,205411,31,,,0,58,,205412,31,,,0,18,,205413,31,,,0,18,,205414,31,,,0,58,,205415,31,,,0,18,,205416,31,,,0,18,,205417,31,,,0,18,,205418,31,,,0,58,,205419,31,,,0,18,,205420,31,,,0,18,,205421,31,,,0,58,,205422,31,,,0,18,,205423,31,,,0,18,,205424,31,,,0,58,,205425,31,,,0,19,,205426,31,,,0,19,,205427,31,,,0,58,,205428,31,,,0,19,,205429,31,,,0,18,,205431,31,,,0,19,,205430,31,,,0,58,,205432,31,,,0,19,,205433,31,,,0,18,,205434,31,,,0,59,,205436,31,,,0,19,,205435,31,,,0,18,,205437,31,,,0,58,,205438,31,,,0,18,,205439,31,,,0,18,,205440,31,,,0,18,,205441,31,,,0,58,,205442,31,,,0,18,,205443,31,,,0,18,,205444,31,,,0,58,,205445,31,,,0,18,,205446,31,,,0,18,,205447,31,,,0,58,,205460,31,,,0,18,,205448,31,,,0,18,,205461,31,,,0,18,,205449,31,,,0,55,,205450,31,,,0,16,,205459,31,,,0,15,,205451,31,,,0,70,,205452,31,,,0,30,,205453,31,,,0,70,,205454,31,,,0,30,,205455,31,,,0,70,,205456,31,,,0,30,,205457,31,,,0,70,,205458,31,,,0
5500,'Saturday',633,,210190,31,,,0,72,,210189,31,,,0,32,,210188,31,,,0,72,,210167,31,,,0,32,,210164,31,,,0,72,,210165,31,,,0,32,,210166,31,,,0,72,,210169,31,,,0,32,,210170,31,,,0,73,,210168,31,,,0,35,,210157,31,,,0,75,,210158,31,,,0,75,,210171,31,,,0,35,,210159,31,,,0,75,,210173,31,,,0,35,,210160,31,,,0,76,,210174,31,,,0,75,,210161,31,,,0,35,,210175,31,,,0,75,,210162,31,,,0,35,,210172,31,,,0,75,,210163,31,,,0,35,,210179,31,,,0,73,,210178,31,,,0,75,,210177,31,,,0,35,,210180,31,,,0,75,,210176,31,,,0,35,,210182,31,,,0,72,,210183,31,,,0,32,,210184,31,,,0,72,,210185,31,,,0,32,,210186,31,,,0,72,,210187,31,,,0,72,,210181,31,,,0
5500,'Sunday',633,,210224,31,,,0,72,,210214,31,,,0,32,,210213,31,,,0,72,,210200,31,,,0,32,,210198,31,,,0,72,,210202,31,,,0,32,,210199,31,,,0,72,,210203,31,,,0,32,,210204,31,,,0,73,,210201,31,,,0,35,,210193,31,,,0,75,,210194,31,,,0,75,,210210,31,,,0,35,,210196,31,,,0,75,,210208,31,,,0,35,,210191,31,,,0,76,,210209,31,,,0,75,,210197,31,,,0,35,,210212,31,,,0,75,,210192,31,,,0,35,,210207,31,,,0,75,,210195,31,,,0,35,,210206,31,,,0,73,,210205,31,,,0,75,,210215,31,,,0,35,,210211,31,,,0,75,,210216,31,,,0,35,,210218,31,,,0,72,,210219,31,,,0,32,,210220,31,,,0,72,,210217,31,,,0,32,,210221,31,,,0,72,,210222,31,,,0,72,,210223,31,,,0
5500,'Weekday',521,,210225,31,,,0,19,,210226,31,,,0,60,,210227,31,,,0,16,,210228,31,,,0,18,,210229,31,,,0,18,,210230,31,,,0,59,,210231,31,,,0,19,,210232,31,,,0,18,,210233,31,,,0,58,,210234,31,,,0,18,,210235,31,,,0,18,,210236,31,,,0,58,,210237,31,,,0,18,,210238,31,,,0,18,,210239,31,,,0,18,,210240,31,,,0,58,,210241,31,,,0,18,,210242,31,,,0,18,,210243,31,,,0,58,,210244,31,,,0,18,,210245,31,,,0,18,,210246,31,,,0,58,,210247,31,,,0,18,,210248,31,,,0,18,,210250,31,,,0,18,,210249,31,,,0,59,,210251,31,,,0,19,,210254,31,,,0,18,,210252,31,,,0,58,,210253,31,,,0,19,,210255,31,,,0,18,,210256,31,,,0,59,,210257,31,,,0,20,,210258,31,,,0,19,,210259,31,,,0,59,,210260,31,,,0,19,,210261,31,,,0,18,,210262,31,,,0,17,,210263,31,,,0,58,,210264,31,,,0,17,,210265,31,,,0,18,,210266,31,,,0,58,,210267,31,,,0,18,,210268,31,,,0,18,,210269,31,,,0,58,,210270,31,,,0,18,,210271,31,,,0,18,,210272,31,,,0,18,,210285,31,,,0,58,,210273,31,,,0,18,,210274,31,,,0,18,,210286,31,,,0,57,,210275,31,,,0,15,,210287,31,,,0,17,,210276,31,,,0,62,,210277,31,,,0,30,,210278,31,,,0,70,,210279,31,,,0,30,,210280,31,,,0,70,,210281,31,,,0,30,,210282,31,,,0,70,,210283,31,,,0,30,,210284,31,,,0
6001,'Saturday',513,,211325,19,0,226,0,23,,211350,19,0,226,0,23,,211326,19,0,226,0,63,,211351,19,0,226,0,23,,211327,19,0,226,0,63,,211352,19,0,226,0,23,,211328,19,0,226,0,23,,211353,19,0,226,0,63,,211329,19,0,226,0,23,,211354,19,0,226,0,63,,211330,19,0,226,0,23,,211355,19,0,226,0,23,,211331,19,0,226,0,63,,211356,19,0,226,0,23,,211332,19,0,226,0,23,,211357,19,0,226,0,63,,211333,19,0,226,0,23,,211358,19,0,226,0,63,,211334,19,0,226,0,23,,211359,19,0,226,0,23,,211335,19,0,226,0,63,,211360,19,0,226,0,23,,211336,19,0,226,0,63,,211361,19,0,226,0,23,,211337,19,0,226,0,23,,211362,19,0,226,0,63,,211338,19,0,226,0,23,,211363,19,0,226,0,23,,211339,19,0,226,0,63,,211364,19,0,226,0,23,,211340,19,0,226,0,63,,211365,19,0,226,0,23,,211341,19,0,226,0,23,,211366,19,0,226,0,63,,211342,19,0,226,0,23,,211367,19,0,226,0,63,,211343,19,0,226,0,23,,211368,19,0,226,0,23,,211344,19,0,226,0,63,,211369,19,0,226,0,23,,211345,19,0,226,0,23,,211370,19,0,226,0,63,,211346,19,0,226,0,23,,211371,19,0,226,0,62,,211347,19,0,226,0,22,,211372,19,0,226,0,22,,211348,19,0,226,0,62,,211373,19,0,226,0,24,,211349,19,0,226,0,24,,211375,19,0,226,0,64,,211376,19,0,226,0,24,,211374,19,0,226,0
6001,'Sunday',513,,211381,19,0,226,0,23,,211382,19,0,226,0,23,,211383,19,0,226,0,63,,211384,19,0,226,0,23,,211385,19,0,226,0,63,,211386,19,0,226,0,23,,211387,19,0,226,0,23,,211388,19,0,226,0,63,,211389,19,0,226,0,23,,211390,19,0,226,0,63,,211391,19,0,226,0,23,,211392,19,0,226,0,23,,211393,19,0,226,0,63,,211394,19,0,226,0,23,,211395,19,0,226,0,23,,211396,19,0,226,0,63,,211397,19,0,226,0,23,,211398,19,0,226,0,63,,211399,19,0,226,0,23,,211400,19,0,226,0,23,,211401,19,0,226,0,63,,211402,19,0,226,0,23,,211403,19,0,226,0,63,,211404,19,0,226,0,23,,211405,19,0,226,0,23,,211406,19,0,226,0,63,,211407,19,0,226,0,23,,211408,19,0,226,0,23,,211409,19,0,226,0,63,,211410,19,0,226,0,23,,211411,19,0,226,0,63,,211412,19,0,226,0,23,,211413,19,0,226,0,23,,211414,19,0,226,0,63,,211415,19,0,226,0,23,,211416,19,0,226,0,63,,211417,19,0,226,0,23,,211418,19,0,226,0,23,,211419,19,0,226,0,63,,211420,19,0,226,0,23,,211421,19,0,226,0,23,,211422,19,0,226,0,63,,211423,19,0,226,0,23,,211424,19,0,226,0,62,,211425,19,0,226,0,22,,211426,19,0,226,0,22,,211427,19,0,226,0,62,,211428,19,0,226,0,24,,211379,19,0,226,0,24,,211380,19,0,226,0,64,,211378,19,0,226,0,24,,211377,19,0,226,0
6001,'Weekday',511,,211429,19,0,226,0,23,,211453,19,0,226,0,23,,211430,19,0,226,0,65,,211454,19,0,226,0,23,,211431,19,0,226,0,63,,211455,19,0,226,0,23,,211432,19,0,226,0,23,,211456,19,0,226,0,63,,211433,19,0,226,0,23,,211457,19,0,226,0,63,,211434,19,0,226,0,23,,211458,19,0,226,0,23,,211435,19,0,226,0,63,,211459,19,0,226,0,23,,211436,19,0,226,0,23,,211460,19,0,226,0,63,,211437,19,0,226,0,23,,211461,19,0,226,0,63,,211438,19,0,226,0,23,,211462,19,0,226,0,23,,211439,19,0,226,0,63,,211463,19,0,226,0,23,,211440,19,0,226,0,63,,211464,19,0,226,0,23,,211441,19,0,226,0,23,,211465,19,0,226,0,64,,211442,19,0,226,0,24,,211466,19,0,226,0,64,,211443,19,0,226,0,24,,211467,19,0,226,0,24,,211444,19,0,226,0,64,,211468,19,0,226,0,24,,211445,19,0,226,0,64,,211469,19,0,226,0,21,,211446,19,0,226,0,23,,211470,19,0,226,0,63,,211447,19,0,226,0,23,,211471,19,0,226,0,23,,211448,19,0,226,0,63,,211472,19,0,226,0,23,,211449,19,0,226,0,63,,211473,19,0,226,0,23,,211450,19,0,226,0,23,,211474,19,0,226,0,63,,211451,19,0,226,0,23,,211475,19,0,226,0,24,,211452,19,0,226,0,64,,211476,19,0,226,0,24,,211478,19,0,226,0,65,,211479,19,0,226,0,25,,211480,19,0,226,0,70,,211477,19,0,226,0
6101,'Saturday',516,,211711,28,0,151,0,30,,211674,28,0,151,0,70,,211712,28,0,151,0,30,,211675,28,0,151,0,70,,211713,28,0,151,0,20,,211693,28,0,151,0,20,,211676,28,0,151,0,60,,211714,28,0,151,0,20,,211694,28,0,151,0,20,,211677,28,0,151,0,60,,211715,28,0,151,0,20,,211695,28,0,151,0,20,,211678,28,0,151,0,60,,211716,28,0,151,0,20,,211696,28,0,151,0,20,,211679,28,0,151,0,60,,211717,28,0,151,0,20,,211697,28,0,151,0,20,,211680,28,0,151,0,60,,211718,28,0,151,0,20,,211698,28,0,151,0,20,,211681,28,0,151,0,60,,211719,28,0,151,0,20,,211699,28,0,151,0,20,,211682,28,0,151,0,60,,211720,28,0,151,0,20,,211700,28,0,151,0,20,,211683,28,0,151,0,60,,211721,28,0,151,0,20,,211701,28,0,151,0,20,,211684,28,0,151,0,60,,211722,28,0,151,0,20,,211702,28,0,151,0,20,,211685,28,0,151,0,60,,211723,28,0,151,0,20,,211703,28,0,151,0,20,,211686,28,0,151,0,60,,211724,28,0,151,0,20,,211704,28,0,151,0,20,,211687,28,0,151,0,60,,211725,28,0,151,0,20,,211705,28,0,151,0,20,,211688,28,0,151,0,60,,211726,28,0,151,0,20,,211706,28,0,151,0,20,,211689,28,0,151,0,60,,211727,28,0,151,0,20,,211707,28,0,151,0,20,,211690,28,0,151,0,60,,211728,28,0,151,0,20,,211708,28,0,151,0,68,,211691,28,0,151,0,29,,211709,28,0,151,0,69,,211673,28,0,151,0,26,,211672,28,0,151,0,25,,211692,28,0,151,0,65,,211710,28,0,151,0
6101,'Sunday',516,,211783,28,0,151,0,30,,211764,28,0,151,0,70,,211784,28,0,151,0,30,,211765,28,0,151,0,70,,211763,28,0,151,0,20,,211743,28,0,151,0,20,,211766,28,0,151,0,60,,211732,28,0,151,0,20,,211744,28,0,151,0,20,,211785,28,0,151,0,60,,211733,28,0,151,0,20,,211745,28,0,151,0,20,,211767,28,0,151,0,60,,211731,28,0,151,0,20,,211746,28,0,151,0,20,,211768,28,0,151,0,60,,211729,28,0,151,0,20,,211747,28,0,151,0,20,,211769,28,0,151,0,60,,211730,28,0,151,0,20,,211748,28,0,151,0,20,,211770,28,0,151,0,60,,211734,28,0,151,0,20,,211749,28,0,151,0,20,,211771,28,0,151,0,60,,211759,28,0,151,0,20,,211750,28,0,151,0,20,,211772,28,0,151,0,60,,211735,28,0,151,0,20,,211751,28,0,151,0,20,,211773,28,0,151,0,60,,211736,28,0,151,0,20,,211752,28,0,151,0,20,,211774,28,0,151,0,60,,211737,28,0,151,0,20,,211753,28,0,151,0,20,,211775,28,0,151,0,60,,211738,28,0,151,0,20,,211754,28,0,151,0,20,,211776,28,0,151,0,60,,211739,28,0,151,0,20,,211755,28,0,151,0,20,,211777,28,0,151,0,60,,211740,28,0,151,0,20,,211756,28,0,151,0,20,,211778,28,0,151,0,60,,211741,28,0,151,0,20,,211781,28,0,151,0,20,,211779,28,0,151,0,60,,211742,28,0,151,0,20,,211761,28,0,151,0,68,,211780,28,0,151,0,29,,211762,28,0,151,0,69,,211760,28,0,151,0,26,,211757,28,0,151,0,25,,211782,28,0,151,0,65,,211758,28,0,151,0
6101,'Weekday',455,,211787,28,0,151,0,70,,211807,28,0,151,0,15,,211848,28,0,151,0,15,,211788,28,0,151,0,52,,211852,28,0,151,0,12,,211820,28,0,151,0,12,,211808,28,0,151,0,12,,211849,28,0,151,0,12,,211789,28,0,151,0,52,,211853,28,0,151,0,12,,211821,28,0,151,0,12,,211809,28,0,151,0,12,,211850,28,0,151,0,12,,211790,28,0,151,0,51,,211854,28,0,151,0,12,,211822,28,0,151,0,12,,211810,28,0,151,0,12,,211851,28,0,151,0,12,,211791,28,0,151,0,52,,211855,28,0,151,0,11,,211823,28,0,151,0,18,,211811,28,0,151,0,20,,211792,28,0,151,0,60,,211824,28,0,151,0,20,,211812,28,0,151,0,20,,211793,28,0,151,0,60,,211825,28,0,151,0,20,,211813,28,0,151,0,20,,211794,28,0,151,0,60,,211826,28,0,151,0,20,,211814,28,0,151,0,20,,211795,28,0,151,0,60,,211827,28,0,151,0,20,,211815,28,0,151,0,20,,211796,28,0,151,0,60,,211828,28,0,151,0,21,,211816,28,0,151,0,20,,211797,28,0,151,0,52,,211856,28,0,151,0,12,,211829,28,0,151,0,12,,211839,28,0,151,0,12,,211817,28,0,151,0,12,,211798,28,0,151,0,51,,211857,28,0,151,0,12,,211830,28,0,151,0,12,,211840,28,0,151,0,12,,211818,28,0,151,0,12,,211799,28,0,151,0,52,,211858,28,0,151,0,12,,211831,28,0,151,0,12,,211841,28,0,151,0,12,,211819,28,0,151,0,12,,211800,28,0,151,0,52,,211859,28,0,151,0,12,,211832,28,0,151,0,18,,211842,28,0,151,0,20,,211801,28,0,151,0,60,,211833,28,0,151,0,20,,211843,28,0,151,0,20,,211802,28,0,151,0,59,,211834,28,0,151,0,20,,211844,28,0,151,0,20,,211803,28,0,151,0,60,,211835,28,0,151,0,20,,211845,28,0,151,0,20,,211804,28,0,151,0,60,,211836,28,0,151,0,20,,211846,28,0,151,0,22,,211805,28,0,151,0,64,,211837,28,0,151,0,24,,211847,28,0,151,0,65,,211786,28,0,151,0,30,,211806,28,0,151,0,70,,211838,28,0,151,0
