2400,'Saturday',545,,206080,11,,,0,70,,206091,11,,,0,30,,206104,11,,,0,70,,206081,11,,,0,30,,206092,11,,,0,70,,206105,11,,,0,30,,206082,11,,,0,70,,206093,11,,,0,30,,206102,11,,,0,70,,206083,11,,,0,30,,206094,11,,,0,70,,206106,11,,,0,30,,206084,11,,,0,70,,206096,11,,,0,30,,206108,11,,,0,70,,206085,11,,,0,30,,206097,11,,,0,70,,206103,11,,,0,30,,206086,11,,,0,70,,206095,11,,,0,30,,206107,11,,,0,70,,206087,11,,,0,30,,206098,11,,,0,70,,206109,11,,,0,30,,206088,11,,,0,70,,206099,11,,,0,30,,206111,11,,,0,70,,206089,11,,,0,30,,206100,11,,,0,70,,206110,11,,,0,30,,206090,11,,,0,70,,206101,11,,,0,30,,206112,11,,,0
2400,'Sunday',545,,206116,11,,,0,70,,206126,11,,,0,30,,206137,11,,,0,70,,206115,11,,,0,30,,206127,11,,,0,70,,206138,11,,,0,30,,206117,11,,,0,70,,206129,11,,,0,30,,206139,11,,,0,70,,206118,11,,,0,30,,206128,11,,,0,70,,206140,11,,,0,30,,206120,11,,,0,70,,206132,11,,,0,30,,206141,11,,,0,70,,206119,11,,,0,30,,206131,11,,,0,70,,206143,11,,,0,30,,206121,11,,,0,70,,206133,11,,,0,30,,206142,11,,,0,70,,206122,11,,,0,30,,206130,11,,,0,70,,206144,11,,,0,30,,206123,11,,,0,70,,206134,11,,,0,30,,206146,11,,,0,70,,206124,11,,,0,30,,206135,11,,,0,70,,206145,11,,,0,30,,206125,11,,,0,70,,206136,11,,,0,30,,206147,11,,,0
2400,'Weekday',451,,206172,11,,,0,80,,206181,11,,,0,70,,206150,11,,,0,30,,206173,11,,,0,72,,206182,11,,,0,29,,206152,11,,,0,70,,206174,11,,,0,30,,206184,11,,,0,70,,206151,11,,,0,29,,206175,11,,,0,70,,206183,11,,,0,30,,206154,11,,,0,70,,206176,11,,,0,30,,206185,11,,,0,70,,206153,11,,,0,30,,206177,11,,,0,70,,206186,11,,,0,30,,206155,11,,,0,70,,206178,11,,,0,30,,206187,11,,,0,71,,206156,11,,,0,30,,206179,11,,,0,72,,206188,11,,,0,30,,206157,11,,,0,70,,206180,11,,,0,30,,206189,11,,,0,68,,206158,11,,,0,30,,206168,11,,,0,69,,206163,11,,,0,30,,206159,11,,,0,70,,206166,11,,,0,30,,206162,11,,,0,70,,206160,11,,,0,30,,206169,11,,,0,70,,206164,11,,,0,30,,206161,11,,,0,70,,206170,11,,,0,33,,206165,11,,,0,15,,206190,11,,,0
3600,'Saturday',610,,207286,22,,,0,45,,207290,22,,,0,85,,207293,22,,,0,85,,207295,22,,,0,85,,207287,22,,,0,45,,207291,22,,,0,85,,207292,22,,,0,85,,207294,22,,,0,85,,207274,22,,,0,45,,207275,22,,,0,85,,207276,22,,,0,85,,207277,22,,,0,85,,207278,22,,,0,45,,207279,22,,,0,85,,207280,22,,,0,85,,207281,22,,,0,85,,207282,22,,,0,45,,207283,22,,,0,85,,207288,22,,,0,85,,207284,22,,,0,85,,207285,22,,,0,45,,207289,22,,,0,85,,207297,22,,,0,85,,207296,22,,,0
3600,'Sunday',740,,207311,22,,,0,85,,207313,22,,,0,85,,207309,22,,,0,45,,207308,22,,,0,85,,207310,22,,,0,85,,207312,22,,,0,85,,207299,22,,,0,45,,207298,22,,,0,85,,207300,22,,,0,85,,207301,22,,,0,85,,207302,22,,,0,45,,207303,22,,,0,85,,207304,22,,,0,85,,207305,22,,,0,85,,207306,22,,,0,45,,207307,22,,,0,85,,207314,22,,,0,85,,207316,22,,,0,85,,207317,22,,,0,45,,207319,22,,,0,85,,207318,22,,,0,85,,207315,22,,,0
3600,'Weekday',523,,207320,19,,,0,113,,207331,22,,,0,75,,207332,22,,,0,35,,207333,22,,,0,75,,207334,22,,,0,35,,207335,22,,,0,73,,207337,22,,,0,75,,207336,22,,,0,35,,207341,22,,,0,75,,207338,22,,,0,35,,207339,22,,,0,75,,207340,22,,,0,35,,207342,22,,,0,75,,207343,22,,,0,75,,207344,22,,,0,35,,207345,22,,,0,75,,207346,22,,,0,38,,207347,22,,,0,75,,207348,22,,,0,75,,207349,22,,,0,33,,207350,22,,,0,73,,207322,22,,,0,35,,207323,22,,,0,73,,207321,22,,,0,32,,207324,22,,,0,81,,207325,22,,,0,81,,207326,22,,,0,41,,207327,22,,,0,81,,207328,22,,,0,81,,207329,22,,,0,41,,207330,22,,,0
4100,'Saturday',604,,208209,19,,,0,43,,208208,45,,,0,85,,208206,45,,,0,85,,208191,45,,,0,85,,208192,45,,,0,45,,208193,45,,,0,85,,208194,45,,,0,85,,208195,45,,,0,87,,208196,45,,,0,45,,208197,45,,,0,85,,208198,45,,,0,85,,208199,45,,,0,85,,208200,45,,,0,45,,208202,45,,,0,85,,208203,45,,,0,85,,208204,45,,,0,85,,208201,45,,,0,45,,208205,45,,,0,83,,208207,45,,,0
4100,'Weekday',559,,208210,19,,,0,78,,208213,45,,,0,76,,208214,45,,,0,35,,208215,45,,,0,75,,208216,45,,,0,36,,208217,45,,,0,71,,208221,45,,,0,75,,208219,45,,,0,35,,208222,45,,,0,75,,208220,45,,,0,35,,208218,45,,,0,75,,208224,45,,,0,75,,208223,45,,,0,35,,208227,45,,,0,75,,208225,45,,,0,36,,208226,45,,,0,76,,208228,45,,,0,36,,208229,45,,,0,74,,208230,45,,,0,74,,208231,45,,,0,32,,208232,45,,,0,75,,208233,45,,,0,36,,208211,45,,,0,72,,208212,45,,,0
4100,'Weekday0000100',1252,,208234,32,,,0
4100,'Weekday1111000',1513,,208235,32,,,0
77900,'Weekday0000100',1451,,226163,2,4,,0
77900,'Weekday1111000',1623,,226165,2,4,,0
77901,'Weekday',825,,226167,40,0,95 255,0
85301,'Weekday',830,,226295,19,0,12 93 94,0
