2300,'Saturday',545,,205650,51,0,80 12 53,0,59,,205657,51,0,80 12 53,0,19,,205659,51,0,80 12 53,0,19,,205660,51,0,80 12 53,0,59,,205658,51,0,80 12 53,0,19,,205661,51,0,80 12 53,0,19,,205662,51,0,80 12 53,0,20,,205663,51,0,80 12 53,0,59,,205664,51,0,80 12 53,0,19,,205665,51,0,80 12 53,0,19,,205666,51,0,80 12 53,0,59,,205667,51,0,80 12 53,0,19,,205668,51,0,80 12 53,0,19,,205669,51,0,80 12 53,0,59,,205670,51,0,80 12 53,0,19,,205671,51,0,80 12 53,0,19,,205672,51,0,80 12 53,0,59,,205673,51,0,80 12 53,0,20,,205674,51,0,80 12 53,0,20,,205675,51,0,80 12 53,0,64,,205676,51,0,80 12 53,0,23,,205677,51,0,80 12 53,0,19,,205678,51,0,80 12 53,0,61,,205679,51,0,80 12 53,0,19,,205680,51,0,80 12 53,0,19,,205681,51,0,80 12 53,0,59,,205682,51,0,80 12 53,0,19,,205683,51,0,80 12 53,0,19,,205684,51,0,80 12 53,0,59,,205686,51,0,80 12 53,0,19,,205687,51,0,80 12 53,0,19,,205688,51,0,80 12 53,0,59,,205685,51,0,80 12 53,0,19,,205689,51,0,80 12 53,0,19,,205690,51,0,80 12 53,0,58,,205691,51,0,80 12 53,0,18,,205692,51,0,80 12 53,0,18,,205693,51,0,80 12 53,0,19,,205694,51,0,80 12 53,0,59,,205695,51,0,80 12 53,0,19,,205696,51,0,80 12 53,0,19,,205697,51,0,80 12 53,0,59,,205698,51,0,80 12 53,0,19,,205699,51,0,80 12 53,0,19,,205700,51,0,80 12 53,0,57,,205701,51,0,80 12 53,0,18,,205702,51,0,80 12 53,0,18,,205703,51,0,80 12 53,0,56,,205707,51,0,80 12 53,0,19,,205704,51,0,80 12 53,0,18,,205705,51,0,80 12 53,0,18,,205706,51,0,80 12 53,0,58,,205709,51,0,80 12 53,0,18,,205708,51,0,80 12 53,0,19,,205710,51,0,80 12 53,0,59,,205711,51,0,80 12 53,0,20,,205712,51,0,80 12 53,0,17,,205713,51,0,80 12 53,0,58,,205653,51,0,80 12 53,0,19,,205654,51,0,80 12 53,0,19,,205652,51,0,80 12 53,0,59,,205655,51,0,80 12 53,0,19,,205656,51,0,80 12 53,0,19,,205651,51,0,80 12 53,0
2300,'Sunday',545,,205714,51,0,80 12 53,0,59,,205715,51,0,80 12 53,0,19,,205716,51,0,80 12 53,0,19,,205717,51,0,80 12 53,0,59,,205718,51,0,80 12 53,0,19,,205719,51,0,80 12 53,0,19,,205720,51,0,80 12 53,0,20,,205723,51,0,80 12 53,0,59,,205721,51,0,80 12 53,0,19,,205722,51,0,80 12 53,0,19,,205724,51,0,80 12 53,0,59,,205725,51,0,80 12 53,0,19,,205726,51,0,80 12 53,0,19,,205727,51,0,80 12 53,0,59,,205728,51,0,80 12 53,0,19,,205729,51,0,80 12 53,0,19,,205730,51,0,80 12 53,0,59,,205731,51,0,80 12 53,0,20,,205732,51,0,80 12 53,0,20,,205733,51,0,80 12 53,0,64,,205734,51,0,80 12 53,0,23,,205735,51,0,80 12 53,0,19,,205736,51,0,80 12 53,0,61,,205737,51,0,80 12 53,0,19,,205738,51,0,80 12 53,0,19,,205739,51,0,80 12 53,0,59,,205740,51,0,80 12 53,0,19,,205741,51,0,80 12 53,0,19,,205742,51,0,80 12 53,0,59,,205743,51,0,80 12 53,0,19,,205745,51,0,80 12 53,0,19,,205744,51,0,80 12 53,0,59,,205746,51,0,80 12 53,0,19,,205748,51,0,80 12 53,0,19,,205747,51,0,80 12 53,0,58,,205749,51,0,80 12 53,0,18,,205750,51,0,80 12 53,0,18,,205751,51,0,80 12 53,0,19,,205752,51,0,80 12 53,0,59,,205753,51,0,80 12 53,0,19,,205756,51,0,80 12 53,0,19,,205755,51,0,80 12 53,0,59,,205754,51,0,80 12 53,0,19,,205758,51,0,80 12 53,0,19,,205757,51,0,80 12 53,0,57,,205759,51,0,80 12 53,0,18,,205760,51,0,80 12 53,0,18,,205761,51,0,80 12 53,0,56,,205763,51,0,80 12 53,0,19,,205762,51,0,80 12 53,0,18,,205764,51,0,80 12 53,0,18,,205765,51,0,80 12 53,0,58,,205766,51,0,80 12 53,0,18,,205767,51,0,80 12 53,0,19,,205768,51,0,80 12 53,0,59,,205769,51,0,80 12 53,0,20,,205770,51,0,80 12 53,0,17,,205771,51,0,80 12 53,0,58,,205772,51,0,80 12 53,0,19,,205773,51,0,80 12 53,0,19,,205774,51,0,80 12 53,0,59,,205775,51,0,80 12 53,0,19,,205777,51,0,80 12 53,0,19,,205776,51,0,80 12 53,0
2300,'Weekday',509,,205786,51,0,80 12 53,0,17,,205840,51,0,80 12 53,0,16,,205792,51,0,80 12 53,0,17,,205780,51,0,80 12 53,0,58,,205839,51,0,80 12 53,0,15,,205782,51,0,80 12 53,0,15,,205781,51,0,80 12 53,0,11,,205798,51,0,80 12 53,0,51,,205784,51,0,80 12 53,0,11,,205846,51,0,80 12 53,0,13,,205841,51,0,80 12 53,0,12,,205787,51,0,80 12 53,0,13,,205783,51,0,80 12 53,0,52,,205793,51,0,80 12 53,0,11,,205804,51,0,80 12 53,0,11,,205785,51,0,80 12 53,0,10,,205842,51,0,80 12 53,0,11,,205809,51,0,80 12 53,0,52,,205843,51,0,80 12 53,0,12,,205799,51,0,80 12 53,0,13,,205844,51,0,80 12 53,0,12,,205818,51,0,80 12 53,0,11,,205845,51,0,80 12 53,0,51,,205788,51,0,80 12 53,0,20,,205794,51,0,80 12 53,0,21,,205803,51,0,80 12 53,0,61,,205808,51,0,80 12 53,0,22,,205813,51,0,80 12 53,0,23,,205817,51,0,80 12 53,0,62,,205789,51,0,80 12 53,0,22,,205806,51,0,80 12 53,0,21,,205810,51,0,80 12 53,0,62,,205837,51,0,80 12 53,0,23,,205814,51,0,80 12 53,0,65,,205802,51,0,80 12 53,0,21,,205838,51,0,80 12 53,0,15,,205819,51,0,80 12 53,0,11,,205821,51,0,80 12 53,0,52,,205790,51,0,80 12 53,0,11,,205827,51,0,80 12 53,0,13,,205795,51,0,80 12 53,0,13,,205826,51,0,80 12 53,0,12,,205805,51,0,80 12 53,0,52,,205825,51,0,80 12 53,0,13,,205811,51,0,80 12 53,0,11,,205778,51,0,80 12 53,0,11,,205815,51,0,80 12 53,0,11,,205831,51,0,80 12 53,0,51,,205828,51,0,80 12 53,0,10,,205800,51,0,80 12 53,0,10,,205820,51,0,80 12 53,0,10,,205822,51,0,80 12 53,0,10,,205832,51,0,80 12 53,0,11,,205791,51,0,80 12 53,0,51,,205796,51,0,80 12 53,0,11,,205833,51,0,80 12 53,0,11,,205779,51,0,80 12 53,0,10,,205807,51,0,80 12 53,0,10,,205834,51,0,80 12 53,0,8,,205812,51,0,80 12 53,0,49,,205824,51,0,80 12 53,0,10,,205816,51,0,80 12 53,0,9,,205835,51,0,80 12 53,0,9,,205829,51,0,80 12 53,0,13,,205836,51,0,80 12 53,0,55,,205801,51,0,80 12 53,0,15,,205823,51,0,80 12 53,0,16,,205797,51,0,80 12 53,0,15,,205830,51,0,80 12 53,0,62,,205848,51,0,80 12 53,0,23,,205847,51,0,80 12 53,0,19,,205849,51,0,80 12 53,0,60,,205850,51,0,80 12 53,0,21,,205851,51,0,80 12 53,0,21,,205852,51,0,80 12 53,0,65,,205853,51,0,80 12 53,0,25,,205854,51,0,80 12 53,0,65,,205855,51,0,80 12 53,0,25,,205856,51,0,80 12 53,0,25,,205857,51,0,80 12 53,0,65,,205858,51,0,80 12 53,0,25,,205859,51,0,80 12 53,0
2300,'Weekday0000100',1359,,205860,18,0,80 12 53,0,54,,205862,6,0,80 12 53,0,5,,205863,8,0,81 47,0
2300,'Weekday1111000',1545,,205865,18,0,80 12 53,0,5,,205864,6,0,80 12 53,0,57,,205866,18,0,80 12 53,0
3800,'Saturday',514,,207699,39,,,0,23,,207700,39,,,0,63,,207701,39,,,0,23,,207703,39,,,0,23,,207704,39,,,0,63,,207702,39,,,0,23,,207705,39,,,0,23,,207707,39,,,0,63,,207706,39,,,0,23,,207708,39,,,0,63,,207709,39,,,0,24,,207711,39,,,0,26,,207710,39,,,0,66,,207715,39,,,0,22,,207716,39,,,0,62,,207717,39,,,0,23,,207714,39,,,0,21,,207713,39,,,0,61,,207712,39,,,0,21,,207718,39,,,0,22,,207720,39,,,0,62,,207719,39,,,0,22,,207721,39,,,0,22,,207675,39,,,0,61,,207670,39,,,0,21,,207722,39,,,0,62,,207697,39,,,0,22,,207724,39,,,0,22,,207723,39,,,0,62,,207676,39,,,0,21,,207677,39,,,0,20,,207688,39,,,0,62,,207685,39,,,0,22,,207671,39,,,0,22,,207681,39,,,0,62,,207678,39,,,0,21,,207682,39,,,0,20,,207672,39,,,0,60,,207693,39,,,0,23,,207698,39,,,0,59,,207689,39,,,0,18,,207686,39,,,0,24,,207673,39,,,0,64,,207679,39,,,0,24,,207687,39,,,0,25,,207694,39,,,0,64,,207683,39,,,0,24,,207690,39,,,0,64,,207680,39,,,0,24,,207674,39,,,0,24,,207696,39,,,0,64,,207691,39,,,0,24,,207695,39,,,0,64,,207684,39,,,0,24,,207692,39,,,0
3800,'Sunday',514,,207725,39,,,0,23,,207726,39,,,0,63,,207727,39,,,0,23,,207728,39,,,0,23,,207729,39,,,0,63,,207730,39,,,0,23,,207731,39,,,0,23,,207732,39,,,0,63,,207733,39,,,0,23,,207734,39,,,0,63,,207735,39,,,0,24,,207736,39,,,0,26,,207737,39,,,0,66,,207738,39,,,0,22,,207739,39,,,0,62,,207740,39,,,0,23,,207741,39,,,0,21,,207742,39,,,0,61,,207743,39,,,0,21,,207744,39,,,0,22,,207745,39,,,0,62,,207746,39,,,0,22,,207747,39,,,0,22,,207748,39,,,0,61,,207749,39,,,0,21,,207750,39,,,0,62,,207751,39,,,0,22,,207752,39,,,0,22,,207753,39,,,0,62,,207754,39,,,0,21,,207779,39,,,0,20,,207755,39,,,0,62,,207756,39,,,0,22,,207757,39,,,0,22,,207758,39,,,0,62,,207759,39,,,0,21,,207760,39,,,0,20,,207761,39,,,0,60,,207762,39,,,0,22,,207763,39,,,0,60,,207764,39,,,0,19,,207765,39,,,0,23,,207766,39,,,0,64,,207767,39,,,0,24,,207768,39,,,0,25,,207769,39,,,0,64,,207770,39,,,0,24,,207771,39,,,0,64,,207772,39,,,0,24,,207773,39,,,0,24,,207774,39,,,0,64,,207775,39,,,0,24,,207776,39,,,0,64,,207777,39,,,0,24,,207778,39,,,0
3800,'Weekday',459,,207781,39,,,0,53,,207782,39,,,0,13,,207783,39,,,0,14,,207784,39,,,0,14,,207785,39,,,0,54,,207786,39,,,0,13,,207800,39,,,0,15,,207787,39,,,0,15,,207788,39,,,0,55,,207789,39,,,0,17,,207790,39,,,0,19,,207791,39,,,0,15,,207792,39,,,0,55,,207793,39,,,0,15,,207794,39,,,0,15,,207795,39,,,0,16,,207796,39,,,0,57,,207797,39,,,0,18,,207798,39,,,0,19,,207799,39,,,0,60,,207802,39,,,0,20,,207813,39,,,0,18,,207805,39,,,0,58,,207809,39,,,0,19,,207811,39,,,0,20,,207815,39,,,0,60,,207807,39,,,0,18,,207803,39,,,0,18,,207814,39,,,0,60,,207810,39,,,0,20,,207808,39,,,0,19,,207804,39,,,0,59,,207812,39,,,0,17,,207801,39,,,0,17,,207806,39,,,0,15,,207816,39,,,0,56,,207819,39,,,0,16,,207821,39,,,0,16,,207822,39,,,0,16,,207823,39,,,0,55,,207824,39,,,0,5,,207855,39,,,0,10,,207825,39,,,0,14,,207826,39,,,0,13,,207827,39,,,0,55,,207828,39,,,0,14,,207829,39,,,0,16,,207830,39,,,0,15,,207831,39,,,0,56,,207832,39,,,0,15,,207833,39,,,0,14,,207834,39,,,0,15,,207817,39,,,0,54,,207818,39,,,0,15,,207820,39,,,0,20,,207835,39,,,0,20,,207836,39,,,0,60,,207837,39,,,0,19,,207838,39,,,0,17,,207839,39,,,0,58,,207840,39,,,0,21,,207841,39,,,0,20,,207842,39,,,0,60,,207843,39,,,0,20,,207844,39,,,0,19,,207845,39,,,0,60,,207846,39,,,0,20,,207847,39,,,0,20,,207848,39,,,0,60,,207849,39,,,0,20,,207850,39,,,0,20,,207851,39,,,0,60,,207852,39,,,0,20,,207853,39,,,0,20,,207854,39,,,0
3800,'Weekday0000100',1425,,207858,39,,,0,83,,207857,39,,,0
3800,'Weekday1111000',1607,,207861,39,,,0,6,,207860,39,,,0
55500,'Sunday',750,,225934,42,,,0,100,,225935,42,,,0,99,,225936,42,,,0,100,,225937,42,,,0,100,,225938,42,,,0,100,,225939,42,,,0,101,,225940,42,,,0,100,,225941,42,,,0,100,,225942,42,,,0,100,,225943,42,,,0
