600,'Saturday',524,,202652,1,,,0,30,,202653,1,,,0,70,,202651,1,,,0,30,,202655,1,,,0,70,,202657,1,,,0,30,,202658,1,,,0,70,,202656,1,,,0,30,,202661,1,,,0,70,,202654,1,,,0,30,,202659,1,,,0,70,,202663,1,,,0,30,,202660,1,,,0,70,,202664,1,,,0,30,,202662,1,,,0,70,,202665,1,,,0,30,,202666,1,,,0,70,,202667,1,,,0,30,,202668,1,,,0,70,,202669,1,,,0,30,,202670,1,,,0,70,,202671,1,,,0,30,,202673,1,,,0,70,,202674,1,,,0,30,,202672,1,,,0,70,,202677,1,,,0,30,,202679,1,,,0,70,,202675,1,,,0,30,,202680,1,,,0,70,,202676,1,,,0,30,,202681,1,,,0,70,,202678,1,,,0,30,,202682,1,,,0,70,,202684,1,,,0,30,,202685,1,,,0,70,,202686,1,,,0,30,,202683,1,,,0,91,,202687,1,,,0
600,'Sunday',524,,202688,1,,,0,30,,202690,1,,,0,70,,202691,1,,,0,30,,202692,1,,,0,70,,202694,1,,,0,30,,202696,1,,,0,70,,202697,1,,,0,30,,202693,1,,,0,70,,202698,1,,,0,30,,202695,1,,,0,70,,202700,1,,,0,30,,202701,1,,,0,70,,202702,1,,,0,30,,202703,1,,,0,70,,202704,1,,,0,30,,202705,1,,,0,70,,202709,1,,,0,30,,202710,1,,,0,70,,202708,1,,,0,30,,202699,1,,,0,70,,202706,1,,,0,30,,202707,1,,,0,70,,202712,1,,,0,30,,202713,1,,,0,70,,202714,1,,,0,30,,202711,1,,,0,70,,202718,1,,,0,30,,202715,1,,,0,70,,202716,1,,,0,30,,202717,1,,,0,70,,202719,1,,,0,30,,202720,1,,,0,70,,202722,1,,,0,30,,202723,1,,,0,70,,202721,1,,,0,30,,202724,1,,,0,78,,202689,1,,,0
600,'Weekday',500,,202736,1,,,0,23,,202756,1,,,0,23,,202759,1,,,0,63,,202771,1,,,0,18,,202755,1,,,0,23,,202758,1,,,0,63,,202762,1,,,0,23,,202757,1,,,0,23,,202754,1,,,0,49,,202772,1,,,0,14,,202761,1,,,0,23,,202760,1,,,0,63,,202737,1,,,0,23,,202738,1,,,0,23,,202740,1,,,0,63,,202742,1,,,0,23,,202739,1,,,0,63,,202743,1,,,0,23,,202741,1,,,0,23,,202744,1,,,0,63,,202745,1,,,0,23,,202746,1,,,0,67,,202747,1,,,0,19,,202748,1,,,0,23,,202749,1,,,0,63,,202750,1,,,0,23,,202751,1,,,0,23,,202752,1,,,0,63,,202753,1,,,0,23,,202765,1,,,0,63,,202768,1,,,0,23,,202769,1,,,0,23,,202766,1,,,0,63,,202767,1,,,0,23,,202770,1,,,0,23,,202763,1,,,0,66,,202764,1,,,0,30,,202732,1,,,0,70,,202731,1,,,0,30,,202727,1,,,0,70,,202728,1,,,0,30,,202725,1,,,0,70,,202726,1,,,0,30,,202735,1,,,0,70,,202734,1,,,0,30,,202733,1,,,0,70,,202729,1,,,0,26,,202730,1,,,0
601,'Saturday',615,,202774,34,4,,0,30,,202775,34,4,,0,70,,202778,34,4,,0,30,,202779,34,4,,0,70,,202777,34,4,,0,30,,202776,34,4,,0,73,,202782,34,4,,0,30,,202783,34,4,,0,67,,202780,34,4,,0,33,,202784,34,4,,0,70,,202781,34,4,,0,30,,202786,34,4,,0,70,,202773,34,4,,0,30,,202788,34,4,,0,70,,202785,34,4,,0,30,,202790,34,4,,0,70,,202791,34,4,,0,30,,202789,34,4,,0,70,,202792,34,4,,0,30,,202793,34,4,,0,70,,202787,34,4,,0,30,,202794,34,4,,0,70,,202795,34,4,,0,30,,202796,34,4,,0,70,,202797,34,4,,0,30,,202799,34,4,,0,70,,202801,34,4,,0,27,,202802,34,4,,0,70,,202798,34,4,,0,30,,202803,34,4,,0,70,,202800,34,4,,0,30,,202809,34,4,,0,70,,202804,34,4,,0,30,,202805,34,4,,0,70,,202806,34,4,,0,30,,202807,34,4,,0,80,,202810,34,4,,0,75,,202808,34,4,,0
601,'Sunday',615,,202812,34,4,,0,30,,202813,34,4,,0,70,,202814,34,4,,0,30,,202815,34,4,,0,70,,202816,34,4,,0,30,,202817,34,4,,0,73,,202818,34,4,,0,30,,202819,34,4,,0,67,,202820,34,4,,0,33,,202821,34,4,,0,70,,202823,34,4,,0,30,,202824,34,4,,0,70,,202825,34,4,,0,30,,202822,34,4,,0,70,,202827,34,4,,0,30,,202828,34,4,,0,70,,202811,34,4,,0,30,,202829,34,4,,0,70,,202826,34,4,,0,30,,202830,34,4,,0,70,,202831,34,4,,0,30,,202832,34,4,,0,73,,202833,34,4,,0,27,,202834,34,4,,0,70,,202835,34,4,,0,30,,202837,34,4,,0,70,,202838,34,4,,0,27,,202839,34,4,,0,70,,202836,34,4,,0,30,,202840,34,4,,0,70,,202841,34,4,,0,30,,202842,34,4,,0,70,,202843,34,4,,0,30,,202844,34,4,,0,70,,202845,34,4,,0,30,,202846,34,4,,0,80,,202847,34,4,,0
601,'Weekday',615,,202848,34,4,,0,23,,202849,34,4,,0,63,,202876,34,4,,0,29,,202877,34,4,,0,25,,202878,34,4,,0,63,,202879,34,4,,0,23,,202880,34,4,,0,63,,202881,34,4,,0,23,,202882,34,4,,0,23,,202883,34,4,,0,63,,202884,34,4,,0,23,,202851,34,4,,0,23,,202852,34,4,,0,63,,202853,34,4,,0,23,,202850,34,4,,0,63,,202856,34,4,,0,23,,202857,34,4,,0,23,,202854,34,4,,0,63,,202855,34,4,,0,23,,202858,34,4,,0,63,,202859,34,4,,0,23,,202860,34,4,,0,23,,202861,34,4,,0,65,,202862,34,4,,0,23,,202863,34,4,,0,63,,202885,34,4,,0,24,,202886,34,4,,0,24,,202887,34,4,,0,63,,202888,34,4,,0,23,,202890,34,4,,0,23,,202891,34,4,,0,63,,202892,34,4,,0,23,,202889,34,4,,0,62,,202893,34,4,,0,22,,202864,34,4,,0,26,,202865,34,4,,0,70,,202866,34,4,,0,30,,202867,34,4,,0,70,,202868,34,4,,0,30,,202869,34,4,,0,68,,202870,34,4,,0,27,,202871,34,4,,0,70,,202872,34,4,,0,31,,202873,34,4,,0,78,,202874,34,4,,0,75,,202875,34,4,,0
2200,'Saturday',616,,205462,1,,,0,37,,205476,1,,,0,78,,205464,1,,,0,78,,205477,1,,,0,38,,205463,1,,,0,78,,205478,1,,,0,78,,205465,1,,,0,35,,205479,1,,,0,78,,205481,1,,,0,38,,205466,1,,,0,78,,205483,1,,,0,78,,205468,1,,,0,38,,205482,1,,,0,78,,205467,1,,,0,78,,205484,1,,,0,38,,205480,1,,,0,78,,205485,1,,,0,38,,205470,1,,,0,78,,205487,1,,,0,76,,205469,1,,,0,38,,205471,1,,,0,78,,205472,1,,,0,78,,205486,1,,,0,38,,205473,1,,,0,78,,205488,1,,,0,78,,205474,1,,,0,38,,205489,1,,,0,73,,205475,1,,,0
2200,'Sunday',617,,205490,1,,,0,38,,205503,1,,,0,78,,205491,1,,,0,78,,205505,1,,,0,38,,205493,1,,,0,78,,205506,1,,,0,78,,205495,1,,,0,38,,205507,1,,,0,78,,205494,1,,,0,38,,205508,1,,,0,78,,205492,1,,,0,78,,205511,1,,,0,38,,205497,1,,,0,78,,205509,1,,,0,78,,205496,1,,,0,38,,205510,1,,,0,78,,205498,1,,,0,78,,205512,1,,,0,38,,205499,1,,,0,78,,205514,1,,,0,38,,205501,1,,,0,78,,205515,1,,,0,78,,205500,1,,,0,38,,205513,1,,,0,78,,205502,1,,,0,78,,205516,1,,,0,38,,205504,1,,,0
2200,'Weekday',525,,205517,1,,,0,28,,205532,1,,,0,68,,205546,1,,,0,28,,205518,1,,,0,68,,205533,1,,,0,28,,205547,1,,,0,68,,205519,1,,,0,28,,205534,1,,,0,66,,205548,1,,,0,26,,205520,1,,,0,26,,205535,1,,,0,66,,205549,1,,,0,26,,205521,1,,,0,66,,205536,1,,,0,26,,205550,1,,,0,66,,205522,1,,,0,26,,205537,1,,,0,66,,205551,1,,,0,26,,205523,1,,,0,26,,205538,1,,,0,66,,205552,1,,,0,26,,205524,1,,,0,68,,205539,1,,,0,28,,205553,1,,,0,68,,205525,1,,,0,28,,205540,1,,,0,68,,205554,1,,,0,28,,205526,1,,,0,68,,205541,1,,,0,25,,205555,1,,,0,27,,205527,1,,,0,76,,205542,1,,,0,76,,205528,1,,,0,36,,205543,1,,,0,76,,205529,1,,,0,36,,205544,1,,,0,76,,205530,1,,,0,76,,205545,1,,,0,45,,205531,1,,,0
2201,'Saturday',652,,205565,33,4,,0,74,,205556,33,4,,0,78,,205567,33,4,,0,38,,205557,33,4,,0,78,,205568,33,4,,0,38,,205558,33,4,,0,78,,205573,33,4,,0,78,,205559,33,4,,0,35,,205575,33,4,,0,78,,205574,33,4,,0,78,,205566,33,4,,0,38,,205576,33,4,,0,78,,205560,33,4,,0,38,,205571,33,4,,0,78,,205570,33,4,,0,78,,205577,33,4,,0,38,,205561,33,4,,0,78,,205578,33,4,,0,78,,205569,33,4,,0,38,,205579,33,4,,0,75,,205572,33,4,,0,78,,205580,33,4,,0,38,,205562,33,4,,0,78,,205581,33,4,,0,38,,205563,33,4,,0,78,,205583,33,4,,0,78,,205564,33,4,,0,38,,205582,33,4,,0
2201,'Sunday',653,,205597,33,4,,0,75,,205584,33,4,,0,78,,205598,33,4,,0,38,,205586,33,4,,0,78,,205599,33,4,,0,78,,205585,33,4,,0,39,,205600,33,4,,0,78,,205587,33,4,,0,38,,205601,33,4,,0,78,,205588,33,4,,0,78,,205602,33,4,,0,38,,205589,33,4,,0,78,,205603,33,4,,0,78,,205591,33,4,,0,38,,205604,33,4,,0,78,,205590,33,4,,0,38,,205605,33,4,,0,78,,205593,33,4,,0,78,,205606,33,4,,0,36,,205592,33,4,,0,77,,205607,33,4,,0,78,,205594,33,4,,0,38,,205608,33,4,,0,78,,205595,33,4,,0,78,,205610,33,4,,0,38,,205596,33,4,,0,78,,205609,33,4,,0
2201,'Weekday',631,,205611,33,4,,0,82,,205626,33,4,,0,28,,205640,33,4,,0,68,,205612,33,4,,0,28,,205627,33,4,,0,68,,205641,33,4,,0,24,,205613,33,4,,0,25,,205628,33,4,,0,66,,205642,33,4,,0,26,,205614,33,4,,0,66,,205629,33,4,,0,26,,205643,33,4,,0,66,,205615,33,4,,0,26,,205630,33,4,,0,26,,205644,33,4,,0,66,,205616,33,4,,0,26,,205631,33,4,,0,66,,205645,33,4,,0,26,,205617,33,4,,0,66,,205632,33,4,,0,30,,205646,33,4,,0,69,,205618,33,4,,0,28,,205633,33,4,,0,68,,205647,33,4,,0,28,,205619,33,4,,0,28,,205634,33,4,,0,65,,205648,33,4,,0,26,,205620,33,4,,0,76,,205635,33,4,,0,76,,205621,33,4,,0,36,,205636,33,4,,0,76,,205622,33,4,,0,36,,205637,33,4,,0,76,,205623,33,4,,0,76,,205638,33,4,,0,36,,205624,33,4,,0,85,,205639,33,4,,0,35,,205625,33,4,,0
2201,'Weekday1111000',1522,,205649,23,4,,0
