1901,'Saturday',657,,204926,59,,,0,75,,204918,59,,,0,75,,204934,59,,,0,35,,204942,59,,,0,75,,204927,59,,,0,35,,204919,59,,,0,75,,204935,59,,,0,75,,204943,59,,,0,35,,204928,59,,,0,75,,204920,59,,,0,35,,204936,59,,,0,74,,204944,59,,,0,35,,204929,59,,,0,68,,204921,59,,,0,24,,204949,59,,,0,68,,204938,59,,,0,28,,204945,59,,,0,68,,204930,59,,,0,28,,204922,59,,,0,68,,204950,59,,,0,28,,204937,59,,,0,68,,204946,59,,,0,28,,204931,59,,,0,68,,204923,59,,,0,28,,204951,59,,,0,23,,204940,59,,,0,73,,204948,59,,,0,35,,204932,59,,,0,75,,204924,59,,,0,75,,204941,59,,,0,35,,204947,59,,,0,75,,204933,59,,,0,35,,204925,59,,,0
1901,'Sunday',657,,204960,59,,,0,75,,204952,59,,,0,75,,204968,59,,,0,35,,204975,59,,,0,75,,204961,59,,,0,35,,204953,59,,,0,75,,204969,59,,,0,75,,204977,59,,,0,35,,204962,59,,,0,75,,204954,59,,,0,35,,204970,59,,,0,74,,204979,59,,,0,35,,204964,59,,,0,68,,204955,59,,,0,24,,204983,59,,,0,68,,204971,59,,,0,28,,204978,59,,,0,68,,204966,59,,,0,28,,204956,59,,,0,68,,204984,59,,,0,28,,204972,59,,,0,68,,204980,59,,,0,28,,204965,59,,,0,68,,204957,59,,,0,28,,204985,59,,,0,23,,204973,59,,,0,73,,204981,59,,,0,35,,204963,59,,,0,75,,204958,59,,,0,75,,204974,59,,,0,35,,204982,59,,,0,75,,204967,59,,,0,35,,204959,59,,,0
1901,'Weekday',538,,205021,18,,,0,64,,204988,59,,,0,34,,204996,59,,,0,64,,205004,59,,,0,32,,205012,59,,,0,72,,205022,59,,,0,27,,204989,59,,,0,76,,204997,59,,,0,29,,205005,59,,,0,74,,205013,59,,,0,33,,205023,59,,,0,72,,204990,59,,,0,32,,204998,59,,,0,72,,205006,59,,,0,32,,205014,59,,,0,72,,205024,59,,,0,32,,204991,59,,,0,73,,204999,59,,,0,28,,204987,59,,,0,3,,204986,18,,,0,45,,205007,59,,,0,32,,205016,59,,,0,72,,205025,59,,,0,31,,204992,59,,,0,71,,205000,59,,,0,32,,205008,59,,,0,70,,205015,59,,,0,24,,205026,59,,,0,69,,204993,59,,,0,30,,205001,59,,,0,70,,205009,59,,,0,30,,205017,59,,,0,70,,205028,59,,,0,30,,204994,59,,,0,70,,205002,59,,,0,26,,205010,59,,,0,28,,205018,59,,,0,70,,205027,59,,,0,30,,204995,59,,,0,70,,205003,59,,,0,30,,205011,59,,,0,70,,205019,59,,,0,30,,205020,59,,,0
1901,'Weekday0000100',1211,,205029,4,,,0
6501,'Saturday',644,,211996,4,,,0,80,,212008,4,,,0,80,,211997,4,,,0,40,,212009,4,,,0,80,,211998,4,,,0,34,,212010,4,,,0,68,,211986,4,,,0,28,,211999,4,,,0,68,,212011,4,,,0,28,,211987,4,,,0,68,,212000,4,,,0,28,,212012,4,,,0,68,,211988,4,,,0,28,,212001,4,,,0,68,,212013,4,,,0,28,,211989,4,,,0,68,,212002,4,,,0,28,,212014,4,,,0,68,,211990,4,,,0,28,,212003,4,,,0,28,,212015,4,,,0,68,,211991,4,,,0,28,,212004,4,,,0,68,,212016,4,,,0,24,,211992,4,,,0,78,,212005,4,,,0,82,,211993,4,,,0,40,,212006,4,,,0,80,,211994,4,,,0,80,,212007,4,,,0,43,,211995,4,,,0
6501,'Sunday',644,,212027,4,,,0,80,,212039,4,,,0,80,,212028,4,,,0,40,,212040,4,,,0,80,,212029,4,,,0,34,,212041,4,,,0,68,,212017,4,,,0,28,,212030,4,,,0,68,,212042,4,,,0,28,,212018,4,,,0,68,,212031,4,,,0,28,,212043,4,,,0,68,,212019,4,,,0,28,,212032,4,,,0,68,,212044,4,,,0,28,,212020,4,,,0,68,,212033,4,,,0,28,,212045,4,,,0,68,,212021,4,,,0,28,,212034,4,,,0,28,,212046,4,,,0,68,,212022,4,,,0,28,,212035,4,,,0,68,,212047,4,,,0,24,,212023,4,,,0,78,,212036,4,,,0,82,,212024,4,,,0,40,,212037,4,,,0,80,,212025,4,,,0,80,,212038,4,,,0,43,,212026,4,,,0
6501,'Weekday',507,,212074,4,,,0,18,,212048,4,,,0,24,,212062,4,,,0,64,,212051,4,,,0,24,,212075,4,,,0,64,,212049,4,,,0,24,,212063,4,,,0,24,,212052,4,,,0,64,,212076,4,,,0,24,,212050,4,,,0,22,,212064,4,,,0,83,,212077,4,,,0,83,,212065,4,,,0,83,,212078,4,,,0,43,,212066,4,,,0,83,,212079,4,,,0,19,,212053,4,,,0,64,,212067,4,,,0,27,,212057,4,,,0,56,,212080,4,,,0,27,,212054,4,,,0,23,,212068,4,,,0,64,,212058,4,,,0,24,,212081,4,,,0,64,,212055,4,,,0,24,,212069,4,,,0,24,,212059,4,,,0,64,,212082,4,,,0,24,,212056,4,,,0,20,,212070,4,,,0,66,,212060,4,,,0,28,,212083,4,,,0,70,,212071,4,,,0,30,,212061,4,,,0,69,,212084,4,,,0,81,,212072,4,,,0,42,,212085,4,,,0,83,,212073,4,,,0,84,,212086,4,,,0
42200,'Saturday',625,,225347,7,,,0,100,,225348,7,,,0,100,,225349,7,,,0,100,,225350,7,,,0,100,,225351,7,,,0,100,,225352,7,,,0,100,,225353,7,,,0,100,,225355,7,,,0,100,,225354,7,,,0,100,,225356,7,,,0,100,,225357,7,,,0,100,,225358,7,,,0,100,,225359,7,,,0
42200,'Sunday',625,,225360,7,,,0,100,,225361,7,,,0,100,,225362,7,,,0,100,,225363,7,,,0,100,,225364,7,,,0,100,,225365,7,,,0,100,,225366,7,,,0,100,,225367,7,,,0,100,,225368,7,,,0,100,,225369,7,,,0,100,,225370,7,,,0,100,,225371,7,,,0,100,,225372,7,,,0
42200,'Weekday',624,,225373,7,,,0,30,,225391,7,,,0,70,,225374,7,,,0,30,,225395,7,,,0,70,,225375,7,,,0,30,,225396,7,,,0,70,,225376,7,,,0,30,,225393,7,,,0,70,,225377,7,,,0,30,,225394,7,,,0,70,,225378,7,,,0,30,,225397,7,,,0,70,,225379,7,,,0,30,,225390,7,,,0,70,,225380,7,,,0,30,,225399,7,,,0,70,,225381,7,,,0,79,,225398,7,,,0,21,,225382,7,,,0,30,,225392,7,,,0,70,,225384,7,,,0,30,,225400,7,,,0,70,,225383,7,,,0,30,,225389,7,,,0,70,,225387,7,,,0,100,,225386,7,,,0,100,,225385,7,,,0,100,,225388,7,,,0
