2401,'Saturday',651,,206192,42,,,0,70,,206203,42,,,0,30,,206212,42,,,0,70,,206194,42,,,0,30,,206202,42,,,0,70,,206214,42,,,0,30,,206193,42,,,0,70,,206204,42,,,0,30,,206215,42,,,0,70,,206191,42,,,0,30,,206206,42,,,0,70,,206217,42,,,0,30,,206195,42,,,0,70,,206207,42,,,0,30,,206218,42,,,0,70,,206196,42,,,0,30,,206205,42,,,0,70,,206216,42,,,0,30,,206197,42,,,0,70,,206208,42,,,0,30,,206220,42,,,0,70,,206198,42,,,0,30,,206210,42,,,0,70,,206219,42,,,0,30,,206199,42,,,0,70,,206209,42,,,0,30,,206221,42,,,0,70,,206200,42,,,0,30,,206211,42,,,0,70,,206222,42,,,0,30,,206201,42,,,0,70,,206213,42,,,0
2401,'Sunday',651,,206223,42,,,0,70,,206233,42,,,0,30,,206244,42,,,0,70,,206224,42,,,0,30,,206235,42,,,0,70,,206246,42,,,0,30,,206225,42,,,0,70,,206237,42,,,0,30,,206247,42,,,0,70,,206226,42,,,0,30,,206236,42,,,0,70,,206248,42,,,0,30,,206227,42,,,0,70,,206238,42,,,0,30,,206249,42,,,0,70,,206228,42,,,0,30,,206239,42,,,0,70,,206250,42,,,0,30,,206231,42,,,0,70,,206240,42,,,0,30,,206251,42,,,0,70,,206229,42,,,0,30,,206241,42,,,0,70,,206253,42,,,0,30,,206232,42,,,0,70,,206243,42,,,0,30,,206252,42,,,0,70,,206230,42,,,0,30,,206242,42,,,0,70,,206254,42,,,0,30,,206234,42,,,0,70,,206245,42,,,0
2401,'Weekday',605,,206276,42,,,0,40,,206285,42,,,0,73,,206255,42,,,0,30,,206277,42,,,0,70,,206287,42,,,0,30,,206256,42,,,0,69,,206278,42,,,0,28,,206288,42,,,0,70,,206257,42,,,0,30,,206280,42,,,0,70,,206289,42,,,0,30,,206258,42,,,0,70,,206279,42,,,0,30,,206286,42,,,0,70,,206259,42,,,0,30,,206282,42,,,0,70,,206290,42,,,0,30,,206261,42,,,0,70,,206281,42,,,0,34,,206291,42,,,0,70,,206260,42,,,0,30,,206283,42,,,0,70,,206292,42,,,0,29,,206262,42,,,0,70,,206284,42,,,0,29,,206267,42,,,0,67,,206263,42,,,0,30,,206271,42,,,0,70,,206268,42,,,0,30,,206264,42,,,0,70,,206273,42,,,0,30,,206269,42,,,0,70,,206265,42,,,0,29,,206274,42,,,0,68,,206270,42,,,0,28,,206266,42,,,0,72,,206275,42,,,0,35,,206272,42,,,0
3600,'Saturday',622,,207286,44,,,0,85,,207290,44,,,0,45,,207293,44,,,0,85,,207295,44,,,0,85,,207287,44,,,0,85,,207291,44,,,0,45,,207292,44,,,0,85,,207294,44,,,0,85,,207274,44,,,0,85,,207275,44,,,0,45,,207276,44,,,0,85,,207277,44,,,0,85,,207278,44,,,0,85,,207279,44,,,0,45,,207280,44,,,0,85,,207281,44,,,0,85,,207282,44,,,0,85,,207283,44,,,0,45,,207288,44,,,0,85,,207284,44,,,0,85,,207285,44,,,0,85,,207289,44,,,0,45,,207297,44,,,0,85,,207296,44,,,0
3600,'Sunday',752,,207311,44,,,0,85,,207313,44,,,0,85,,207309,44,,,0,85,,207308,44,,,0,45,,207310,44,,,0,85,,207312,44,,,0,85,,207299,44,,,0,85,,207298,44,,,0,45,,207300,44,,,0,85,,207301,44,,,0,85,,207302,44,,,0,85,,207303,44,,,0,45,,207304,44,,,0,85,,207305,44,,,0,85,,207306,44,,,0,85,,207307,44,,,0,45,,207314,44,,,0,85,,207316,44,,,0,85,,207317,44,,,0,85,,207319,44,,,0,45,,207318,44,,,0,85,,207315,44,,,0
3600,'Weekday',537,,207320,41,,,0,115,,207331,44,,,0,75,,207332,44,,,0,75,,207333,44,,,0,35,,207334,44,,,0,75,,207335,44,,,0,33,,207337,44,,,0,75,,207336,44,,,0,35,,207341,44,,,0,75,,207338,44,,,0,75,,207339,44,,,0,35,,207340,44,,,0,75,,207342,44,,,0,35,,207343,44,,,0,75,,207344,44,,,0,75,,207345,44,,,0,35,,207346,44,,,0,78,,207347,44,,,0,35,,207348,44,,,0,75,,207349,44,,,0,33,,207350,44,,,0,73,,207322,44,,,0,75,,207323,44,,,0,31,,207321,44,,,0,72,,207324,44,,,0,41,,207325,44,,,0,81,,207326,44,,,0,81,,207327,44,,,0,41,,207328,44,,,0,81,,207329,44,,,0,81,,207330,44,,,0
4100,'Saturday',635,,208208,25,,,0,85,,208206,25,,,0,85,,208191,25,,,0,45,,208192,25,,,0,85,,208193,25,,,0,85,,208194,25,,,0,85,,208195,25,,,0,47,,208196,25,,,0,85,,208197,25,,,0,85,,208198,25,,,0,85,,208199,25,,,0,45,,208200,25,,,0,85,,208202,25,,,0,85,,208203,25,,,0,85,,208204,25,,,0,45,,208201,25,,,0,85,,208205,25,,,0,83,,208207,25,,,0
4100,'Weekday',619,,208213,25,,,0,36,,208214,25,,,0,75,,208215,25,,,0,75,,208216,25,,,0,37,,208217,25,,,0,74,,208221,25,,,0,35,,208219,25,,,0,75,,208222,25,,,0,75,,208220,25,,,0,35,,208218,25,,,0,75,,208224,25,,,0,35,,208223,25,,,0,75,,208227,25,,,0,35,,208225,25,,,0,75,,208226,25,,,0,76,,208228,25,,,0,36,,208229,25,,,0,74,,208230,25,,,0,35,,208231,25,,,0,73,,208232,25,,,0,75,,208233,25,,,0,36,,208211,25,,,0,72,,208212,25,,,0
4100,'Weekday0000100',1238,,208234,12,,,0
4100,'Weekday1111000',1458,,208235,12,,,0
4301,'Saturday',537,,208549,43,,,0,64,,208552,43,,,0,24,,208551,43,,,0,24,,208550,43,,,0,64,,208553,43,,,0,24,,208554,43,,,0,64,,208556,43,,,0,24,,208555,43,,,0,24,,208557,43,,,0,64,,208560,43,,,0,24,,208559,43,,,0,65,,208558,43,,,0,29,,208563,43,,,0,18,,208562,43,,,0,58,,208561,43,,,0,21,,208564,43,,,0,21,,208565,43,,,0,59,,208566,43,,,0,21,,208568,43,,,0,21,,208569,43,,,0,61,,208570,43,,,0,20,,208567,43,,,0,20,,208571,43,,,0,60,,208575,43,,,0,20,,208573,43,,,0,20,,208572,43,,,0,60,,208574,43,,,0,21,,208578,43,,,0,21,,208576,43,,,0,60,,208579,43,,,0,20,,208583,43,,,0,20,,208580,43,,,0,60,,208577,43,,,0,20,,208582,43,,,0,20,,208581,43,,,0,61,,208587,43,,,0,21,,208584,43,,,0,20,,208590,43,,,0,60,,208586,43,,,0,20,,208588,43,,,0,18,,208589,43,,,0,60,,208591,43,,,0,30,,208585,43,,,0,70,,208595,43,,,0,30,,208596,43,,,0,70,,208592,43,,,0,30,,208593,43,,,0,70,,208594,43,,,0,30,,208597,43,,,0,70,,208600,43,,,0,30,,208599,43,,,0,70,,208598,43,,,0
4301,'Sunday',537,,208601,43,,,0,64,,208602,43,,,0,24,,208603,43,,,0,24,,208604,43,,,0,64,,208605,43,,,0,24,,208606,43,,,0,64,,208607,43,,,0,24,,208608,43,,,0,24,,208609,43,,,0,64,,208610,43,,,0,24,,208611,43,,,0,65,,208612,43,,,0,29,,208613,43,,,0,18,,208614,43,,,0,58,,208615,43,,,0,21,,208616,43,,,0,21,,208617,43,,,0,59,,208618,43,,,0,21,,208619,43,,,0,21,,208620,43,,,0,61,,208621,43,,,0,20,,208622,43,,,0,20,,208623,43,,,0,60,,208624,43,,,0,20,,208625,43,,,0,20,,208626,43,,,0,60,,208627,43,,,0,21,,208628,43,,,0,21,,208629,43,,,0,60,,208630,43,,,0,20,,208631,43,,,0,20,,208632,43,,,0,60,,208633,43,,,0,20,,208634,43,,,0,20,,208635,43,,,0,61,,208636,43,,,0,21,,208637,43,,,0,20,,208638,43,,,0,60,,208639,43,,,0,20,,208640,43,,,0,18,,208641,43,,,0,60,,208642,43,,,0,30,,208643,43,,,0,70,,208644,43,,,0,30,,208645,43,,,0,70,,208646,43,,,0,30,,208647,43,,,0,70,,208648,43,,,0,30,,208649,43,,,0,70,,208650,43,,,0,30,,208651,43,,,0,70,,208652,43,,,0
4301,'Weekday',503,,208653,43,,,0,20,,208654,43,,,0,21,,208655,43,,,0,15,,208656,43,,,0,55,,208660,43,,,0,14,,208658,43,,,0,9,,208657,43,,,0,10,,208659,43,,,0,10,,208663,43,,,0,49,,208661,43,,,0,9,,208662,43,,,0,13,,208667,43,,,0,13,,208664,43,,,0,13,,208666,43,,,0,52,,208665,43,,,0,14,,208668,43,,,0,14,,208669,43,,,0,14,,208670,43,,,0,54,,208671,43,,,0,15,,208672,43,,,0,15,,208673,43,,,0,15,,208674,43,,,0,55,,208679,43,,,0,19,,208680,43,,,0,19,,208681,43,,,0,18,,208678,43,,,0,58,,208675,43,,,0,19,,208677,43,,,0,20,,208676,43,,,0,60,,208682,43,,,0,20,,208683,43,,,0,20,,208684,43,,,0,60,,208685,43,,,0,20,,208686,43,,,0,20,,208687,43,,,0,53,,208688,43,,,0,11,,208689,43,,,0,11,,208690,43,,,0,12,,208691,43,,,0,12,,208692,43,,,0,52,,208693,43,,,0,13,,208694,43,,,0,11,,208695,43,,,0,12,,208696,43,,,0,12,,208697,43,,,0,52,,208698,43,,,0,13,,208699,43,,,0,12,,208700,43,,,0,12,,208701,43,,,0,11,,208702,43,,,0,51,,208703,43,,,0,12,,208704,43,,,0,11,,208705,43,,,0,12,,208706,43,,,0,12,,208707,43,,,0,52,,208708,43,,,0,11,,208709,43,,,0,15,,208710,43,,,0,15,,208711,43,,,0,59,,208712,43,,,0,19,,208713,43,,,0,20,,208714,43,,,0,58,,208715,43,,,0,19,,208716,43,,,0,20,,208717,43,,,0,60,,208718,43,,,0,20,,208719,43,,,0,20,,208720,43,,,0,61,,208721,43,,,0,21,,208724,43,,,0,21,,208722,43,,,0,68,,208726,43,,,0,30,,208725,43,,,0,68,,208723,43,,,0,28,,208727,43,,,0,68,,208728,43,,,0
85100,'Weekday',1603,,226292,18,4,,0
85101,'Weekday',831,,226293,17,0,12 93 168 97,0
