9400,'Saturday',619,,215861,1,,,0,90,,215860,1,,,0,50,,215862,1,,,0,90,,215863,1,,,0,90,,215864,1,,,0,90,,215865,1,,,0,90,,215867,1,,,0,90,,215866,1,,,0,50,,215868,1,,,0,90,,215869,1,,,0,90,,215870,1,,,0,90,,215871,1,,,0,90,,215872,1,,,0,90,,215873,1,,,0,50,,215874,1,,,0,90,,215875,1,,,0,90,,215876,1,,,0,90,,215877,1,,,0,90,,215878,1,,,0
9400,'Sunday',619,,215879,1,,,0,90,,215880,1,,,0,50,,215882,1,,,0,90,,215881,1,,,0,90,,215883,1,,,0,90,,215884,1,,,0,90,,215886,1,,,0,90,,215887,1,,,0,50,,215888,1,,,0,90,,215885,1,,,0,90,,215889,1,,,0,90,,215890,1,,,0,90,,215891,1,,,0,90,,215892,1,,,0,50,,215893,1,,,0,90,,215894,1,,,0,90,,215895,1,,,0,90,,215896,1,,,0,90,,215897,1,,,0
9400,'Weekday',517,,215898,1,,,0,23,,215905,1,,,0,17,,215899,1,,,0,60,,215906,1,,,0,20,,215900,1,,,0,20,,215907,1,,,0,60,,215901,1,,,0,20,,215908,1,,,0,20,,215902,1,,,0,60,,215909,1,,,0,20,,215903,1,,,0,20,,215910,1,,,0,60,,215904,1,,,0,40,,215911,1,,,0,80,,215912,1,,,0,80,,215913,1,,,0,40,,215914,1,,,0,80,,215915,1,,,0,80,,215916,1,,,0,40,,215917,1,,,0,80,,215918,1,,,0,20,,215925,1,,,0,60,,215919,1,,,0,20,,215926,1,,,0,20,,215920,1,,,0,60,,215927,1,,,0,20,,215921,1,,,0,20,,215928,1,,,0,60,,215922,1,,,0,20,,215929,1,,,0,20,,215923,1,,,0,60,,215930,1,,,0,20,,215924,1,,,0,20,,215931,1,,,0,80,,215932,1,,,0,80,,215933,1,,,0,40,,215934,1,,,0,80,,215935,1,,,0,80,,215936,1,,,0,40,,215937,1,,,0,80,,215938,1,,,0
9401,'Saturday',611,,215939,21,4,,0,90,,215942,21,4,,0,50,,215943,21,4,,0,90,,215941,21,4,,0,90,,215940,21,4,,0,90,,215944,21,4,,0,90,,215945,21,4,,0,90,,215946,21,4,,0,50,,215947,21,4,,0,90,,215948,21,4,,0,90,,215949,21,4,,0,90,,215950,21,4,,0,90,,215951,21,4,,0,90,,215953,21,4,,0,50,,215954,21,4,,0,90,,215955,21,4,,0,90,,215952,21,4,,0,90,,215956,21,4,,0,90,,215957,21,4,,0,90,,215958,21,4,,0
9401,'Sunday',611,,215960,21,4,,0,90,,215959,21,4,,0,50,,215961,21,4,,0,90,,215962,21,4,,0,90,,215963,21,4,,0,90,,215964,21,4,,0,90,,215965,21,4,,0,90,,215966,21,4,,0,50,,215967,21,4,,0,90,,215969,21,4,,0,90,,215970,21,4,,0,90,,215968,21,4,,0,90,,215972,21,4,,0,90,,215971,21,4,,0,50,,215973,21,4,,0,90,,215975,21,4,,0,90,,215974,21,4,,0,90,,215976,21,4,,0,90,,215977,21,4,,0,90,,215978,21,4,,0
9401,'Weekday',551,,215979,21,4,,0,61,,215985,21,4,,0,19,,215980,21,4,,0,20,,215986,21,4,,0,60,,215981,21,4,,0,20,,215987,21,4,,0,20,,215982,21,4,,0,60,,215988,21,4,,0,20,,215983,21,4,,0,20,,215989,21,4,,0,60,,215984,21,4,,0,20,,215990,21,4,,0,20,,215991,21,4,,0,80,,215992,21,4,,0,80,,215993,21,4,,0,40,,215994,21,4,,0,80,,215995,21,4,,0,80,,215996,21,4,,0,40,,215997,21,4,,0,80,,215998,21,4,,0,20,,216006,21,4,,0,60,,215999,21,4,,0,20,,216007,21,4,,0,20,,216000,21,4,,0,60,,216008,21,4,,0,20,,216001,21,4,,0,20,,216009,21,4,,0,60,,216002,21,4,,0,20,,216010,21,4,,0,20,,216003,21,4,,0,60,,216011,21,4,,0,20,,216004,21,4,,0,20,,216012,21,4,,0,60,,216005,21,4,,0,20,,216013,21,4,,0,80,,216014,21,4,,0,40,,216015,21,4,,0,80,,216016,21,4,,0,80,,216017,21,4,,0,40,,216018,21,4,,0,80,,216019,21,4,,0,80,,216020,21,4,,0
16400,'Saturday',541,,222380,1,,,0,72,,222397,1,,,0,32,,222381,1,,,0,72,,222396,1,,,0,32,,222382,1,,,0,72,,222398,1,,,0,32,,222383,1,,,0,72,,222399,1,,,0,32,,222384,1,,,0,72,,222401,1,,,0,72,,222385,1,,,0,32,,222400,1,,,0,72,,222386,1,,,0,32,,222404,1,,,0,72,,222387,1,,,0,32,,222402,1,,,0,72,,222388,1,,,0,32,,222403,1,,,0,72,,222389,1,,,0,32,,222405,1,,,0,72,,222390,1,,,0,32,,222406,1,,,0,72,,222391,1,,,0,32,,222407,1,,,0,72,,222392,1,,,0,72,,222408,1,,,0,32,,222393,1,,,0,72,,222409,1,,,0,32,,222394,1,,,0,72,,222410,1,,,0,32,,222395,1,,,0,72,,222411,1,,,0
16400,'Sunday',541,,222412,1,,,0,72,,222428,1,,,0,32,,222413,1,,,0,72,,222430,1,,,0,32,,222414,1,,,0,72,,222429,1,,,0,32,,222415,1,,,0,72,,222432,1,,,0,32,,222416,1,,,0,72,,222431,1,,,0,72,,222417,1,,,0,32,,222433,1,,,0,72,,222418,1,,,0,32,,222434,1,,,0,72,,222419,1,,,0,32,,222435,1,,,0,72,,222420,1,,,0,32,,222436,1,,,0,72,,222422,1,,,0,32,,222437,1,,,0,72,,222421,1,,,0,32,,222438,1,,,0,72,,222423,1,,,0,32,,222439,1,,,0,72,,222424,1,,,0,72,,222440,1,,,0,32,,222425,1,,,0,72,,222441,1,,,0,32,,222426,1,,,0,72,,222442,1,,,0,32,,222427,1,,,0,72,,222443,1,,,0
16400,'Weekday',500,,222445,1,,,0,32,,222463,1,,,0,72,,222444,1,,,0,32,,222464,1,,,0,72,,222446,1,,,0,32,,222465,1,,,0,72,,222447,1,,,0,32,,222466,1,,,0,72,,222448,1,,,0,32,,222467,1,,,0,72,,222449,1,,,0,32,,222469,1,,,0,72,,222451,1,,,0,32,,222468,1,,,0,72,,222450,1,,,0,72,,222470,1,,,0,32,,222452,1,,,0,72,,222471,1,,,0,32,,222453,1,,,0,72,,222472,1,,,0,32,,222455,1,,,0,72,,222473,1,,,0,32,,222454,1,,,0,72,,222474,1,,,0,32,,222456,1,,,0,72,,222476,1,,,0,32,,222457,1,,,0,72,,222475,1,,,0,32,,222458,1,,,0,72,,222477,1,,,0,72,,222459,1,,,0,32,,222478,1,,,0,72,,222460,1,,,0,32,,222479,1,,,0,72,,222461,1,,,0,32,,222480,1,,,0,71,,222462,1,,,0
16401,'Saturday',637,,222482,35,4,,0,72,,222497,35,4,,0,32,,222481,35,4,,0,72,,222498,35,4,,0,32,,222483,35,4,,0,72,,222499,35,4,,0,32,,222484,35,4,,0,72,,222501,35,4,,0,32,,222485,35,4,,0,72,,222503,35,4,,0,32,,222486,35,4,,0,72,,222502,35,4,,0,72,,222487,35,4,,0,32,,222500,35,4,,0,72,,222488,35,4,,0,32,,222504,35,4,,0,72,,222489,35,4,,0,32,,222505,35,4,,0,72,,222490,35,4,,0,32,,222506,35,4,,0,72,,222492,35,4,,0,32,,222507,35,4,,0,72,,222493,35,4,,0,32,,222508,35,4,,0,72,,222494,35,4,,0,32,,222509,35,4,,0,72,,222491,35,4,,0,72,,222510,35,4,,0,32,,222495,35,4,,0,72,,222511,35,4,,0,32,,222496,35,4,,0
16401,'Sunday',637,,222512,35,4,,0,72,,222528,35,4,,0,32,,222513,35,4,,0,72,,222530,35,4,,0,32,,222514,35,4,,0,72,,222529,35,4,,0,32,,222515,35,4,,0,72,,222531,35,4,,0,32,,222516,35,4,,0,72,,222532,35,4,,0,32,,222517,35,4,,0,72,,222533,35,4,,0,72,,222518,35,4,,0,32,,222534,35,4,,0,72,,222519,35,4,,0,32,,222537,35,4,,0,72,,222520,35,4,,0,32,,222535,35,4,,0,72,,222521,35,4,,0,32,,222536,35,4,,0,72,,222522,35,4,,0,32,,222538,35,4,,0,72,,222523,35,4,,0,32,,222539,35,4,,0,72,,222524,35,4,,0,32,,222540,35,4,,0,72,,222525,35,4,,0,72,,222542,35,4,,0,32,,222527,35,4,,0,72,,222541,35,4,,0,32,,222526,35,4,,0
16401,'Weekday',601,,222543,35,4,,0,32,,222560,35,4,,0,72,,222544,35,4,,0,32,,222563,35,4,,0,72,,222545,35,4,,0,32,,222562,35,4,,0,72,,222546,35,4,,0,32,,222564,35,4,,0,72,,222547,35,4,,0,32,,222565,35,4,,0,72,,222548,35,4,,0,32,,222566,35,4,,0,72,,222549,35,4,,0,32,,222567,35,4,,0,72,,222550,35,4,,0,72,,222568,35,4,,0,32,,222552,35,4,,0,72,,222569,35,4,,0,32,,222551,35,4,,0,72,,222570,35,4,,0,32,,222553,35,4,,0,72,,222572,35,4,,0,32,,222554,35,4,,0,72,,222571,35,4,,0,32,,222555,35,4,,0,72,,222573,35,4,,0,32,,222556,35,4,,0,72,,222574,35,4,,0,32,,222558,35,4,,0,72,,222575,35,4,,0,72,,222557,35,4,,0,32,,222576,35,4,,0,72,,222559,35,4,,0,32,,222577,35,4,,0,72,,222561,35,4,,0,32,,222578,35,4,,0
