7700,'Saturday',606,,213563,13,,,0,44,,213564,34,,,0,85,,213565,34,,,0,85,,213566,34,,,0,85,,213568,34,,,0,45,,213569,34,,,0,85,,213570,34,,,0,85,,213567,34,,,0,85,,213571,34,,,0,45,,213572,34,,,0,85,,213573,34,,,0,85,,213575,34,,,0,85,,213576,34,,,0,45,,213577,34,,,0,85,,213574,34,,,0,85,,213578,34,,,0,85,,213580,34,,,0,45,,213583,34,,,0,85,,213584,34,,,0,85,,213579,34,,,0,85,,213581,34,,,0,45,,213582,34,,,0,85,,213585,34,,,0,92,,213586,34,,,0
7700,'Sunday',606,,213588,13,,,0,44,,213589,34,,,0,85,,213587,34,,,0,85,,213590,34,,,0,85,,213591,34,,,0,45,,213592,34,,,0,85,,213593,34,,,0,85,,213594,34,,,0,85,,213595,34,,,0,45,,213596,34,,,0,85,,213597,34,,,0,85,,213598,34,,,0,85,,213600,34,,,0,45,,213601,34,,,0,85,,213602,34,,,0,85,,213599,34,,,0,85,,213603,34,,,0,45,,213604,34,,,0,85,,213605,34,,,0,85,,213606,34,,,0,85,,213607,34,,,0,45,,213608,34,,,0,85,,213609,34,,,0,92,,213610,34,,,0
7700,'Weekday',531,,213620,13,,,0,88,,213639,34,,,0,31,,213621,34,,,0,71,,213611,34,,,0,30,,213631,34,,,0,70,,213640,34,,,0,30,,213622,34,,,0,69,,213612,34,,,0,30,,213630,34,,,0,70,,213642,34,,,0,30,,213623,34,,,0,70,,213613,34,,,0,30,,213632,34,,,0,70,,213641,34,,,0,30,,213624,34,,,0,70,,213614,34,,,0,30,,213633,34,,,0,70,,213644,34,,,0,30,,213626,34,,,0,71,,213615,34,,,0,31,,213635,34,,,0,70,,213643,34,,,0,31,,213625,34,,,0,70,,213617,34,,,0,30,,213634,34,,,0,70,,213645,34,,,0,29,,213627,34,,,0,69,,213616,34,,,0,30,,213636,34,,,0,70,,213646,34,,,0,31,,213628,34,,,0,69,,213619,34,,,0,30,,213637,34,,,0,70,,213647,34,,,0,29,,213629,34,,,0,70,,213618,34,,,0,30,,213638,34,,,0,70,,213648,34,,,0
12901,'Saturday',715,,219620,23,,,0,43,,219611,23,,,0,80,,219629,23,,,0,80,,219621,23,,,0,40,,219612,23,,,0,80,,219630,23,,,0,80,,219622,23,,,0,40,,219613,23,,,0,81,,219631,23,,,0,80,,219623,23,,,0,40,,219614,23,,,0,80,,219632,23,,,0,80,,219624,23,,,0,40,,219615,23,,,0,80,,219633,23,,,0,80,,219626,23,,,0,40,,219616,23,,,0,79,,219634,23,,,0,80,,219625,23,,,0,40,,219617,23,,,0,80,,219635,23,,,0,83,,219627,23,,,0,37,,219619,23,,,0,80,,219636,23,,,0,80,,219628,23,,,0,40,,219618,23,,,0
12901,'Sunday',715,,219646,23,,,0,43,,219637,23,,,0,80,,219655,23,,,0,80,,219647,23,,,0,40,,219638,23,,,0,80,,219656,23,,,0,80,,219648,23,,,0,40,,219639,23,,,0,81,,219657,23,,,0,80,,219649,23,,,0,40,,219640,23,,,0,80,,219658,23,,,0,80,,219650,23,,,0,40,,219641,23,,,0,80,,219660,23,,,0,80,,219651,23,,,0,40,,219642,23,,,0,79,,219659,23,,,0,80,,219652,23,,,0,40,,219643,23,,,0,80,,219661,23,,,0,83,,219653,23,,,0,37,,219644,23,,,0,80,,219662,23,,,0,80,,219654,23,,,0,40,,219645,23,,,0
12901,'Weekday',546,,219682,23,,,0,66,,219689,23,,,0,33,,219670,23,,,0,72,,219664,23,,,0,30,,219683,23,,,0,67,,219701,23,,,0,36,,219671,23,,,0,55,,219663,23,,,0,12,,219665,23,,,0,28,,219684,23,,,0,70,,219690,23,,,0,30,,219672,23,,,0,70,,219666,23,,,0,30,,219685,23,,,0,70,,219691,23,,,0,30,,219674,23,,,0,70,,219667,23,,,0,30,,219686,23,,,0,70,,219692,23,,,0,30,,219673,23,,,0,72,,219668,23,,,0,28,,219687,23,,,0,69,,219693,23,,,0,31,,219675,23,,,0,56,,219700,23,,,0,17,,219669,23,,,0,30,,219688,23,,,0,63,,219694,23,,,0,30,,219676,23,,,0,70,,219695,23,,,0,29,,219677,23,,,0,68,,219696,23,,,0,30,,219678,23,,,0,70,,219697,23,,,0,30,,219679,23,,,0,70,,219698,23,,,0,30,,219680,23,,,0,70,,219699,23,,,0,30,,219681,23,,,0
15400,'Saturday',616,,221350,16,,,0,85,,221349,36,,,0,45,,221353,36,,,0,85,,221351,36,,,0,85,,221352,36,,,0,85,,221354,36,,,0,45,,221355,36,,,0,85,,221357,36,,,0,85,,221359,36,,,0,86,,221360,36,,,0,45,,221361,36,,,0,85,,221358,36,,,0,85,,221363,36,,,0,85,,221364,36,,,0,45,,221365,36,,,0,85,,221366,36,,,0,84,,221356,36,,,0,85,,221367,36,,,0,45,,221368,36,,,0,85,,221362,36,,,0
15400,'Sunday',616,,221369,16,,,0,85,,221370,36,,,0,45,,221371,36,,,0,85,,221372,36,,,0,85,,221373,36,,,0,85,,221374,36,,,0,45,,221375,36,,,0,85,,221376,36,,,0,85,,221378,36,,,0,86,,221379,36,,,0,45,,221380,36,,,0,85,,221377,36,,,0,85,,221381,36,,,0,85,,221382,36,,,0,45,,221383,36,,,0,85,,221384,36,,,0,84,,221385,36,,,0,85,,221386,36,,,0,45,,221387,36,,,0,85,,221388,36,,,0
15400,'Weekday',535,,221419,16,,,0,24,,221389,36,,,0,70,,221408,36,,,0,30,,221417,36,,,0,70,,221399,36,,,0,30,,221391,36,,,0,70,,221410,36,,,0,30,,221420,36,,,0,69,,221400,36,,,0,30,,221390,36,,,0,70,,221409,36,,,0,30,,221421,36,,,0,70,,221401,36,,,0,30,,221392,36,,,0,70,,221411,36,,,0,30,,221422,36,,,0,70,,221402,36,,,0,30,,221393,36,,,0,70,,221413,36,,,0,30,,221423,36,,,0,72,,221403,36,,,0,74,,221394,36,,,0,28,,221412,36,,,0,70,,221424,36,,,0,32,,221404,36,,,0,70,,221395,36,,,0,28,,221414,36,,,0,69,,221425,36,,,0,28,,221405,36,,,0,30,,221396,36,,,0,70,,221416,36,,,0,30,,221426,36,,,0,72,,221406,36,,,0,70,,221397,36,,,0,30,,221415,36,,,0,70,,221427,36,,,0,28,,221407,36,,,0,30,,221398,36,,,0,70,,221418,36,,,0,30,,221428,36,,,0
70601,'Weekday',750,,225979,24,0,130 184 64,0
79601,'Weekday',834,,226198,13,0,191 192 16,0
