301,'Saturday',554,,202169,24,,,0,65,,202177,24,,,0,20,,202187,24,,,0,20,,202195,24,,,0,57,,202203,24,,,0,20,,202210,24,,,0,20,,202217,24,,,0,60,,202170,24,,,0,20,,202178,24,,,0,21,,202185,24,,,0,60,,202197,24,,,0,20,,202204,24,,,0,20,,202211,24,,,0,60,,202219,24,,,0,20,,202171,24,,,0,20,,202180,24,,,0,60,,202188,24,,,0,20,,202196,24,,,0,21,,202205,24,,,0,61,,202212,24,,,0,20,,202220,24,,,0,20,,202172,24,,,0,60,,202181,24,,,0,20,,202190,24,,,0,20,,202198,24,,,0,60,,202206,24,,,0,20,,202213,24,,,0,20,,202221,24,,,0,60,,202173,24,,,0,20,,202179,24,,,0,20,,202189,24,,,0,60,,202199,24,,,0,20,,202207,24,,,0,20,,202214,24,,,0,60,,202222,24,,,0,20,,202174,24,,,0,19,,202182,24,,,0,59,,202191,24,,,0,20,,202200,24,,,0,20,,202209,24,,,0,60,,202215,24,,,0,20,,202223,24,,,0,20,,202175,24,,,0,60,,202183,24,,,0,20,,202192,24,,,0,20,,202201,24,,,0,60,,202208,24,,,0,20,,202216,24,,,0,20,,202224,24,,,0,60,,202176,24,,,0,19,,202184,24,,,0,20,,202193,24,,,0,72,,202202,24,,,0,31,,202218,24,,,0,74,,202186,24,,,0,75,,202194,24,,,0
301,'Sunday',554,,202228,24,,,0,65,,202233,24,,,0,20,,202242,24,,,0,20,,202251,24,,,0,57,,202259,24,,,0,20,,202266,24,,,0,20,,202274,24,,,0,60,,202226,24,,,0,20,,202234,24,,,0,21,,202243,24,,,0,60,,202252,24,,,0,20,,202260,24,,,0,20,,202267,24,,,0,60,,202275,24,,,0,20,,202225,24,,,0,20,,202235,24,,,0,60,,202244,24,,,0,20,,202253,24,,,0,21,,202261,24,,,0,61,,202268,24,,,0,20,,202276,24,,,0,20,,202227,24,,,0,60,,202236,24,,,0,20,,202245,24,,,0,20,,202254,24,,,0,60,,202262,24,,,0,20,,202269,24,,,0,20,,202277,24,,,0,60,,202229,24,,,0,20,,202237,24,,,0,20,,202246,24,,,0,60,,202255,24,,,0,20,,202263,24,,,0,20,,202270,24,,,0,60,,202278,24,,,0,20,,202230,24,,,0,19,,202238,24,,,0,59,,202247,24,,,0,20,,202258,24,,,0,20,,202264,24,,,0,60,,202271,24,,,0,20,,202279,24,,,0,20,,202231,24,,,0,60,,202239,24,,,0,20,,202248,24,,,0,20,,202256,24,,,0,60,,202265,24,,,0,20,,202272,24,,,0,20,,202280,24,,,0,60,,202232,24,,,0,19,,202240,24,,,0,20,,202249,24,,,0,72,,202257,24,,,0,31,,202273,24,,,0,74,,202241,24,,,0,75,,202250,24,,,0
301,'Weekday',441,,202282,24,,,0,82,,202319,24,,,0,20,,202299,24,,,0,60,,202311,24,,,0,21,,202316,24,,,0,14,,202331,24,,,0,15,,202283,24,,,0,53,,202343,24,,,0,13,,202336,24,,,0,6,,202284,24,,,0,7,,202304,24,,,0,7,,202291,24,,,0,6,,202320,24,,,0,7,,202292,24,,,0,6,,202293,24,,,0,47,,202300,24,,,0,6,,202342,24,,,0,6,,202294,24,,,0,7,,202312,24,,,0,6,,202372,24,,,0,7,,202351,24,,,0,7,,202285,24,,,0,6,,202317,24,,,0,7,,202281,24,,,0,46,,202332,24,,,0,14,,202359,24,,,0,17,,202344,24,,,0,15,,202337,24,,,0,55,,202305,24,,,0,15,,202321,24,,,0,15,,202301,24,,,0,10,,202313,24,,,0,15,,202352,24,,,0,55,,202286,24,,,0,15,,202333,24,,,0,15,,202360,24,,,0,15,,202345,24,,,0,55,,202338,24,,,0,15,,202306,24,,,0,15,,202322,24,,,0,15,,202302,24,,,0,55,,202314,24,,,0,15,,202353,24,,,0,15,,202287,24,,,0,15,,202334,24,,,0,55,,202361,24,,,0,15,,202346,24,,,0,15,,202339,24,,,0,15,,202307,24,,,0,56,,202323,24,,,0,11,,202303,24,,,0,14,,202328,24,,,0,6,,202315,24,,,0,7,,202367,24,,,0,47,,202295,24,,,0,6,,202354,24,,,0,7,,202296,24,,,0,6,,202288,24,,,0,6,,202297,24,,,0,7,,202335,24,,,0,3,,202358,5,0,120 47,0,10,,202362,24,,,0,3,,202298,5,0,120 47,0,10,,202347,24,,,0,53,,202318,24,,,0,13,,202340,24,,,0,13,,202308,24,,,0,13,,202324,24,,,0,51,,202366,24,,,0,12,,202329,24,,,0,13,,202368,24,,,0,15,,202355,24,,,0,15,,202289,24,,,0,55,,202363,24,,,0,15,,202348,24,,,0,15,,202341,24,,,0,15,,202309,24,,,0,55,,202325,24,,,0,15,,202330,24,,,0,15,,202369,24,,,0,15,,202356,24,,,0,55,,202290,24,,,0,19,,202364,24,,,0,18,,202349,24,,,0,61,,202310,24,,,0,21,,202326,24,,,0,22,,202370,24,,,0,62,,202357,24,,,0,20,,202365,24,,,0,72,,202350,24,,,0,29,,202327,24,,,0,72,,202371,24,,,0
30101,'Saturday',627,,223227,10,,,0,16,,223241,10,,,0,16,,223254,10,,,0,56,,223268,10,,,0,16,,223277,10,,,0,16,,223226,10,,,0,56,,223240,10,,,0,16,,223255,10,,,0,16,,223267,10,,,0,16,,223280,10,,,0,56,,223228,10,,,0,16,,223242,10,,,0,16,,223256,10,,,0,16,,223269,10,,,0,57,,223282,10,,,0,17,,223229,10,,,0,16,,223243,10,,,0,56,,223257,10,,,0,16,,223271,10,,,0,16,,223283,10,,,0,20,,223231,10,,,0,56,,223244,10,,,0,16,,223258,10,,,0,16,,223272,10,,,0,16,,223284,10,,,0,56,,223230,10,,,0,16,,223245,10,,,0,16,,223259,10,,,0,56,,223273,10,,,0,16,,223285,10,,,0,16,,223232,10,,,0,16,,223246,10,,,0,56,,223260,10,,,0,16,,223270,10,,,0,16,,223286,10,,,0,16,,223233,10,,,0,56,,223247,10,,,0,16,,223261,10,,,0,16,,223274,10,,,0,16,,223287,10,,,0,56,,223234,10,,,0,16,,223248,10,,,0,16,,223262,10,,,0,56,,223276,10,,,0,16,,223288,10,,,0,15,,223235,10,,,0,15,,223249,10,,,0,54,,223263,10,,,0,16,,223275,10,,,0,16,,223289,10,,,0,16,,223236,10,,,0,55,,223250,10,,,0,16,,223264,10,,,0,16,,223278,10,,,0,16,,223290,10,,,0,56,,223237,10,,,0,15,,223251,10,,,0,16,,223265,10,,,0,16,,223279,10,,,0,56,,223291,10,,,0,16,,223238,10,,,0,15,,223252,10,,,0,16,,223266,10,,,0,56,,223281,10,,,0,16,,223292,10,,,0,16,,223239,10,,,0,56,,223253,10,,,0,32,,223294,10,,,0,72,,223293,10,,,0
30101,'Sunday',627,,223295,10,,,0,16,,223307,10,,,0,16,,223322,10,,,0,56,,223333,10,,,0,16,,223346,10,,,0,16,,223296,10,,,0,56,,223309,10,,,0,16,,223321,10,,,0,16,,223334,10,,,0,16,,223349,10,,,0,56,,223297,10,,,0,16,,223310,10,,,0,16,,223324,10,,,0,16,,223335,10,,,0,57,,223347,10,,,0,17,,223298,10,,,0,16,,223311,10,,,0,56,,223323,10,,,0,16,,223336,10,,,0,16,,223348,10,,,0,20,,223299,10,,,0,56,,223312,10,,,0,16,,223326,10,,,0,16,,223337,10,,,0,16,,223352,10,,,0,56,,223300,10,,,0,16,,223313,10,,,0,16,,223325,10,,,0,56,,223338,10,,,0,16,,223351,10,,,0,16,,223301,10,,,0,16,,223314,10,,,0,56,,223327,10,,,0,16,,223339,10,,,0,16,,223353,10,,,0,16,,223302,10,,,0,56,,223315,10,,,0,16,,223328,10,,,0,16,,223340,10,,,0,16,,223350,10,,,0,56,,223303,10,,,0,16,,223316,10,,,0,16,,223329,10,,,0,56,,223341,10,,,0,16,,223354,10,,,0,15,,223304,10,,,0,15,,223317,10,,,0,54,,223330,10,,,0,16,,223342,10,,,0,16,,223355,10,,,0,16,,223306,10,,,0,55,,223318,10,,,0,16,,223331,10,,,0,16,,223343,10,,,0,16,,223358,10,,,0,56,,223305,10,,,0,15,,223320,10,,,0,16,,223332,10,,,0,16,,223345,10,,,0,56,,223356,10,,,0,16,,223308,10,,,0,15,,223319,10,,,0,16,,223344,10,,,0,56,,223357,10,,,0,16,,223359,10,,,0,16,,223360,10,,,0,56,,223361,10,,,0,32,,223362,10,,,0,72,,223363,10,,,0
30101,'Weekday',519,,223364,10,,,0,18,,223370,10,,,0,20,,223389,10,,,0,62,,223391,10,,,0,11,,223393,10,,,0,10,,223379,10,,,0,2,,223473,10,,,0,2,,223471,10,,,0,6,,223402,10,,,0,5,,223447,10,,,0,45,,223366,10,,,0,5,,223445,10,,,0,6,,223369,10,,,0,9,,223407,10,,,0,6,,223428,10,,,0,5,,223388,10,,,0,4,,223427,10,,,0,5,,223412,10,,,0,5,,223433,10,,,0,6,,223392,10,,,0,5,,223437,10,,,0,45,,223394,10,,,0,5,,223434,10,,,0,2,,223472,10,,,0,3,,223380,10,,,0,5,,223431,10,,,0,5,,223403,10,,,0,5,,223429,10,,,0,5,,223365,10,,,0,5,,223430,10,,,0,5,,223371,10,,,0,5,,223432,10,,,0,5,,223408,10,,,0,5,,223446,10,,,0,45,,223390,10,,,0,7,,223444,10,,,0,3,,223413,10,,,0,15,,223453,10,,,0,16,,223452,10,,,0,14,,223465,10,,,0,54,,223457,10,,,0,14,,223455,10,,,0,14,,223460,10,,,0,14,,223466,10,,,0,54,,223454,10,,,0,14,,223464,10,,,0,14,,223458,10,,,0,14,,223470,10,,,0,54,,223461,10,,,0,14,,223467,10,,,0,14,,223456,10,,,0,14,,223463,10,,,0,14,,223459,10,,,0,54,,223469,10,,,0,14,,223462,10,,,0,14,,223468,10,,,0,14,,223451,10,,,0,55,,223449,10,,,0,14,,223450,10,,,0,21,,223409,10,,,0,6,,223414,10,,,0,52,,223395,10,,,0,11,,223419,10,,,0,11,,223381,10,,,0,10,,223404,10,,,0,11,,223367,10,,,0,5,,223435,10,,,0,5,,223373,10,,,0,46,,223436,10,,,0,5,,223423,10,,,0,5,,223438,10,,,0,5,,223410,10,,,0,5,,223440,10,,,0,5,,223415,10,,,0,6,,223425,10,,,0,4,,223439,10,,,0,5,,223441,10,,,0,5,,223397,10,,,0,5,,223448,10,,,0,5,,223422,10,,,0,50,,223382,10,,,0,10,,223405,10,,,0,5,,223474,10,,,0,5,,223368,10,,,0,10,,223372,10,,,0,10,,223424,10,,,0,10,,223411,10,,,0,50,,223416,10,,,0,10,,223426,10,,,0,9,,223396,10,,,0,9,,223383,10,,,0,13,,223406,10,,,0,60,,223374,10,,,0,20,,223418,10,,,0,20,,223398,10,,,0,60,,223384,10,,,0,20,,223375,10,,,0,20,,223417,10,,,0,60,,223400,10,,,0,20,,223386,10,,,0,20,,223376,10,,,0,59,,223420,10,,,0,19,,223399,10,,,0,20,,223385,10,,,0,60,,223377,10,,,0,20,,223421,10,,,0,20,,223401,10,,,0,60,,223387,10,,,0,20,,223378,10,,,0,21,,223443,10,,,0,60,,223442,10,,,0
50001,'Saturday',556,,225611,12,,,0,71,,225621,12,,,0,31,,225632,12,,,0,71,,225612,12,,,0,72,,225622,12,,,0,32,,225630,12,,,0,72,,225613,12,,,0,35,,225624,12,,,0,73,,225633,12,,,0,33,,225616,12,,,0,73,,225625,12,,,0,33,,225634,12,,,0,73,,225614,12,,,0,33,,225623,12,,,0,73,,225635,12,,,0,73,,225615,12,,,0,33,,225626,12,,,0,73,,225636,12,,,0,33,,225617,12,,,0,73,,225629,12,,,0,33,,225637,12,,,0,73,,225618,12,,,0,33,,225627,12,,,0,73,,225638,12,,,0,73,,225619,12,,,0,33,,225628,12,,,0,73,,225639,12,,,0,31,,225620,12,,,0,72,,225631,12,,,0,33,,225641,12,,,0,72,,225644,12,,,0,32,,225645,12,,,0,72,,225640,12,,,0,32,,225646,12,,,0,72,,225642,12,,,0,32,,225643,12,,,0
50001,'Sunday',556,,225682,12,,,0,71,,225680,12,,,0,31,,225681,12,,,0,71,,225679,12,,,0,72,,225678,12,,,0,32,,225677,12,,,0,72,,225676,12,,,0,35,,225674,12,,,0,73,,225675,12,,,0,33,,225671,12,,,0,73,,225670,12,,,0,33,,225673,12,,,0,73,,225672,12,,,0,33,,225669,12,,,0,73,,225668,12,,,0,73,,225667,12,,,0,33,,225665,12,,,0,73,,225666,12,,,0,33,,225662,12,,,0,73,,225663,12,,,0,33,,225664,12,,,0,73,,225661,12,,,0,33,,225659,12,,,0,73,,225660,12,,,0,73,,225658,12,,,0,33,,225657,12,,,0,73,,225656,12,,,0,31,,225654,12,,,0,72,,225655,12,,,0,33,,225653,12,,,0,72,,225652,12,,,0,32,,225647,12,,,0,72,,225651,12,,,0,32,,225650,12,,,0,72,,225648,12,,,0,32,,225649,12,,,0
50001,'Weekday',546,,225684,12,,,0,61,,225690,12,,,0,23,,225691,12,,,0,22,,225692,12,,,0,66,,225689,12,,,0,25,,225693,12,,,0,65,,225694,12,,,0,26,,225695,12,,,0,67,,225696,12,,,0,27,,225697,12,,,0,25,,225698,12,,,0,66,,225699,12,,,0,27,,225700,12,,,0,66,,225701,12,,,0,25,,225702,12,,,0,65,,225703,12,,,0,26,,225704,12,,,0,26,,225705,12,,,0,66,,225706,12,,,0,26,,225707,12,,,0,66,,225708,12,,,0,26,,225709,12,,,0,66,,225710,12,,,0,28,,225711,12,,,0,69,,225712,12,,,0,27,,225713,12,,,0,28,,225714,12,,,0,68,,225715,12,,,0,28,,225716,12,,,0,64,,225728,12,,,0,26,,225717,12,,,0,64,,225718,12,,,0,24,,225719,12,,,0,24,,225721,12,,,0,64,,225722,12,,,0,23,,225723,12,,,0,64,,225720,12,,,0,24,,225724,12,,,0,24,,225725,12,,,0,63,,225726,12,,,0,23,,225727,12,,,0,64,,225686,12,,,0,24,,225688,12,,,0,23,,225685,12,,,0,63,,225687,12,,,0,24,,225683,12,,,0,64,,225729,12,,,0,22,,225730,12,,,0,23,,225731,12,,,0
50301,'Saturday',537,,225832,10,,,0,77,,225833,10,,,0,37,,225831,10,,,0,77,,225834,10,,,0,77,,225845,10,,,0,37,,225838,10,,,0,77,,225842,10,,,0,37,,225846,10,,,0,80,,225839,10,,,0,77,,225843,10,,,0,37,,225837,10,,,0,77,,225835,10,,,0,77,,225844,10,,,0,37,,225840,10,,,0,77,,225841,10,,,0,37,,225847,10,,,0,77,,225836,10,,,0,77,,225848,10,,,0,37,,225849,10,,,0,77,,225850,10,,,0,77,,225851,10,,,0,37,,225853,10,,,0,76,,225852,10,,,0,35,,225854,10,,,0,77,,225855,10,,,0,77,,225857,10,,,0,36,,225856,10,,,0,77,,225858,10,,,0
50301,'Sunday',537,,225870,10,,,0,77,,225877,10,,,0,37,,225863,10,,,0,77,,225869,10,,,0,77,,225874,10,,,0,37,,225864,10,,,0,77,,225871,10,,,0,37,,225875,10,,,0,80,,225865,10,,,0,77,,225872,10,,,0,37,,225862,10,,,0,77,,225860,10,,,0,77,,225873,10,,,0,37,,225866,10,,,0,77,,225867,10,,,0,37,,225878,10,,,0,77,,225861,10,,,0,77,,225868,10,,,0,37,,225876,10,,,0,77,,225859,10,,,0,77,,225879,10,,,0,37,,225881,10,,,0,76,,225880,10,,,0,35,,225882,10,,,0,77,,225883,10,,,0,77,,225884,10,,,0,36,,225885,10,,,0,77,,225886,10,,,0
50301,'Weekday',542,,225887,10,,,0,70,,225888,10,,,0,31,,225889,10,,,0,16,,225890,10,,,0,56,,225897,10,,,0,16,,225891,10,,,0,16,,225899,10,,,0,56,,225893,10,,,0,16,,225896,10,,,0,16,,225894,10,,,0,16,,225895,10,,,0,56,,225898,10,,,0,15,,225892,10,,,0,15,,225907,10,,,0,17,,225903,10,,,0,68,,225901,10,,,0,28,,225905,10,,,0,68,,225900,10,,,0,28,,225902,10,,,0,68,,225904,10,,,0,28,,225906,10,,,0,68,,225908,10,,,0,28,,225912,10,,,0,68,,225910,10,,,0,28,,225914,10,,,0,68,,225909,10,,,0,29,,225913,10,,,0,26,,225911,10,,,0,56,,225915,10,,,0,16,,225921,10,,,0,16,,225922,10,,,0,56,,225917,10,,,0,16,,225923,10,,,0,16,,225918,10,,,0,16,,225919,10,,,0,56,,225925,10,,,0,15,,225920,10,,,0,15,,225924,10,,,0,16,,225916,10,,,0,68,,225927,10,,,0,28,,225929,10,,,0,68,,225930,10,,,0,28,,225926,10,,,0,67,,225928,10,,,0,27,,225931,10,,,0,68,,225933,10,,,0,28,,225932,10,,,0
