300,'Saturday',635,,201993,48,,,0,18,,202002,48,,,0,60,,202009,48,,,0,20,,201963,48,,,0,20,,201970,48,,,0,60,,201978,48,,,0,20,,201986,48,,,0,20,,201995,48,,,0,60,,202003,48,,,0,20,,202012,48,,,0,20,,201964,48,,,0,60,,201971,48,,,0,21,,201979,48,,,0,20,,201987,48,,,0,60,,201997,48,,,0,20,,202004,48,,,0,20,,202013,48,,,0,61,,201965,48,,,0,21,,201973,48,,,0,21,,201980,48,,,0,60,,201988,48,,,0,20,,201996,48,,,0,20,,202005,48,,,0,60,,202014,48,,,0,20,,201966,48,,,0,21,,201972,48,,,0,60,,201982,48,,,0,20,,201989,48,,,0,20,,201998,48,,,0,60,,202006,48,,,0,20,,202015,48,,,0,20,,201967,48,,,0,60,,201974,48,,,0,20,,201981,48,,,0,20,,201994,48,,,0,59,,201999,48,,,0,20,,202007,48,,,0,19,,202017,48,,,0,60,,201968,48,,,0,21,,201975,48,,,0,20,,201984,48,,,0,60,,201990,48,,,0,20,,202000,48,,,0,20,,202008,48,,,0,60,,202016,48,,,0,20,,201969,48,,,0,20,,201976,48,,,0,59,,201983,48,,,0,20,,201991,48,,,0,20,,202001,48,,,0,60,,202010,48,,,0,20,,202018,48,,,0,66,,201977,48,,,0,33,,201985,48,,,0,65,,201992,48,,,0,35,,202011,48,,,0
300,'Sunday',635,,202050,48,,,0,18,,202060,48,,,0,60,,202067,48,,,0,20,,202019,48,,,0,20,,202026,48,,,0,60,,202034,48,,,0,20,,202043,48,,,0,20,,202052,48,,,0,60,,202058,48,,,0,20,,202068,48,,,0,20,,202020,48,,,0,60,,202027,48,,,0,21,,202035,48,,,0,20,,202042,48,,,0,60,,202051,48,,,0,20,,202059,48,,,0,20,,202069,48,,,0,61,,202021,48,,,0,21,,202028,48,,,0,21,,202036,48,,,0,60,,202044,48,,,0,20,,202053,48,,,0,20,,202061,48,,,0,60,,202070,48,,,0,20,,202023,48,,,0,21,,202029,48,,,0,60,,202037,48,,,0,20,,202046,48,,,0,20,,202054,48,,,0,60,,202062,48,,,0,20,,202071,48,,,0,20,,202022,48,,,0,60,,202031,48,,,0,20,,202039,48,,,0,20,,202045,48,,,0,59,,202055,48,,,0,20,,202063,48,,,0,19,,202072,48,,,0,60,,202024,48,,,0,21,,202030,48,,,0,20,,202038,48,,,0,60,,202047,48,,,0,20,,202057,48,,,0,20,,202065,48,,,0,60,,202073,48,,,0,20,,202025,48,,,0,20,,202032,48,,,0,59,,202040,48,,,0,20,,202048,48,,,0,20,,202056,48,,,0,60,,202064,48,,,0,20,,202074,48,,,0,66,,202033,48,,,0,33,,202041,48,,,0,65,,202049,48,,,0,35,,202066,48,,,0
300,'Weekday',512,,202104,48,,,0,20,,202109,48,,,0,20,,202123,48,,,0,60,,202076,48,,,0,27,,202129,48,,,0,19,,202112,48,,,0,56,,202092,48,,,0,15,,202136,48,,,0,13,,202105,48,,,0,7,,202167,48,,,0,6,,202145,48,,,0,47,,202078,48,,,0,6,,202110,48,,,0,7,,202075,48,,,0,6,,202124,48,,,0,7,,202153,48,,,0,6,,202077,48,,,0,13,,202137,48,,,0,54,,202130,48,,,0,15,,202097,48,,,0,12,,202113,48,,,0,17,,202093,48,,,0,56,,202106,48,,,0,15,,202146,48,,,0,15,,202079,48,,,0,15,,202125,48,,,0,55,,202154,48,,,0,15,,202138,48,,,0,15,,202131,48,,,0,15,,202098,48,,,0,55,,202114,48,,,0,15,,202094,48,,,0,15,,202107,48,,,0,15,,202147,48,,,0,55,,202080,48,,,0,15,,202126,48,,,0,15,,202155,48,,,0,15,,202139,48,,,0,55,,202132,48,,,0,15,,202099,48,,,0,15,,202115,48,,,0,15,,202095,48,,,0,56,,202108,48,,,0,7,,202162,48,,,0,9,,202085,48,,,0,4,,202148,48,,,0,6,,202086,48,,,0,8,,202081,48,,,0,7,,202087,48,,,0,8,,202127,48,,,0,7,,202088,48,,,0,47,,202156,48,,,0,6,,202089,37,,,0,7,,202140,48,,,0,6,,202090,37,,,0,7,,202111,48,,,0,6,,202091,37,,,0,7,,202133,48,,,0,6,,202152,21,0,117,0,7,,202100,48,,,0,46,,202168,21,0,117,0,7,,202116,48,,,0,6,,202161,21,0,117,0,7,,202096,48,,,0,13,,202120,48,,,0,13,,202163,48,,,0,51,,202149,48,,,0,11,,202082,48,,,0,14,,202128,48,,,0,11,,202157,48,,,0,12,,202141,48,,,0,55,,202134,48,,,0,15,,202101,48,,,0,15,,202117,48,,,0,15,,202121,48,,,0,55,,202164,48,,,0,15,,202150,48,,,0,15,,202083,48,,,0,15,,202158,48,,,0,55,,202142,48,,,0,15,,202135,48,,,0,15,,202102,48,,,0,15,,202118,48,,,0,55,,202122,48,,,0,15,,202165,48,,,0,21,,202151,48,,,0,20,,202159,48,,,0,64,,202143,48,,,0,24,,202103,48,,,0,57,,202119,48,,,0,31,,202166,48,,,0,65,,202160,48,,,0,35,,202144,48,,,0
30100,'Saturday',656,,222975,9,,,0,59,,222989,9,,,0,16,,223001,9,,,0,16,,223014,9,,,0,56,,223027,9,,,0,16,,222976,9,,,0,16,,222988,9,,,0,16,,223002,9,,,0,56,,223015,9,,,0,16,,223028,9,,,0,16,,222977,9,,,0,16,,222990,9,,,0,57,,223003,9,,,0,18,,223016,9,,,0,16,,223030,9,,,0,56,,222978,9,,,0,16,,222991,9,,,0,16,,223005,9,,,0,16,,223017,9,,,0,56,,223029,9,,,0,20,,222979,9,,,0,16,,222992,9,,,0,16,,223004,9,,,0,56,,223018,9,,,0,16,,223031,9,,,0,16,,222980,9,,,0,56,,222994,9,,,0,16,,223006,9,,,0,16,,223019,9,,,0,16,,223032,9,,,0,56,,222982,9,,,0,16,,222993,9,,,0,16,,223009,9,,,0,16,,223020,9,,,0,56,,223033,9,,,0,16,,222983,9,,,0,16,,222995,9,,,0,16,,223007,9,,,0,56,,223021,9,,,0,16,,223034,9,,,0,16,,222984,9,,,0,56,,222996,9,,,0,16,,223008,9,,,0,16,,223022,9,,,0,13,,223035,9,,,0,56,,222981,9,,,0,15,,222997,9,,,0,16,,223010,9,,,0,16,,223023,9,,,0,56,,223036,9,,,0,16,,222985,9,,,0,16,,222998,9,,,0,15,,223011,9,,,0,56,,223025,9,,,0,16,,223037,9,,,0,16,,222987,9,,,0,16,,222999,9,,,0,55,,223012,9,,,0,16,,223024,9,,,0,16,,223038,9,,,0,56,,222986,9,,,0,16,,223000,9,,,0,16,,223013,9,,,0,16,,223026,9,,,0,55,,223039,9,,,0,15,,223041,9,,,0,20,,222974,9,,,0,65,,223040,9,,,0
30100,'Sunday',656,,223043,9,,,0,59,,223056,9,,,0,16,,223069,9,,,0,16,,223080,9,,,0,56,,223092,9,,,0,16,,223042,9,,,0,16,,223054,9,,,0,16,,223068,9,,,0,56,,223082,9,,,0,16,,223096,9,,,0,16,,223045,9,,,0,16,,223057,9,,,0,57,,223071,9,,,0,18,,223081,9,,,0,16,,223095,9,,,0,56,,223044,9,,,0,16,,223059,9,,,0,16,,223072,9,,,0,16,,223083,9,,,0,56,,223097,9,,,0,20,,223046,9,,,0,16,,223060,9,,,0,16,,223073,9,,,0,56,,223084,9,,,0,16,,223093,9,,,0,16,,223047,9,,,0,56,,223061,9,,,0,16,,223070,9,,,0,16,,223085,9,,,0,16,,223098,9,,,0,56,,223048,9,,,0,16,,223058,9,,,0,16,,223075,9,,,0,16,,223086,9,,,0,56,,223094,9,,,0,16,,223049,9,,,0,16,,223062,9,,,0,16,,223076,9,,,0,56,,223087,9,,,0,16,,223103,9,,,0,16,,223050,9,,,0,56,,223063,9,,,0,16,,223074,9,,,0,16,,223089,9,,,0,13,,223102,9,,,0,56,,223051,9,,,0,15,,223065,9,,,0,16,,223077,9,,,0,16,,223088,9,,,0,56,,223100,9,,,0,16,,223052,9,,,0,16,,223064,9,,,0,15,,223079,9,,,0,56,,223090,9,,,0,16,,223101,9,,,0,16,,223053,9,,,0,16,,223066,9,,,0,55,,223078,9,,,0,16,,223091,9,,,0,16,,223099,9,,,0,56,,223055,9,,,0,16,,223067,9,,,0,16,,223105,9,,,0,16,,223104,9,,,0,55,,223106,9,,,0,15,,223107,9,,,0,20,,223109,9,,,0,65,,223108,9,,,0
30100,'Weekday',538,,223125,9,,,0,20,,223110,9,,,0,60,,223116,9,,,0,20,,223136,9,,,0,20,,223138,9,,,0,45,,223184,9,,,0,5,,223140,9,,,0,5,,223186,9,,,0,5,,223126,9,,,0,2,,223222,9,,,0,3,,223187,9,,,0,5,,223151,9,,,0,5,,223185,9,,,0,5,,223111,9,,,0,5,,223182,9,,,0,5,,223117,9,,,0,5,,223188,9,,,0,5,,223156,9,,,0,45,,223183,9,,,0,7,,223137,9,,,0,8,,223160,9,,,0,10,,223139,9,,,0,10,,223141,9,,,0,5,,223199,9,,,0,5,,223127,9,,,0,10,,223150,9,,,0,50,,223112,9,,,0,14,,223202,9,,,0,14,,223203,9,,,0,14,,223210,9,,,0,54,,223219,9,,,0,14,,223205,9,,,0,14,,223213,9,,,0,14,,223208,9,,,0,54,,223220,9,,,0,14,,223212,9,,,0,14,,223218,9,,,0,14,,223207,9,,,0,14,,223214,9,,,0,54,,223209,9,,,0,14,,223221,9,,,0,14,,223211,9,,,0,14,,223217,9,,,0,54,,223206,9,,,0,14,,223215,9,,,0,14,,223216,9,,,0,15,,223204,9,,,0,53,,223161,9,,,0,14,,223142,9,,,0,12,,223128,9,,,0,12,,223152,9,,,0,12,,223113,9,,,0,52,,223118,9,,,0,10,,223175,9,,,0,10,,223157,9,,,0,5,,223177,9,,,0,5,,223162,9,,,0,5,,223179,9,,,0,5,,223143,9,,,0,5,,223178,9,,,0,6,,223170,9,,,0,45,,223200,9,,,0,6,,223130,9,,,0,5,,223201,9,,,0,6,,223154,9,,,0,5,,223224,9,,,0,5,,223114,9,,,0,5,,223180,9,,,0,5,,223119,9,,,0,2,,223196,6,,,0,3,,223176,9,,,0,5,,223171,9,,,0,5,,223181,9,,,0,5,,223158,9,,,0,45,,223190,9,,,0,5,,223163,9,,,0,5,,223191,9,,,0,5,,223173,9,,,0,4,,223189,9,,,0,5,,223145,9,,,0,4,,223192,9,,,0,5,,223172,9,,,0,5,,223193,9,,,0,5,,223129,9,,,0,5,,223197,9,,,0,5,,223153,9,,,0,45,,223198,9,,,0,2,,223223,9,,,0,3,,223115,9,,,0,10,,223120,9,,,0,10,,223169,9,,,0,10,,223159,9,,,0,8,,223164,9,,,0,10,,223174,9,,,0,52,,223144,9,,,0,12,,223131,9,,,0,12,,223155,9,,,0,12,,223122,9,,,0,60,,223165,9,,,0,20,,223146,9,,,0,20,,223132,9,,,0,60,,223121,9,,,0,20,,223166,9,,,0,20,,223147,9,,,0,60,,223133,9,,,0,20,,223123,9,,,0,20,,223167,9,,,0,60,,223148,9,,,0,20,,223134,9,,,0,22,,223124,9,,,0,61,,223168,9,,,0,19,,223149,9,,,0,18,,223135,9,,,0,65,,223195,9,,,0,35,,223194,9,,,0
30100,'Weekday1111000',1614,,223225,4,,,0
50000,'Saturday',506,,225480,12,,,0,30,,225491,12,,,0,70,,225499,12,,,0,30,,225482,12,,,0,71,,225490,12,,,0,31,,225498,12,,,0,71,,225481,12,,,0,32,,225492,12,,,0,73,,225500,12,,,0,33,,225483,12,,,0,74,,225494,12,,,0,33,,225501,12,,,0,73,,225484,12,,,0,73,,225493,12,,,0,33,,225502,12,,,0,73,,225486,12,,,0,33,,225504,12,,,0,73,,225487,12,,,0,33,,225495,12,,,0,73,,225503,12,,,0,33,,225485,12,,,0,73,,225496,12,,,0,33,,225505,12,,,0,73,,225489,12,,,0,73,,225506,12,,,0,33,,225488,12,,,0,73,,225497,12,,,0,33,,225507,12,,,0,73,,225508,12,,,0,33,,225509,12,,,0,72,,225510,12,,,0,31,,225511,12,,,0,72,,225512,12,,,0,32,,225514,12,,,0,72,,225513,12,,,0,32,,225515,12,,,0
50000,'Sunday',506,,225556,12,,,0,30,,225557,12,,,0,70,,225555,12,,,0,30,,225554,12,,,0,71,,225552,12,,,0,31,,225553,12,,,0,71,,225550,12,,,0,32,,225551,12,,,0,73,,225549,12,,,0,33,,225548,12,,,0,74,,225546,12,,,0,33,,225547,12,,,0,73,,225543,12,,,0,73,,225545,12,,,0,33,,225544,12,,,0,73,,225542,12,,,0,33,,225540,12,,,0,73,,225541,12,,,0,33,,225539,12,,,0,73,,225537,12,,,0,33,,225535,12,,,0,73,,225536,12,,,0,33,,225538,12,,,0,73,,225532,12,,,0,73,,225534,12,,,0,33,,225531,12,,,0,73,,225533,12,,,0,33,,225528,12,,,0,73,,225529,12,,,0,33,,225530,12,,,0,72,,225526,12,,,0,31,,225527,12,,,0,72,,225522,12,,,0,32,,225523,12,,,0,72,,225520,12,,,0,32,,225524,12,,,0
50000,'Weekday',452,,225559,12,,,0,63,,225593,12,,,0,23,,225594,12,,,0,62,,225595,12,,,0,21,,225597,12,,,0,23,,225598,12,,,0,65,,225599,12,,,0,23,,225596,12,,,0,71,,225600,12,,,0,26,,225601,12,,,0,26,,225602,12,,,0,66,,225603,12,,,0,28,,225604,12,,,0,64,,225605,12,,,0,25,,225606,12,,,0,65,,225577,12,,,0,27,,225567,12,,,0,26,,225578,12,,,0,65,,225582,12,,,0,25,,225568,12,,,0,66,,225579,12,,,0,26,,225583,12,,,0,67,,225569,12,,,0,28,,225580,12,,,0,67,,225587,12,,,0,26,,225570,12,,,0,27,,225590,12,,,0,69,,225581,12,,,0,29,,225591,12,,,0,67,,225572,12,,,0,28,,225562,12,,,0,65,,225588,12,,,0,24,,225571,12,,,0,24,,225589,12,,,0,64,,225607,12,,,0,24,,225592,12,,,0,64,,225564,12,,,0,24,,225574,12,,,0,24,,225563,12,,,0,62,,225584,12,,,0,24,,225575,12,,,0,64,,225565,12,,,0,24,,225585,12,,,0,23,,225576,12,,,0,63,,225566,12,,,0,24,,225586,12,,,0,64,,225573,12,,,0,23,,225561,12,,,0,23,,225608,12,,,0
50300,'Saturday',609,,225732,7,,,0,37,,225734,7,,,0,77,,225733,7,,,0,77,,225743,7,,,0,37,,225746,7,,,0,77,,225737,7,,,0,37,,225744,7,,,0,78,,225735,7,,,0,77,,225739,7,,,0,37,,225742,7,,,0,77,,225741,7,,,0,37,,225740,7,,,0,77,,225745,7,,,0,77,,225736,7,,,0,37,,225738,7,,,0,77,,225748,7,,,0,77,,225747,7,,,0,37,,225749,7,,,0,77,,225753,7,,,0,37,,225750,7,,,0,77,,225751,7,,,0,76,,225752,7,,,0,37,,225755,7,,,0,77,,225754,7,,,0,37,,225757,7,,,0,77,,225756,7,,,0,77,,225758,7,,,0
50300,'Sunday',609,,225770,7,,,0,37,,225773,7,,,0,77,,225761,7,,,0,77,,225771,7,,,0,37,,225776,7,,,0,77,,225763,7,,,0,37,,225772,7,,,0,78,,225760,7,,,0,77,,225765,7,,,0,37,,225769,7,,,0,77,,225768,7,,,0,37,,225767,7,,,0,77,,225775,7,,,0,77,,225762,7,,,0,37,,225764,7,,,0,77,,225774,7,,,0,77,,225759,7,,,0,37,,225766,7,,,0,77,,225777,7,,,0,37,,225778,7,,,0,77,,225779,7,,,0,76,,225781,7,,,0,37,,225780,7,,,0,77,,225782,7,,,0,37,,225783,7,,,0,77,,225784,7,,,0,77,,225785,7,,,0
50300,'Weekday',610,,225786,7,,,0,32,,225788,7,,,0,16,,225792,7,,,0,56,,225790,7,,,0,16,,225791,7,,,0,16,,225794,7,,,0,56,,225787,7,,,0,16,,225795,7,,,0,16,,225789,7,,,0,16,,225793,7,,,0,55,,225800,7,,,0,24,,225802,7,,,0,28,,225796,7,,,0,68,,225799,7,,,0,28,,225801,7,,,0,68,,225803,7,,,0,28,,225797,7,,,0,68,,225798,7,,,0,28,,225804,7,,,0,68,,225809,7,,,0,28,,225805,7,,,0,68,,225807,7,,,0,28,,225808,7,,,0,69,,225810,7,,,0,16,,225811,7,,,0,16,,225806,7,,,0,16,,225812,7,,,0,56,,225815,7,,,0,16,,225816,7,,,0,16,,225821,7,,,0,16,,225818,7,,,0,56,,225819,7,,,0,16,,225813,7,,,0,16,,225820,7,,,0,56,,225814,7,,,0,15,,225817,7,,,0,16,,225822,7,,,0,21,,225827,7,,,0,68,,225823,7,,,0,28,,225824,7,,,0,68,,225825,7,,,0,28,,225826,7,,,0,67,,225828,7,,,0,28,,225830,7,,,0,68,,225829,7,,,0
