2800,'Saturday',533,,206497,1,,,0,70,,206503,1,,,0,2,,206497,41,4,,0,28,,206495,1,,,0,2,,206503,41,4,,0,68,,206511,1,,,0,2,,206495,41,4,,0,28,,206501,1,,,0,2,,206511,41,4,,0,68,,206509,1,,,0,2,,206501,41,4,,0,28,,206494,1,,,0,2,,206509,41,4,,0,68,,206516,1,,,0,2,,206494,41,4,,0,28,,206496,1,,,0,2,,206516,41,4,,0,68,,206513,1,,,0,2,,206496,41,4,,0,28,,206498,1,,,0,2,,206513,41,4,,0,68,,206512,1,,,0,2,,206498,41,4,,0,28,,206499,1,,,0,2,,206512,41,4,,0,68,,206514,1,,,0,2,,206499,41,4,,0,28,,206500,1,,,0,2,,206514,41,4,,0,68,,206515,1,,,0,2,,206500,41,4,,0,28,,206485,1,,,0,2,,206515,41,4,,0,68,,206504,1,,,0,2,,206485,41,4,,0,28,,206486,1,,,0,2,,206504,41,4,,0,68,,206508,1,,,0,2,,206486,41,4,,0,28,,206487,1,,,0,2,,206508,41,4,,0,68,,206502,1,,,0,2,,206487,41,4,,0,28,,206488,1,,,0,2,,206502,41,4,,0,68,,206507,1,,,0,2,,206488,41,4,,0,28,,206489,1,,,0,2,,206507,41,4,,0,68,,206505,1,,,0,2,,206489,41,4,,0,28,,206490,1,,,0,2,,206505,41,4,,0,68,,206506,1,,,0,2,,206490,41,4,,0,28,,206491,1,,,0,2,,206506,41,4,,0,68,,206510,1,,,0,2,,206491,41,4,,0,28,,206492,1,,,0,2,,206510,41,4,,0,68,,206517,1,,,0,2,,206492,41,4,,0,30,,206517,41,4,,0,72,,206493,41,4,,0
2800,'Sunday',703,,206522,1,,,0,30,,206533,1,,,0,2,,206522,41,4,,0,68,,206527,1,,,0,2,,206533,41,4,,0,28,,206534,1,,,0,2,,206527,41,4,,0,68,,206528,1,,,0,2,,206534,41,4,,0,28,,206535,1,,,0,2,,206528,41,4,,0,68,,206529,1,,,0,2,,206535,41,4,,0,28,,206536,1,,,0,2,,206529,41,4,,0,68,,206525,1,,,0,2,,206536,41,4,,0,28,,206537,1,,,0,2,,206525,41,4,,0,68,,206518,1,,,0,2,,206537,41,4,,0,28,,206538,1,,,0,2,,206518,41,4,,0,68,,206519,1,,,0,2,,206538,41,4,,0,28,,206539,1,,,0,2,,206519,41,4,,0,68,,206520,1,,,0,2,,206539,41,4,,0,28,,206540,1,,,0,2,,206520,41,4,,0,68,,206521,1,,,0,2,,206540,41,4,,0,28,,206541,1,,,0,2,,206521,41,4,,0,68,,206523,1,,,0,2,,206541,41,4,,0,28,,206542,1,,,0,2,,206523,41,4,,0,68,,206526,1,,,0,2,,206542,41,4,,0,28,,206543,1,,,0,2,,206526,41,4,,0,68,,206524,1,,,0,2,,206543,41,4,,0,28,,206544,1,,,0,2,,206524,41,4,,0,68,,206531,1,,,0,2,,206544,41,4,,0,28,,206545,1,,,0,2,,206531,41,4,,0,68,,206532,1,,,0,2,,206545,41,4,,0,28,,206546,1,,,0,2,,206532,41,4,,0,70,,206546,41,4,,0,30,,206547,1,,,0,2,,206530,41,4,,0,70,,206547,41,4,,0
2800,'Weekday',535,,206549,24,4,,0,72,,206550,41,4,,0,6,,206551,1,,,0,30,,206567,1,,,0,2,,206551,41,4,,0,68,,206552,1,,,0,2,,206567,41,4,,0,28,,206568,1,,,0,2,,206552,41,4,,0,68,,206553,1,,,0,2,,206568,41,4,,0,28,,206570,1,,,0,2,,206553,41,4,,0,68,,206554,1,,,0,2,,206570,41,4,,0,28,,206569,1,,,0,2,,206554,41,4,,0,68,,206555,1,,,0,2,,206569,41,4,,0,28,,206571,1,,,0,2,,206555,41,4,,0,68,,206557,1,,,0,2,,206571,41,4,,0,28,,206572,1,,,0,2,,206557,41,4,,0,68,,206556,1,,,0,2,,206572,41,4,,0,28,,206574,1,,,0,2,,206556,41,4,,0,68,,206558,1,,,0,2,,206574,41,4,,0,28,,206573,1,,,0,2,,206558,41,4,,0,68,,206559,1,,,0,2,,206573,41,4,,0,28,,206576,1,,,0,2,,206559,41,4,,0,68,,206560,1,,,0,2,,206576,41,4,,0,28,,206577,1,,,0,2,,206560,41,4,,0,68,,206561,1,,,0,2,,206577,41,4,,0,28,,206575,1,,,0,2,,206561,41,4,,0,68,,206562,1,,,0,2,,206575,41,4,,0,28,,206578,1,,,0,2,,206562,41,4,,0,68,,206563,1,,,0,2,,206578,41,4,,0,23,,206579,1,,,0,7,,206563,41,4,,0,61,,206548,1,,,0,4,,206579,41,4,,0,25,,206581,1,,,0,3,,206548,41,4,,0,67,,206564,1,,,0,2,,206581,41,4,,0,28,,206582,1,,,0,2,,206564,41,4,,0,68,,206565,1,,,0,2,,206582,41,4,,0,28,,206583,1,,,0,2,,206565,41,4,,0,68,,206566,1,,,0,2,,206583,41,4,,0,28,,206580,1,,,0,2,,206566,41,4,,0,68,,206585,1,,,0,2,,206580,41,4,,0,28,,206584,1,,,0,2,,206585,41,4,,0,70,,206584,41,4,,0
4400,'Saturday',640,,208729,1,,,0,80,,208730,1,,,0,80,,208731,1,,,0,40,,208732,1,,,0,80,,208733,1,,,0,80,,208734,1,,,0,40,,208735,1,,,0,80,,208737,1,,,0,80,,208739,1,,,0,40,,208738,1,,,0,80,,208740,1,,,0,80,,208736,1,,,0,40,,208741,1,,,0,80,,208742,1,,,0,80,,208743,1,,,0,40,,208744,1,,,0,80,,208745,1,,,0,80,,208746,1,,,0,40,,208747,1,,,0,82,,208748,1,,,0
4400,'Weekday',522,,208749,1,,,0,80,,208750,1,,,0,40,,208751,1,,,0,78,,208752,1,,,0,33,,208753,1,,,0,80,,208755,1,,,0,89,,208756,1,,,0,80,,208754,1,,,0,40,,208758,1,,,0,80,,208759,1,,,0,80,,208757,1,,,0,40,,208760,1,,,0,80,,208761,1,,,0,80,,208762,1,,,0,48,,208764,1,,,0,74,,208765,1,,,0,78,,208766,1,,,0,40,,208763,1,,,0,80,,208767,1,,,0,80,,208768,1,,,0,40,,208769,1,,,0,80,,208770,1,,,0
4401,'Saturday',638,,208772,12,4,,0,76,,208771,12,4,,0,40,,208773,12,4,,0,80,,208774,12,4,,0,80,,208775,12,4,,0,40,,208777,12,4,,0,80,,208776,12,4,,0,80,,208778,12,4,,0,40,,208780,12,4,,0,80,,208779,12,4,,0,80,,208783,12,4,,0,40,,208781,12,4,,0,80,,208782,12,4,,0,80,,208784,12,4,,0,40,,208786,12,4,,0,80,,208785,12,4,,0,80,,208787,12,4,,0,40,,208788,12,4,,0,80,,208789,12,4,,0,80,,208790,12,4,,0,41,,208791,12,4,,0
4401,'Weekday',556,,208793,12,4,,0,80,,208794,12,4,,0,80,,208795,12,4,,0,36,,208797,12,4,,0,76,,208798,12,4,,0,79,,208799,12,4,,0,49,,208796,12,4,,0,80,,208800,12,4,,0,80,,208801,12,4,,0,40,,208802,12,4,,0,80,,208804,12,4,,0,80,,208805,12,4,,0,40,,208803,12,4,,0,80,,208806,12,4,,0,87,,208808,12,4,,0,33,,208809,12,4,,0,80,,208792,12,4,,0,80,,208810,12,4,,0,40,,208807,12,4,,0,80,,208811,12,4,,0,80,,208812,12,4,,0,40,,208813,12,4,,0
8300,'Saturday',606,,214437,1,,,0,21,,214437,30,4,,0,9,,214451,1,,,0,21,,214451,30,4,,0,49,,214436,1,,,0,21,,214436,30,4,,0,9,,214448,1,,,0,21,,214448,30,4,,0,49,,214430,1,,,0,21,,214430,30,4,,0,9,,214446,1,,,0,21,,214446,30,4,,0,49,,214432,1,,,0,21,,214432,30,4,,0,9,,214447,1,,,0,21,,214447,30,4,,0,49,,214431,1,,,0,21,,214431,30,4,,0,9,,214450,1,,,0,21,,214450,30,4,,0,49,,214433,1,,,0,21,,214433,30,4,,0,9,,214449,1,,,0,21,,214449,30,4,,0,49,,214434,1,,,0,21,,214434,30,4,,0,9,,214452,1,,,0,21,,214452,30,4,,0,49,,214435,1,,,0,21,,214435,30,4,,0,9,,214445,1,,,0,21,,214445,30,4,,0,49,,214422,1,,,0,21,,214422,30,4,,0,9,,214439,1,,,0,21,,214439,30,4,,0,49,,214423,1,,,0,21,,214423,30,4,,0,9,,214441,1,,,0,21,,214441,30,4,,0,49,,214425,1,,,0,21,,214425,30,4,,0,9,,214443,1,,,0,21,,214443,30,4,,0,49,,214426,1,,,0,21,,214426,30,4,,0,9,,214440,1,,,0,21,,214440,30,4,,0,49,,214427,1,,,0,21,,214427,30,4,,0,9,,214444,1,,,0,21,,214444,30,4,,0,49,,214428,1,,,0,21,,214428,30,4,,0,9,,214442,1,,,0,21,,214442,30,4,,0,49,,214429,1,,,0,21,,214429,30,4,,0,9,,214438,1,,,0,21,,214438,30,4,,0,49,,214424,1,,,0,21,,214424,30,4,,0,9,,214453,1,,,0,21,,214453,30,4,,0
8300,'Sunday',736,,214463,1,,,0,21,,214463,30,4,,0,49,,214470,1,,,0,21,,214470,30,4,,0,9,,214464,1,,,0,21,,214464,30,4,,0,49,,214469,1,,,0,21,,214469,30,4,,0,9,,214461,1,,,0,21,,214461,30,4,,0,49,,214472,1,,,0,21,,214472,30,4,,0,9,,214462,1,,,0,21,,214462,30,4,,0,49,,214471,1,,,0,21,,214471,30,4,,0,9,,214465,1,,,0,21,,214465,30,4,,0,49,,214473,1,,,0,21,,214473,30,4,,0,9,,214454,1,,,0,21,,214454,30,4,,0,49,,214475,1,,,0,21,,214475,30,4,,0,9,,214455,1,,,0,21,,214455,30,4,,0,49,,214474,1,,,0,21,,214474,30,4,,0,9,,214456,1,,,0,21,,214456,30,4,,0,49,,214477,1,,,0,21,,214477,30,4,,0,9,,214457,1,,,0,21,,214457,30,4,,0,49,,214476,1,,,0,21,,214476,30,4,,0,9,,214458,1,,,0,21,,214458,30,4,,0,49,,214478,1,,,0,21,,214478,30,4,,0,9,,214459,1,,,0,21,,214459,30,4,,0,49,,214479,1,,,0,21,,214479,30,4,,0,9,,214466,1,,,0,21,,214466,30,4,,0,49,,214480,1,,,0,21,,214480,30,4,,0,9,,214467,1,,,0,21,,214467,30,4,,0,49,,214481,1,,,0,21,,214481,30,4,,0,9,,214468,1,,,0,21,,214468,30,4,,0,49,,214482,1,,,0,21,,214482,30,4,,0,11,,214460,1,,,0,21,,214460,30,4,,0,49,,214483,1,,,0,21,,214483,30,4,,0
8300,'Weekday',555,,214501,15,4,,0,61,,214502,30,4,,0,1,,214503,1,,,0,21,,214503,30,4,,0,9,,214485,1,,,0,61,,214485,30,4,,0,9,,214505,1,,,0,21,,214505,30,4,,0,9,,214486,1,,,0,61,,214486,30,4,,0,9,,214504,1,,,0,21,,214504,30,4,,0,9,,214487,1,,,0,61,,214487,30,4,,0,9,,214507,1,,,0,21,,214507,30,4,,0,9,,214488,1,,,0,61,,214488,30,4,,0,9,,214506,1,,,0,21,,214506,30,4,,0,9,,214489,1,,,0,61,,214489,30,4,,0,9,,214508,1,,,0,21,,214508,30,4,,0,9,,214490,1,,,0,61,,214490,30,4,,0,9,,214509,1,,,0,21,,214509,30,4,,0,9,,214491,1,,,0,61,,214491,30,4,,0,9,,214510,1,,,0,21,,214510,30,4,,0,9,,214492,1,,,0,61,,214492,30,4,,0,9,,214512,1,,,0,21,,214512,30,4,,0,14,,214493,1,,,0,60,,214493,30,4,,0,5,,214511,1,,,0,21,,214511,30,4,,0,9,,214494,1,,,0,61,,214494,30,4,,0,9,,214513,1,,,0,21,,214513,30,4,,0,9,,214496,1,,,0,61,,214496,30,4,,0,9,,214514,1,,,0,21,,214514,30,4,,0,9,,214495,1,,,0,61,,214495,30,4,,0,9,,214515,1,,,0,21,,214515,30,4,,0,7,,214484,1,,,0,61,,214484,30,4,,0,4,,214516,1,,,0,21,,214516,30,4,,0,9,,214497,1,,,0,61,,214497,30,4,,0,9,,214517,1,,,0,21,,214517,30,4,,0,9,,214498,1,,,0,61,,214498,30,4,,0,9,,214518,1,,,0,21,,214518,30,4,,0,9,,214499,1,,,0,61,,214499,30,4,,0,9,,214519,1,,,0,21,,214519,30,4,,0,9,,214500,1,,,0,61,,214500,30,4,,0,9,,214520,1,,,0,21,,214520,30,4,,0
