901,'Saturday',517,,203540,23,,,0,25,,203545,23,,,0,72,,203546,23,,,0,32,,203547,23,,,0,72,,203548,23,,,0,32,,203549,23,,,0,72,,203550,23,,,0,32,,203551,23,,,0,72,,203552,23,,,0,32,,203553,23,,,0,72,,203554,23,,,0,72,,203555,23,,,0,32,,203556,23,,,0,72,,203557,23,,,0,32,,203558,23,,,0,72,,203559,23,,,0,32,,203560,23,,,0,72,,203561,23,,,0,32,,203562,23,,,0,72,,203563,23,,,0,32,,203564,23,,,0,72,,203565,23,,,0,32,,203566,23,,,0,72,,203567,23,,,0,32,,203568,23,,,0,72,,203569,23,,,0,72,,203570,23,,,0,32,,203571,23,,,0,72,,203572,23,,,0,32,,203573,23,,,0,72,,203574,23,,,0,32,,203541,23,,,0,72,,203544,23,,,0,32,,203542,23,,,0,65,,203543,23,,,0
901,'Sunday',517,,203575,23,,,0,25,,203582,23,,,0,72,,203596,23,,,0,32,,203603,23,,,0,72,,203589,23,,,0,32,,203576,23,,,0,72,,203583,23,,,0,32,,203597,23,,,0,72,,203604,23,,,0,32,,203590,23,,,0,72,,203577,23,,,0,72,,203584,23,,,0,32,,203598,23,,,0,72,,203605,23,,,0,32,,203591,23,,,0,72,,203578,23,,,0,32,,203585,23,,,0,72,,203599,23,,,0,32,,203606,23,,,0,72,,203592,23,,,0,32,,203579,23,,,0,72,,203586,23,,,0,32,,203600,23,,,0,72,,203607,23,,,0,32,,203593,23,,,0,72,,203580,23,,,0,72,,203587,23,,,0,32,,203601,23,,,0,72,,203608,23,,,0,32,,203594,23,,,0,72,,203581,23,,,0,32,,203588,23,,,0,72,,203602,23,,,0,32,,203609,23,,,0,65,,203595,23,,,0
901,'Weekday',439,,203610,23,,,0,62,,203625,23,,,0,22,,203635,23,,,0,22,,203650,23,,,0,63,,203618,23,,,0,27,,203630,23,,,0,22,,203643,23,,,0,62,,203611,23,,,0,22,,203626,23,,,0,11,,203663,23,,,0,51,,203636,23,,,0,11,,203664,23,,,0,11,,203658,23,,,0,11,,203670,23,,,0,11,,203651,23,,,0,11,,203665,23,,,0,51,,203619,23,,,0,10,,203662,23,,,0,10,,203631,23,,,0,22,,203644,23,,,0,62,,203612,23,,,0,22,,203627,23,,,0,22,,203637,23,,,0,62,,203659,23,,,0,22,,203652,23,,,0,62,,203620,23,,,0,22,,203632,23,,,0,22,,203645,23,,,0,62,,203613,23,,,0,22,,203628,23,,,0,22,,203638,23,,,0,62,,203660,23,,,0,22,,203653,23,,,0,22,,203621,23,,,0,63,,203633,23,,,0,23,,203646,23,,,0,10,,203666,23,,,0,53,,203614,23,,,0,9,,203667,23,,,0,14,,203629,23,,,0,8,,203668,23,,,0,15,,203639,23,,,0,63,,203661,23,,,0,23,,203654,23,,,0,62,,203622,23,,,0,12,,203669,23,,,0,6,,203634,23,,,0,23,,203647,23,,,0,70,,203615,23,,,0,30,,203640,23,,,0,70,,203655,23,,,0,30,,203623,23,,,0,70,,203648,23,,,0,30,,203616,23,,,0,70,,203641,23,,,0,30,,203656,23,,,0,70,,203624,23,,,0,30,,203649,23,,,0,70,,203617,23,,,0,30,,203642,23,,,0,70,,203657,23,,,0
4001,'Saturday',713,,208125,6,,,0,2,,208125,9,,,0,33,,208127,6,,,0,2,,208127,9,,,0,73,,208128,6,,,0,2,,208128,9,,,0,33,,208129,6,,,0,42,,208129,9,,,0,33,,208126,6,,,0,2,,208126,9,,,0,73,,208131,6,,,0,2,,208131,9,,,0,33,,208132,6,,,0,2,,208132,9,,,0,73,,208134,6,,,0,2,,208134,9,,,0,33,,208130,6,,,0,2,,208130,9,,,0,73,,208135,6,,,0,2,,208135,9,,,0,73,,208136,6,,,0,2,,208136,9,,,0,33,,208133,6,,,0,2,,208133,9,,,0,73,,208137,6,,,0,2,,208137,9,,,0,33,,208138,6,,,0,2,,208138,9,,,0,73,,208139,6,,,0,2,,208139,9,,,0,33,,208140,6,,,0,42,,208140,9,,,0,33,,208124,6,,,0,2,,208124,9,,,0,73,,208123,6,,,0,2,,208123,9,,,0,33,,208122,6,,,0,2,,208122,9,,,0,73,,208121,6,,,0,2,,208121,9,,,0
4001,'Sunday',713,,208145,6,,,0,2,,208145,9,,,0,33,,208146,6,,,0,2,,208146,9,,,0,73,,208147,6,,,0,2,,208147,9,,,0,33,,208148,6,,,0,42,,208148,9,,,0,33,,208150,6,,,0,2,,208150,9,,,0,73,,208151,6,,,0,2,,208151,9,,,0,33,,208143,6,,,0,2,,208143,9,,,0,73,,208152,6,,,0,2,,208152,9,,,0,33,,208149,6,,,0,2,,208149,9,,,0,73,,208153,6,,,0,2,,208153,9,,,0,73,,208154,6,,,0,2,,208154,9,,,0,33,,208155,6,,,0,2,,208155,9,,,0,73,,208156,6,,,0,2,,208156,9,,,0,33,,208157,6,,,0,2,,208157,9,,,0,73,,208158,6,,,0,2,,208158,9,,,0,33,,208159,6,,,0,42,,208159,9,,,0,33,,208160,6,,,0,2,,208160,9,,,0,73,,208142,6,,,0,2,,208142,9,,,0,33,,208141,6,,,0,2,,208141,9,,,0,73,,208144,6,,,0,2,,208144,9,,,0
4001,'Weekday',605,,208171,6,,,0,2,,208171,9,,,0,31,,208184,6,,,0,2,,208184,9,,,0,73,,208178,6,,,0,2,,208178,9,,,0,33,,208172,6,,,0,2,,208172,9,,,0,73,,208185,6,,,0,2,,208185,9,,,0,33,,208179,6,,,0,42,,208179,9,,,0,31,,208173,6,,,0,2,,208173,9,,,0,73,,208186,6,,,0,2,,208186,9,,,0,33,,208180,6,,,0,2,,208180,9,,,0,73,,208174,6,,,0,2,,208174,9,,,0,33,,208187,6,,,0,2,,208187,9,,,0,73,,208181,6,,,0,2,,208181,9,,,0,73,,208175,6,,,0,2,,208175,9,,,0,33,,208188,6,,,0,2,,208188,9,,,0,75,,208182,6,,,0,2,,208182,9,,,0,34,,208176,6,,,0,2,,208176,9,,,0,74,,208189,6,,,0,2,,208189,9,,,0,76,,208183,6,,,0,2,,208183,9,,,0,37,,208177,6,,,0,3,,208177,9,,,0,73,,208190,6,,,0,2,,208190,9,,,0,31,,208164,6,,,0,2,,208164,9,,,0,74,,208161,6,,,0,2,,208161,9,,,0,73,,208168,6,,,0,2,,208168,9,,,0,29,,208165,6,,,0,2,,208165,9,,,0,71,,208162,6,,,0,2,,208162,9,,,0,28,,208169,6,,,0,2,,208169,9,,,0,73,,208166,6,,,0,2,,208166,9,,,0,35,,208163,6,,,0,2,,208163,9,,,0,76,,208170,6,,,0,2,,208170,9,,,0,73,,208167,6,,,0,2,,208167,9,,,0
9000,'Saturday',632,,215044,11,,,0,72,,215024,11,,,0,32,,215033,11,,,0,72,,215046,11,,,0,32,,215025,11,,,0,72,,215034,11,,,0,32,,215045,11,,,0,72,,215026,11,,,0,32,,215036,11,,,0,72,,215047,11,,,0,33,,215028,11,,,0,72,,215037,11,,,0,32,,215048,11,,,0,72,,215029,11,,,0,72,,215035,11,,,0,32,,215051,11,,,0,72,,215027,11,,,0,32,,215038,11,,,0,72,,215049,11,,,0,31,,215030,11,,,0,73,,215039,11,,,0,31,,215052,11,,,0,72,,215031,11,,,0,32,,215041,11,,,0,72,,215050,11,,,0,32,,215032,11,,,0,72,,215040,11,,,0
9000,'Sunday',632,,215074,11,,,0,72,,215054,11,,,0,32,,215062,11,,,0,72,,215073,11,,,0,32,,215055,11,,,0,72,,215064,11,,,0,32,,215075,11,,,0,72,,215053,11,,,0,32,,215063,11,,,0,72,,215077,11,,,0,32,,215057,11,,,0,73,,215066,11,,,0,32,,215078,11,,,0,72,,215056,11,,,0,72,,215065,11,,,0,32,,215076,11,,,0,72,,215059,11,,,0,32,,215067,11,,,0,72,,215079,11,,,0,31,,215058,11,,,0,73,,215068,11,,,0,31,,215080,11,,,0,72,,215060,11,,,0,32,,215069,11,,,0,72,,215081,11,,,0,32,,215061,11,,,0,72,,215070,11,,,0
9000,'Weekday',611,,215102,11,,,0,30,,215112,11,,,0,69,,215083,11,,,0,30,,215093,11,,,0,70,,215103,11,,,0,30,,215113,11,,,0,69,,215084,11,,,0,30,,215094,11,,,0,70,,215104,11,,,0,30,,215114,11,,,0,70,,215085,11,,,0,30,,215095,11,,,0,70,,215105,11,,,0,30,,215115,11,,,0,70,,215088,11,,,0,30,,215096,11,,,0,70,,215106,11,,,0,30,,215116,11,,,0,71,,215086,11,,,0,30,,215097,11,,,0,70,,215107,11,,,0,30,,215117,11,,,0,70,,215087,11,,,0,27,,215098,11,,,0,70,,215108,11,,,0,30,,215118,11,,,0,20,,215089,11,,,0,70,,215099,11,,,0,30,,215109,11,,,0,70,,215119,11,,,0,16,,215090,11,,,0,70,,215100,11,,,0,30,,215110,11,,,0,70,,215120,11,,,0,10,,215091,11,,,0,30,,215101,11,,,0,65,,215111,11,,,0
9101,'Saturday',642,,215369,5,,,0,61,,215368,5,,,0,21,,215371,5,,,0,21,,215372,5,,,0,61,,215370,5,,,0,21,,215374,5,,,0,21,,215373,5,,,0,61,,215376,5,,,0,21,,215375,5,,,0,21,,215377,5,,,0,61,,215378,5,,,0,21,,215379,5,,,0,21,,215380,5,,,0,61,,215381,5,,,0,21,,215382,5,,,0,21,,215383,5,,,0,61,,215385,5,,,0,21,,215384,5,,,0,61,,215387,5,,,0,21,,215386,5,,,0,21,,215388,5,,,0,61,,215389,5,,,0,21,,215391,5,,,0,21,,215390,5,,,0,61,,215392,5,,,0,21,,215393,5,,,0,21,,215394,5,,,0,61,,215395,5,,,0,21,,215396,5,,,0,21,,215398,5,,,0,61,,215400,5,,,0,21,,215397,5,,,0,21,,215399,5,,,0,61,,215401,5,,,0,21,,215402,5,,,0,21,,215404,5,,,0,61,,215406,5,,,0,21,,215409,5,,,0,61,,215403,5,,,0,21,,215407,5,,,0,21,,215405,5,,,0,61,,215408,5,,,0,21,,215410,5,,,0,21,,215411,5,,,0,61,,215412,5,,,0,21,,215413,5,,,0,21,,215415,5,,,0,61,,215414,5,,,0,21,,215416,5,,,0,21,,215417,5,,,0
9101,'Sunday',642,,215419,5,,,0,61,,215418,5,,,0,21,,215420,5,,,0,21,,215421,5,,,0,61,,215422,5,,,0,21,,215423,5,,,0,21,,215424,5,,,0,61,,215426,5,,,0,21,,215425,5,,,0,21,,215428,5,,,0,61,,215427,5,,,0,21,,215429,5,,,0,21,,215430,5,,,0,61,,215433,5,,,0,21,,215431,5,,,0,21,,215434,5,,,0,61,,215432,5,,,0,21,,215435,5,,,0,61,,215436,5,,,0,21,,215437,5,,,0,21,,215438,5,,,0,61,,215439,5,,,0,21,,215440,5,,,0,21,,215441,5,,,0,61,,215443,5,,,0,21,,215442,5,,,0,21,,215445,5,,,0,61,,215446,5,,,0,21,,215444,5,,,0,21,,215448,5,,,0,61,,215447,5,,,0,21,,215449,5,,,0,21,,215450,5,,,0,61,,215451,5,,,0,21,,215452,5,,,0,21,,215453,5,,,0,61,,215454,5,,,0,21,,215455,5,,,0,61,,215457,5,,,0,21,,215456,5,,,0,21,,215458,5,,,0,61,,215460,5,,,0,21,,215459,5,,,0,21,,215461,5,,,0,61,,215462,5,,,0,21,,215463,5,,,0,21,,215465,5,,,0,61,,215464,5,,,0,21,,215466,5,,,0,21,,215467,5,,,0
9101,'Weekday',624,,215468,5,,,0,21,,215469,5,,,0,61,,215470,5,,,0,23,,215471,5,,,0,19,,215473,5,,,0,61,,215474,5,,,0,21,,215472,5,,,0,21,,215475,5,,,0,61,,215476,5,,,0,21,,215477,5,,,0,21,,215478,5,,,0,61,,215480,5,,,0,21,,215479,5,,,0,21,,215481,5,,,0,61,,215482,5,,,0,21,,215484,5,,,0,61,,215485,5,,,0,21,,215483,5,,,0,21,,215487,5,,,0,61,,215486,5,,,0,21,,215488,5,,,0,21,,215489,5,,,0,61,,215490,5,,,0,21,,215492,5,,,0,21,,215491,5,,,0,61,,215493,5,,,0,21,,215494,5,,,0,21,,215496,5,,,0,61,,215495,5,,,0,21,,215497,5,,,0,21,,215498,5,,,0,61,,215499,5,,,0,21,,215500,5,,,0,21,,215501,5,,,0,61,,215502,5,,,0,21,,215503,5,,,0,61,,215504,5,,,0,21,,215505,5,,,0,21,,215506,5,,,0,61,,215507,5,,,0,21,,215508,5,,,0,21,,215510,5,,,0,61,,215511,5,,,0,21,,215509,5,,,0,21,,215512,5,,,0,61,,215513,5,,,0,21,,215514,5,,,0,18,,215515,5,,,0,68,,215516,5,,,0,17,,215517,5,,,0,21,,215518,5,,,0,61,,215519,5,,,0
10400,'Saturday',606,,217335,8,,,0,32,,217350,8,,,0,72,,217336,8,,,0,32,,217351,8,,,0,72,,217338,8,,,0,32,,217352,8,,,0,72,,217340,8,,,0,32,,217353,8,,,0,72,,217339,8,,,0,32,,217354,8,,,0,72,,217337,8,,,0,32,,217355,8,,,0,72,,217341,8,,,0,72,,217356,8,,,0,32,,217343,8,,,0,72,,217357,8,,,0,32,,217342,8,,,0,72,,217358,8,,,0,32,,217344,8,,,0,72,,217361,8,,,0,32,,217346,8,,,0,72,,217359,8,,,0,32,,217345,8,,,0,72,,217360,8,,,0,32,,217347,8,,,0,72,,217362,8,,,0,32,,217349,8,,,0,72,,217363,8,,,0,72,,217348,8,,,0,34,,217364,8,,,0
10400,'Sunday',606,,217365,8,,,0,32,,217380,8,,,0,72,,217366,8,,,0,32,,217381,8,,,0,72,,217368,8,,,0,32,,217382,8,,,0,72,,217367,8,,,0,32,,217383,8,,,0,72,,217370,8,,,0,32,,217384,8,,,0,72,,217371,8,,,0,32,,217385,8,,,0,72,,217369,8,,,0,72,,217386,8,,,0,32,,217372,8,,,0,72,,217387,8,,,0,32,,217374,8,,,0,72,,217388,8,,,0,32,,217373,8,,,0,72,,217390,8,,,0,32,,217375,8,,,0,72,,217389,8,,,0,32,,217376,8,,,0,72,,217391,8,,,0,32,,217377,8,,,0,72,,217392,8,,,0,32,,217379,8,,,0,72,,217393,8,,,0,72,,217378,8,,,0,34,,217394,8,,,0
10400,'Weekday',546,,217395,8,,,0,71,,217413,8,,,0,31,,217396,8,,,0,72,,217415,8,,,0,34,,217397,8,,,0,73,,217416,8,,,0,32,,217398,8,,,0,72,,217417,8,,,0,72,,217399,8,,,0,32,,217418,8,,,0,72,,217400,8,,,0,32,,217419,8,,,0,72,,217401,8,,,0,32,,217420,8,,,0,72,,217402,8,,,0,32,,217421,8,,,0,72,,217403,8,,,0,32,,217422,8,,,0,72,,217404,8,,,0,32,,217423,8,,,0,73,,217405,8,,,0,72,,217425,8,,,0,32,,217406,8,,,0,70,,217424,8,,,0,32,,217407,8,,,0,72,,217426,8,,,0,32,,217408,8,,,0,72,,217427,8,,,0,32,,217409,8,,,0,72,,217428,8,,,0,32,,217410,8,,,0,72,,217429,8,,,0,32,,217411,8,,,0,72,,217430,8,,,0,32,,217412,8,,,0,72,,217431,8,,,0,76,,217414,8,,,0
