5400,'Saturday',635,,210072,5,,,0,85,,210073,5,,,0,85,,210074,5,,,0,45,,210075,5,,,0,85,,210076,5,,,0,85,,210077,5,,,0,85,,210080,5,,,0,45,,210081,5,,,0,85,,210082,5,,,0,85,,210078,5,,,0,85,,210079,5,,,0,45,,210083,5,,,0,85,,210084,5,,,0,85,,210087,5,,,0,85,,210088,5,,,0,45,,210089,5,,,0,85,,210085,5,,,0,85,,210086,5,,,0,85,,210090,5,,,0,45,,210091,5,,,0,85,,210092,5,,,0,85,,210093,5,,,0,85,,210094,5,,,0
5400,'Sunday',635,,210096,5,,,0,85,,210097,5,,,0,85,,210099,5,,,0,45,,210100,5,,,0,85,,210101,5,,,0,85,,210098,5,,,0,85,,210103,5,,,0,45,,210105,5,,,0,85,,210106,5,,,0,85,,210104,5,,,0,85,,210107,5,,,0,45,,210102,5,,,0,85,,210109,5,,,0,85,,210111,5,,,0,85,,210112,5,,,0,45,,210110,5,,,0,85,,210114,5,,,0,85,,210108,5,,,0,85,,210113,5,,,0,45,,210115,5,,,0,85,,210116,5,,,0,85,,210117,5,,,0,85,,210118,5,,,0
5400,'Weekday',507,,210138,5,,,0,37,,210128,5,,,0,70,,210120,5,,,0,30,,210139,5,,,0,70,,210148,5,,,0,30,,210129,5,,,0,70,,210119,5,,,0,30,,210140,5,,,0,70,,210149,5,,,0,30,,210130,5,,,0,70,,210121,5,,,0,30,,210141,5,,,0,70,,210150,5,,,0,30,,210131,5,,,0,70,,210122,5,,,0,30,,210142,5,,,0,70,,210151,5,,,0,30,,210132,5,,,0,70,,210124,5,,,0,30,,210143,5,,,0,71,,210152,5,,,0,31,,210133,5,,,0,70,,210123,5,,,0,30,,210144,5,,,0,70,,210153,5,,,0,29,,210134,5,,,0,69,,210125,5,,,0,30,,210146,5,,,0,70,,210154,5,,,0,31,,210135,5,,,0,70,,210126,5,,,0,30,,210145,5,,,0,70,,210155,5,,,0,29,,210136,5,,,0,70,,210127,5,,,0,30,,210147,5,,,0,70,,210156,5,,,0,31,,210137,5,,,0
7700,'Saturday',627,,213564,7,,,0,85,,213565,7,,,0,45,,213566,7,,,0,85,,213568,7,,,0,85,,213569,7,,,0,85,,213570,7,,,0,45,,213567,7,,,0,85,,213571,7,,,0,85,,213572,7,,,0,85,,213573,7,,,0,45,,213575,7,,,0,85,,213576,7,,,0,85,,213577,7,,,0,85,,213574,7,,,0,45,,213578,7,,,0,85,,213580,7,,,0,85,,213583,7,,,0,85,,213584,7,,,0,45,,213579,7,,,0,85,,213581,7,,,0,85,,213582,7,,,0,85,,213585,7,,,0,92,,213586,7,,,0
7700,'Sunday',627,,213589,7,,,0,85,,213587,7,,,0,45,,213590,7,,,0,85,,213591,7,,,0,85,,213592,7,,,0,85,,213593,7,,,0,45,,213594,7,,,0,85,,213595,7,,,0,85,,213596,7,,,0,85,,213597,7,,,0,45,,213598,7,,,0,85,,213600,7,,,0,85,,213601,7,,,0,85,,213602,7,,,0,45,,213599,7,,,0,85,,213603,7,,,0,85,,213604,7,,,0,85,,213605,7,,,0,45,,213606,7,,,0,85,,213607,7,,,0,85,,213608,7,,,0,85,,213609,7,,,0,92,,213610,7,,,0
7700,'Weekday',555,,213639,7,,,0,70,,213621,7,,,0,31,,213611,7,,,0,70,,213631,7,,,0,30,,213640,7,,,0,70,,213622,7,,,0,30,,213612,7,,,0,70,,213630,7,,,0,30,,213642,7,,,0,70,,213623,7,,,0,30,,213613,7,,,0,70,,213632,7,,,0,30,,213641,7,,,0,70,,213624,7,,,0,30,,213614,7,,,0,70,,213633,7,,,0,30,,213644,7,,,0,70,,213626,7,,,0,30,,213615,7,,,0,71,,213635,7,,,0,30,,213643,7,,,0,71,,213625,7,,,0,30,,213617,7,,,0,70,,213634,7,,,0,30,,213645,7,,,0,69,,213627,7,,,0,29,,213616,7,,,0,70,,213636,7,,,0,30,,213646,7,,,0,71,,213628,7,,,0,30,,213619,7,,,0,70,,213637,7,,,0,30,,213647,7,,,0,69,,213629,7,,,0,30,,213618,7,,,0,70,,213638,7,,,0,30,,213648,7,,,0
12900,'Saturday',704,,219522,5,,,0,40,,219539,5,,,0,80,,219531,5,,,0,80,,219523,5,,,0,40,,219540,5,,,0,80,,219532,5,,,0,80,,219524,5,,,0,40,,219541,5,,,0,80,,219533,5,,,0,80,,219525,5,,,0,40,,219542,5,,,0,80,,219534,5,,,0,80,,219527,5,,,0,40,,219544,5,,,0,80,,219535,5,,,0,80,,219526,5,,,0,40,,219543,5,,,0,80,,219536,5,,,0,80,,219528,5,,,0,40,,219545,5,,,0,83,,219537,5,,,0,77,,219529,5,,,0,40,,219546,5,,,0,80,,219538,5,,,0,80,,219530,5,,,0,43,,219547,5,,,0
12900,'Sunday',704,,219548,5,,,0,40,,219565,5,,,0,80,,219557,5,,,0,80,,219549,5,,,0,40,,219567,5,,,0,80,,219558,5,,,0,80,,219550,5,,,0,40,,219566,5,,,0,80,,219559,5,,,0,80,,219551,5,,,0,40,,219568,5,,,0,80,,219560,5,,,0,80,,219552,5,,,0,40,,219570,5,,,0,80,,219561,5,,,0,80,,219553,5,,,0,40,,219569,5,,,0,80,,219562,5,,,0,80,,219554,5,,,0,40,,219571,5,,,0,83,,219563,5,,,0,77,,219555,5,,,0,40,,219572,5,,,0,80,,219564,5,,,0,80,,219556,5,,,0,43,,219573,5,,,0
12900,'Weekday',554,,219581,5,,,0,67,,219575,5,,,0,30,,219593,5,,,0,70,,219599,5,,,0,30,,219582,5,,,0,70,,219576,5,,,0,30,,219594,5,,,0,70,,219600,5,,,0,30,,219583,5,,,0,70,,219577,5,,,0,30,,219595,5,,,0,70,,219601,5,,,0,30,,219584,5,,,0,70,,219578,5,,,0,30,,219596,5,,,0,70,,219602,5,,,0,30,,219585,5,,,0,73,,219579,5,,,0,27,,219597,5,,,0,67,,219603,5,,,0,32,,219586,5,,,0,57,,219610,5,,,0,15,,219580,5,,,0,30,,219598,5,,,0,68,,219604,5,,,0,30,,219587,5,,,0,71,,219605,5,,,0,30,,219588,5,,,0,70,,219606,5,,,0,30,,219574,5,,,0,70,,219607,5,,,0,30,,219589,5,,,0,70,,219608,5,,,0,30,,219590,5,,,0,70,,219609,5,,,0,30,,219591,5,,,0,100,,219592,5,,,0
15400,'Saturday',637,,221349,5,,,0,85,,221353,5,,,0,85,,221351,5,,,0,45,,221352,5,,,0,85,,221354,5,,,0,85,,221355,5,,,0,85,,221357,5,,,0,45,,221359,5,,,0,86,,221360,5,,,0,85,,221361,5,,,0,85,,221358,5,,,0,45,,221363,5,,,0,85,,221364,5,,,0,85,,221365,5,,,0,85,,221366,5,,,0,45,,221356,5,,,0,85,,221367,5,,,0,85,,221368,5,,,0,85,,221362,5,,,0
15400,'Sunday',637,,221370,5,,,0,85,,221371,5,,,0,85,,221372,5,,,0,45,,221373,5,,,0,85,,221374,5,,,0,85,,221375,5,,,0,85,,221376,5,,,0,45,,221378,5,,,0,86,,221379,5,,,0,85,,221380,5,,,0,85,,221377,5,,,0,45,,221381,5,,,0,85,,221382,5,,,0,85,,221383,5,,,0,85,,221384,5,,,0,45,,221385,5,,,0,85,,221386,5,,,0,85,,221387,5,,,0,85,,221388,5,,,0
15400,'Weekday',535,,221389,5,,,0,70,,221408,5,,,0,30,,221417,5,,,0,70,,221399,5,,,0,30,,221391,5,,,0,70,,221410,5,,,0,30,,221420,5,,,0,70,,221400,5,,,0,30,,221390,5,,,0,70,,221409,5,,,0,30,,221421,5,,,0,70,,221401,5,,,0,30,,221392,5,,,0,70,,221411,5,,,0,30,,221422,5,,,0,70,,221402,5,,,0,30,,221393,5,,,0,70,,221413,5,,,0,30,,221423,5,,,0,71,,221403,5,,,0,32,,221394,5,,,0,69,,221412,5,,,0,30,,221424,5,,,0,72,,221404,5,,,0,30,,221395,5,,,0,70,,221414,5,,,0,29,,221425,5,,,0,68,,221405,5,,,0,30,,221396,5,,,0,70,,221416,5,,,0,30,,221426,5,,,0,72,,221406,5,,,0,30,,221397,5,,,0,70,,221415,5,,,0,30,,221427,5,,,0,68,,221407,5,,,0,30,,221398,5,,,0,70,,221418,5,,,0,30,,221428,5,,,0
70400,'Weekday0000100',1316,,225966,4,0,130 189 190,0
70400,'Weekday1111000',1526,,225968,4,0,130 189 190,0
70600,'Weekday0000100',1316,,225975,2,0,130 184 64,0
70600,'Weekday1111000',1526,,225977,2,0,130 184 64,0
81800,'Weekday0000100',1440,,226242,4,0,12 13 14 15 16,0
81800,'Weekday1111000',1540,,226243,4,0,12 13 14 15 16,0
