2300,'Saturday',548,,205650,54,0,80 12 53,0,59,,205657,54,0,80 12 53,0,19,,205659,54,0,80 12 53,0,19,,205660,54,0,80 12 53,0,60,,205658,54,0,80 12 53,0,19,,205661,54,0,80 12 53,0,19,,205662,54,0,80 12 53,0,60,,205663,54,0,80 12 53,0,19,,205664,54,0,80 12 53,0,19,,205665,54,0,80 12 53,0,59,,205666,54,0,80 12 53,0,19,,205667,54,0,80 12 53,0,19,,205668,54,0,80 12 53,0,19,,205669,54,0,80 12 53,0,59,,205670,54,0,80 12 53,0,19,,205671,54,0,80 12 53,0,19,,205672,54,0,80 12 53,0,59,,205673,54,0,80 12 53,0,20,,205674,54,0,80 12 53,0,20,,205675,54,0,80 12 53,0,65,,205676,54,0,80 12 53,0,23,,205677,54,0,80 12 53,0,59,,205678,54,0,80 12 53,0,21,,205679,54,0,80 12 53,0,19,,205680,54,0,80 12 53,0,19,,205681,54,0,80 12 53,0,59,,205682,54,0,80 12 53,0,19,,205683,54,0,80 12 53,0,19,,205684,54,0,80 12 53,0,59,,205686,54,0,80 12 53,0,19,,205687,54,0,80 12 53,0,19,,205688,54,0,80 12 53,0,59,,205685,54,0,80 12 53,0,19,,205689,54,0,80 12 53,0,19,,205690,54,0,80 12 53,0,58,,205691,54,0,80 12 53,0,18,,205692,54,0,80 12 53,0,18,,205693,54,0,80 12 53,0,59,,205694,54,0,80 12 53,0,19,,205695,54,0,80 12 53,0,19,,205696,54,0,80 12 53,0,59,,205697,54,0,80 12 53,0,19,,205698,54,0,80 12 53,0,19,,205699,54,0,80 12 53,0,19,,205700,54,0,80 12 53,0,57,,205701,54,0,80 12 53,0,18,,205702,54,0,80 12 53,0,18,,205703,54,0,80 12 53,0,56,,205707,54,0,80 12 53,0,19,,205704,54,0,80 12 53,0,18,,205705,54,0,80 12 53,0,58,,205706,54,0,80 12 53,0,18,,205709,54,0,80 12 53,0,18,,205708,54,0,80 12 53,0,19,,205710,54,0,80 12 53,0,59,,205711,54,0,80 12 53,0,18,,205712,54,0,80 12 53,0,17,,205713,54,0,80 12 53,0,58,,205653,54,0,80 12 53,0,19,,205654,54,0,80 12 53,0,19,,205652,54,0,80 12 53,0,59,,205655,54,0,80 12 53,0,19,,205656,54,0,80 12 53,0,19,,205651,54,0,80 12 53,0
2300,'Sunday',548,,205714,54,0,80 12 53,0,59,,205715,54,0,80 12 53,0,19,,205716,54,0,80 12 53,0,19,,205717,54,0,80 12 53,0,60,,205718,54,0,80 12 53,0,19,,205719,54,0,80 12 53,0,19,,205720,54,0,80 12 53,0,60,,205723,54,0,80 12 53,0,19,,205721,54,0,80 12 53,0,19,,205722,54,0,80 12 53,0,59,,205724,54,0,80 12 53,0,19,,205725,54,0,80 12 53,0,19,,205726,54,0,80 12 53,0,19,,205727,54,0,80 12 53,0,59,,205728,54,0,80 12 53,0,19,,205729,54,0,80 12 53,0,19,,205730,54,0,80 12 53,0,59,,205731,54,0,80 12 53,0,20,,205732,54,0,80 12 53,0,20,,205733,54,0,80 12 53,0,65,,205734,54,0,80 12 53,0,23,,205735,54,0,80 12 53,0,59,,205736,54,0,80 12 53,0,21,,205737,54,0,80 12 53,0,19,,205738,54,0,80 12 53,0,19,,205739,54,0,80 12 53,0,59,,205740,54,0,80 12 53,0,19,,205741,54,0,80 12 53,0,19,,205742,54,0,80 12 53,0,59,,205743,54,0,80 12 53,0,19,,205745,54,0,80 12 53,0,19,,205744,54,0,80 12 53,0,59,,205746,54,0,80 12 53,0,19,,205748,54,0,80 12 53,0,19,,205747,54,0,80 12 53,0,58,,205749,54,0,80 12 53,0,18,,205750,54,0,80 12 53,0,18,,205751,54,0,80 12 53,0,59,,205752,54,0,80 12 53,0,19,,205753,54,0,80 12 53,0,19,,205756,54,0,80 12 53,0,59,,205755,54,0,80 12 53,0,19,,205754,54,0,80 12 53,0,19,,205758,54,0,80 12 53,0,19,,205757,54,0,80 12 53,0,57,,205759,54,0,80 12 53,0,18,,205760,54,0,80 12 53,0,18,,205761,54,0,80 12 53,0,56,,205763,54,0,80 12 53,0,19,,205762,54,0,80 12 53,0,18,,205764,54,0,80 12 53,0,58,,205765,54,0,80 12 53,0,18,,205766,54,0,80 12 53,0,18,,205767,54,0,80 12 53,0,19,,205768,54,0,80 12 53,0,59,,205769,54,0,80 12 53,0,18,,205770,54,0,80 12 53,0,17,,205771,54,0,80 12 53,0,58,,205772,54,0,80 12 53,0,19,,205773,54,0,80 12 53,0,19,,205774,54,0,80 12 53,0,59,,205775,54,0,80 12 53,0,19,,205777,54,0,80 12 53,0,19,,205776,54,0,80 12 53,0
2300,'Weekday',512,,205786,54,0,80 12 53,0,17,,205840,54,0,80 12 53,0,16,,205792,54,0,80 12 53,0,57,,205780,54,0,80 12 53,0,18,,205839,54,0,80 12 53,0,16,,205782,54,0,80 12 53,0,15,,205781,54,0,80 12 53,0,52,,205798,54,0,80 12 53,0,10,,205784,54,0,80 12 53,0,11,,205846,54,0,80 12 53,0,13,,205841,54,0,80 12 53,0,12,,205787,54,0,80 12 53,0,53,,205783,54,0,80 12 53,0,12,,205793,54,0,80 12 53,0,11,,205804,54,0,80 12 53,0,11,,205785,54,0,80 12 53,0,10,,205842,54,0,80 12 53,0,11,,205809,54,0,80 12 53,0,52,,205843,54,0,80 12 53,0,12,,205799,54,0,80 12 53,0,13,,205844,54,0,80 12 53,0,12,,205818,54,0,80 12 53,0,11,,205845,54,0,80 12 53,0,51,,205788,54,0,80 12 53,0,20,,205794,54,0,80 12 53,0,21,,205803,54,0,80 12 53,0,61,,205808,54,0,80 12 53,0,22,,205813,54,0,80 12 53,0,23,,205817,54,0,80 12 53,0,62,,205789,54,0,80 12 53,0,22,,205806,54,0,80 12 53,0,61,,205810,54,0,80 12 53,0,22,,205837,54,0,80 12 53,0,24,,205814,54,0,80 12 53,0,65,,205802,54,0,80 12 53,0,21,,205838,54,0,80 12 53,0,15,,205819,54,0,80 12 53,0,11,,205821,54,0,80 12 53,0,52,,205790,54,0,80 12 53,0,12,,205827,54,0,80 12 53,0,13,,205795,54,0,80 12 53,0,13,,205826,54,0,80 12 53,0,52,,205805,54,0,80 12 53,0,12,,205825,54,0,80 12 53,0,13,,205811,54,0,80 12 53,0,11,,205778,54,0,80 12 53,0,11,,205815,54,0,80 12 53,0,11,,205831,54,0,80 12 53,0,50,,205828,54,0,80 12 53,0,10,,205800,54,0,80 12 53,0,10,,205820,54,0,80 12 53,0,10,,205822,54,0,80 12 53,0,10,,205832,54,0,80 12 53,0,11,,205791,54,0,80 12 53,0,51,,205796,54,0,80 12 53,0,11,,205833,54,0,80 12 53,0,11,,205779,54,0,80 12 53,0,10,,205807,54,0,80 12 53,0,10,,205834,54,0,80 12 53,0,48,,205812,54,0,80 12 53,0,9,,205824,54,0,80 12 53,0,10,,205816,54,0,80 12 53,0,9,,205835,54,0,80 12 53,0,9,,205829,54,0,80 12 53,0,13,,205836,54,0,80 12 53,0,55,,205801,54,0,80 12 53,0,15,,205823,54,0,80 12 53,0,16,,205797,54,0,80 12 53,0,15,,205830,54,0,80 12 53,0,62,,205848,54,0,80 12 53,0,22,,205847,54,0,80 12 53,0,20,,205849,54,0,80 12 53,0,60,,205850,54,0,80 12 53,0,21,,205851,54,0,80 12 53,0,21,,205852,54,0,80 12 53,0,65,,205853,54,0,80 12 53,0,25,,205854,54,0,80 12 53,0,65,,205855,54,0,80 12 53,0,25,,205856,54,0,80 12 53,0,65,,205857,54,0,80 12 53,0,25,,205858,54,0,80 12 53,0,25,,205859,54,0,80 12 53,0
2300,'Weekday0000100',1404,,205860,21,0,80 12 53,0,15,,205862,9,0,80 12 53,0,4,,205863,11,0,81 47,0
2300,'Weekday1111000',1551,,205865,21,0,80 12 53,0,5,,205864,9,0,80 12 53,0,57,,205866,21,0,80 12 53,0
3800,'Saturday',518,,207699,42,,,0,23,,207700,42,,,0,63,,207701,42,,,0,23,,207703,42,,,0,23,,207704,42,,,0,63,,207702,42,,,0,23,,207705,42,,,0,23,,207707,42,,,0,63,,207706,42,,,0,23,,207708,42,,,0,63,,207709,42,,,0,24,,207711,42,,,0,26,,207710,42,,,0,66,,207715,42,,,0,22,,207716,42,,,0,62,,207717,42,,,0,23,,207714,42,,,0,21,,207713,42,,,0,61,,207712,42,,,0,21,,207718,42,,,0,22,,207720,42,,,0,62,,207719,42,,,0,22,,207721,42,,,0,62,,207675,42,,,0,21,,207670,42,,,0,21,,207722,42,,,0,62,,207697,42,,,0,22,,207724,42,,,0,22,,207723,42,,,0,62,,207676,42,,,0,21,,207677,42,,,0,20,,207688,42,,,0,62,,207685,42,,,0,22,,207671,42,,,0,22,,207681,42,,,0,62,,207678,42,,,0,21,,207682,42,,,0,60,,207672,42,,,0,20,,207693,42,,,0,23,,207698,42,,,0,59,,207689,42,,,0,18,,207686,42,,,0,24,,207673,42,,,0,64,,207679,42,,,0,24,,207687,42,,,0,25,,207694,42,,,0,64,,207683,42,,,0,24,,207690,42,,,0,64,,207680,42,,,0,24,,207674,42,,,0,24,,207696,42,,,0,64,,207691,42,,,0,24,,207695,42,,,0,64,,207684,42,,,0,24,,207692,42,,,0
3800,'Sunday',518,,207725,42,,,0,23,,207726,42,,,0,63,,207727,42,,,0,23,,207728,42,,,0,23,,207729,42,,,0,63,,207730,42,,,0,23,,207731,42,,,0,23,,207732,42,,,0,63,,207733,42,,,0,23,,207734,42,,,0,63,,207735,42,,,0,24,,207736,42,,,0,26,,207737,42,,,0,66,,207738,42,,,0,22,,207739,42,,,0,62,,207740,42,,,0,23,,207741,42,,,0,21,,207742,42,,,0,61,,207743,42,,,0,21,,207744,42,,,0,22,,207745,42,,,0,62,,207746,42,,,0,22,,207747,42,,,0,62,,207748,42,,,0,21,,207749,42,,,0,21,,207750,42,,,0,62,,207751,42,,,0,22,,207752,42,,,0,22,,207753,42,,,0,62,,207754,42,,,0,21,,207779,42,,,0,20,,207755,42,,,0,62,,207756,42,,,0,22,,207757,42,,,0,22,,207758,42,,,0,62,,207759,42,,,0,21,,207760,42,,,0,60,,207761,42,,,0,20,,207762,42,,,0,22,,207763,42,,,0,60,,207764,42,,,0,19,,207765,42,,,0,23,,207766,42,,,0,64,,207767,42,,,0,24,,207768,42,,,0,25,,207769,42,,,0,64,,207770,42,,,0,24,,207771,42,,,0,64,,207772,42,,,0,24,,207773,42,,,0,24,,207774,42,,,0,64,,207775,42,,,0,24,,207776,42,,,0,64,,207777,42,,,0,24,,207778,42,,,0
3800,'Weekday',503,,207781,42,,,0,13,,207782,42,,,0,13,,207783,42,,,0,14,,207784,42,,,0,14,,207785,42,,,0,54,,207786,42,,,0,13,,207800,42,,,0,15,,207787,42,,,0,15,,207788,42,,,0,55,,207789,42,,,0,17,,207790,42,,,0,19,,207791,42,,,0,55,,207792,42,,,0,15,,207793,42,,,0,15,,207794,42,,,0,15,,207795,42,,,0,56,,207796,42,,,0,17,,207797,42,,,0,18,,207798,42,,,0,19,,207799,42,,,0,60,,207802,42,,,0,20,,207813,42,,,0,18,,207805,42,,,0,58,,207809,42,,,0,19,,207811,42,,,0,20,,207815,42,,,0,60,,207807,42,,,0,18,,207803,42,,,0,18,,207814,42,,,0,60,,207810,42,,,0,20,,207808,42,,,0,19,,207804,42,,,0,59,,207812,42,,,0,17,,207801,42,,,0,17,,207806,42,,,0,15,,207816,42,,,0,56,,207819,42,,,0,16,,207821,42,,,0,16,,207822,42,,,0,16,,207823,42,,,0,55,,207824,42,,,0,5,,207855,42,,,0,10,,207825,42,,,0,14,,207826,42,,,0,13,,207827,42,,,0,55,,207828,42,,,0,14,,207829,42,,,0,16,,207830,42,,,0,15,,207831,42,,,0,56,,207832,42,,,0,15,,207833,42,,,0,14,,207834,42,,,0,15,,207817,42,,,0,54,,207818,42,,,0,15,,207820,42,,,0,20,,207835,42,,,0,60,,207836,42,,,0,20,,207837,42,,,0,19,,207838,42,,,0,17,,207839,42,,,0,58,,207840,42,,,0,21,,207841,42,,,0,20,,207842,42,,,0,60,,207843,42,,,0,20,,207844,42,,,0,19,,207845,42,,,0,60,,207846,42,,,0,20,,207847,42,,,0,20,,207848,42,,,0,60,,207849,42,,,0,20,,207850,42,,,0,20,,207851,42,,,0,60,,207852,42,,,0,20,,207853,42,,,0,20,,207854,42,,,0
3800,'Weekday0000100',1429,,207858,42,,,0,83,,207857,42,,,0
3800,'Weekday1111000',1611,,207861,42,,,0,6,,207860,42,,,0
