9900,'Saturday',620,,216578,23,,,0,30,,216553,23,,,0,70,,216554,23,,,0,30,,216587,23,,,0,70,,216558,23,,,0,30,,216561,23,,,0,70,,216583,23,,,0,30,,216557,23,,,0,70,,216562,23,,,0,30,,216584,23,,,0,70,,216560,23,,,0,30,,216559,23,,,0,70,,216585,23,,,0,30,,216563,23,,,0,70,,216565,23,,,0,30,,216577,23,,,0,70,,216566,23,,,0,30,,216567,23,,,0,70,,216581,23,,,0,30,,216564,23,,,0,70,,216568,23,,,0,30,,216579,23,,,0,70,,216570,23,,,0,30,,216571,23,,,0,70,,216580,23,,,0,30,,216572,23,,,0,70,,216569,23,,,0,30,,216582,23,,,0,70,,216573,23,,,0,30,,216574,23,,,0,70,,216586,23,,,0,30,,216575,23,,,0,70,,216555,23,,,0,30,,216576,23,,,0,70,,216556,23,,,0
9900,'Sunday',620,,216609,23,,,0,30,,216588,23,,,0,70,,216589,23,,,0,30,,216619,23,,,0,70,,216590,23,,,0,30,,216592,23,,,0,70,,216611,23,,,0,30,,216597,23,,,0,70,,216598,23,,,0,30,,216613,23,,,0,70,,216595,23,,,0,30,,216593,23,,,0,70,,216616,23,,,0,30,,216591,23,,,0,70,,216596,23,,,0,30,,216612,23,,,0,70,,216594,23,,,0,30,,216599,23,,,0,70,,216614,23,,,0,30,,216600,23,,,0,70,,216601,23,,,0,30,,216618,23,,,0,70,,216602,23,,,0,30,,216604,23,,,0,70,,216610,23,,,0,30,,216603,23,,,0,70,,216605,23,,,0,30,,216617,23,,,0,70,,216607,23,,,0,30,,216606,23,,,0,70,,216615,23,,,0,30,,216608,23,,,0
9900,'Weekday',535,,216628,23,,,0,23,,216637,23,,,0,73,,216631,23,,,0,70,,216633,23,,,0,30,,216635,23,,,0,70,,216630,23,,,0,30,,216629,23,,,0,24,,216632,23,,,0,75,,216634,23,,,0,70,,216638,23,,,0,30,,216639,23,,,0,70,,216636,23,,,0,30,,216640,23,,,0,70,,216641,23,,,0,30,,216642,23,,,0,70,,216643,23,,,0,30,,216644,23,,,0,70,,216645,23,,,0,30,,216646,23,,,0,71,,216647,23,,,0,30,,216648,23,,,0,70,,216649,23,,,0,30,,216650,23,,,0,70,,216652,23,,,0,30,,216653,23,,,0,70,,216654,23,,,0,30,,216655,23,,,0,69,,216656,23,,,0,28,,216657,23,,,0,30,,216651,23,,,0,70,,216625,23,,,0,30,,216623,23,,,0,69,,216621,23,,,0,30,,216624,23,,,0,70,,216626,23,,,0,30,,216620,23,,,0,70,,216622,23,,,0,73,,216627,23,,,0
71100,'Weekday',849,,225983,23,4,,0
71101,'Weekday0000100',1415,10,225984,1,0,29 159,0
71101,'Weekday1111000',1540,10,225985,1,0,29 159,0
71200,'Weekday',850,,225986,31,4,,0
71201,'Weekday0000100',1415,10,225987,1,0,29 158,0
71201,'Weekday1111000',1540,10,225988,1,0,29 158,0
71300,'Weekday',850,,225989,38,4,,0
71301,'Weekday0000100',1415,10,225990,1,0,29 160,0
71301,'Weekday1111000',1540,10,225991,1,0,29 160,0
71400,'Weekday',850,,225993,12,4,,0
71500,'Weekday',850,,226001,32,4,,0
71501,'Weekday0000100',1415,10,226002,1,0,29 161,0
71501,'Weekday1111000',1540,10,226003,1,0,29 161,0
71600,'Weekday',850,,226005,16,4,,0
71700,'Weekday',850,,226011,26,4,,0
71800,'Weekday',850,,226017,24,4,,0
71801,'Weekday0000100',1415,10,226018,1,0,29 104,0
71801,'Weekday1111000',1540,10,226019,1,0,29 104,0
71900,'Weekday',850,,226021,30,4,,0
72003,'Weekday',850,,226026,18,4,,0
