2000,'Saturday',633,,205031,22,,,0,26,,205050,22,,,0,66,,205037,22,,,0,26,,205043,22,,,0,66,,205058,22,,,0,26,,205063,22,,,0,66,,205032,22,,,0,27,,205051,22,,,0,67,,205038,22,,,0,27,,205045,22,,,0,27,,205057,22,,,0,67,,205064,22,,,0,27,,205030,22,,,0,67,,205052,22,,,0,27,,205039,22,,,0,67,,205046,22,,,0,27,,205059,22,,,0,67,,205065,22,,,0,27,,205033,22,,,0,67,,205053,22,,,0,27,,205040,22,,,0,27,,205047,22,,,0,67,,205060,22,,,0,27,,205066,22,,,0,67,,205034,22,,,0,27,,205054,22,,,0,67,,205041,22,,,0,27,,205048,22,,,0,67,,205062,22,,,0,27,,205067,22,,,0,27,,205036,22,,,0,66,,205055,22,,,0,26,,205042,22,,,0,66,,205049,22,,,0,26,,205061,22,,,0,66,,205068,22,,,0,26,,205035,22,,,0,26,,205056,22,,,0,66,,205070,22,,,0,25,,205069,22,,,0,66,,205044,22,,,0
2000,'Sunday',633,,205071,22,,,0,26,,205090,22,,,0,66,,205079,22,,,0,26,,205084,22,,,0,66,,205097,22,,,0,26,,205104,22,,,0,66,,205072,22,,,0,27,,205091,22,,,0,67,,205080,22,,,0,27,,205085,22,,,0,27,,205098,22,,,0,67,,205103,22,,,0,27,,205073,22,,,0,67,,205092,22,,,0,27,,205081,22,,,0,67,,205086,22,,,0,27,,205099,22,,,0,67,,205105,22,,,0,27,,205074,22,,,0,67,,205093,22,,,0,27,,205082,22,,,0,27,,205087,22,,,0,67,,205100,22,,,0,27,,205107,22,,,0,67,,205075,22,,,0,27,,205094,22,,,0,67,,205078,22,,,0,27,,205088,22,,,0,67,,205101,22,,,0,27,,205106,22,,,0,27,,205077,22,,,0,66,,205095,22,,,0,26,,205083,22,,,0,66,,205089,22,,,0,26,,205102,22,,,0,66,,205108,22,,,0,26,,205076,22,,,0,26,,205110,22,,,0,66,,205109,22,,,0,24,,205096,22,,,0
2000,'Weekday',457,,205111,7,,,0,61,,205121,7,,,0,22,,205125,22,,,0,70,,205139,22,,,0,28,,205133,22,,,0,14,,205145,22,,,0,54,,205119,22,,,0,14,,205147,22,,,0,14,,205112,22,,,0,14,,205149,22,,,0,54,,205120,22,,,0,14,,205144,22,,,0,14,,205126,22,,,0,15,,205146,22,,,0,12,,205137,22,,,0,54,,205148,22,,,0,14,,205135,22,,,0,28,,205150,22,,,0,68,,205113,22,,,0,28,,205122,22,,,0,68,,205127,22,,,0,28,,205140,22,,,0,68,,205134,22,,,0,28,,205151,22,,,0,68,,205114,22,,,0,28,,205123,22,,,0,65,,205128,22,,,0,31,,205141,22,,,0,70,,205136,22,,,0,3,,205156,7,,,0,20,,205161,7,,,0,5,,205152,22,,,0,14,,205159,22,,,0,14,,205115,22,,,0,54,,205167,22,,,0,14,,205124,22,,,0,14,,205170,22,,,0,14,,205130,22,,,0,53,,205157,22,,,0,12,,205162,22,,,0,14,,205142,22,,,0,14,,205138,22,,,0,54,,205158,22,,,0,14,,205153,22,,,0,14,,205160,22,,,0,14,,205116,22,,,0,13,,205166,22,,,0,68,,205129,22,,,0,28,,205163,22,,,0,68,,205143,22,,,0,28,,205154,22,,,0,68,,205117,22,,,0,28,,205168,22,,,0,68,,205131,22,,,0,35,,205164,22,,,0,67,,205155,22,,,0,30,,205118,22,,,0,70,,205169,22,,,0,30,,205132,22,,,0,60,,205165,22,,,0
2000,'Weekday0000100',1427,,205171,7,,,0
6600,'Saturday',554,,212087,27,,,0,73,,212104,27,,,0,73,,212088,27,,,0,33,,212106,27,,,0,73,,212089,27,,,0,33,,212105,27,,,0,73,,212090,27,,,0,34,,212107,27,,,0,73,,212091,27,,,0,33,,212108,27,,,0,73,,212092,27,,,0,33,,212110,27,,,0,73,,212093,27,,,0,73,,212109,27,,,0,33,,212094,27,,,0,73,,212111,27,,,0,33,,212095,27,,,0,73,,212112,27,,,0,33,,212096,27,,,0,73,,212113,27,,,0,33,,212098,27,,,0,73,,212116,27,,,0,73,,212097,27,,,0,32,,212114,27,,,0,73,,212099,27,,,0,33,,212115,27,,,0,73,,212100,27,,,0,33,,212117,27,,,0,73,,212102,27,,,0,33,,212118,27,,,0,73,,212101,27,,,0,33,,212119,27,,,0,73,,212103,27,,,0
6600,'Sunday',554,,212120,27,,,0,73,,212138,27,,,0,73,,212122,27,,,0,33,,212140,27,,,0,73,,212121,27,,,0,33,,212139,27,,,0,73,,212123,27,,,0,34,,212137,27,,,0,73,,212125,27,,,0,33,,212141,27,,,0,73,,212124,27,,,0,33,,212142,27,,,0,73,,212126,27,,,0,73,,212143,27,,,0,33,,212127,27,,,0,73,,212144,27,,,0,33,,212129,27,,,0,73,,212145,27,,,0,33,,212128,27,,,0,73,,212146,27,,,0,33,,212130,27,,,0,73,,212147,27,,,0,73,,212131,27,,,0,32,,212148,27,,,0,73,,212132,27,,,0,33,,212149,27,,,0,73,,212133,27,,,0,33,,212150,27,,,0,73,,212134,27,,,0,33,,212151,27,,,0,73,,212135,27,,,0,33,,212152,27,,,0,73,,212136,27,,,0
6600,'Weekday',537,,212157,27,,,0,64,,212158,27,,,0,23,,212166,27,,,0,23,,212167,27,,,0,63,,212164,27,,,0,23,,212168,27,,,0,23,,212165,27,,,0,63,,212170,27,,,0,23,,212171,27,,,0,62,,212172,27,,,0,23,,212169,27,,,0,23,,212173,27,,,0,63,,212174,27,,,0,23,,212175,27,,,0,23,,212176,27,,,0,63,,212177,27,,,0,23,,212178,27,,,0,63,,212179,27,,,0,23,,212181,27,,,0,23,,212182,27,,,0,63,,212180,27,,,0,23,,212185,27,,,0,63,,212186,27,,,0,23,,212183,27,,,0,23,,212187,27,,,0,63,,212184,27,,,0,24,,212188,27,,,0,23,,212189,27,,,0,63,,212190,27,,,0,23,,212191,27,,,0,63,,212192,27,,,0,23,,212194,27,,,0,23,,212197,27,,,0,63,,212193,27,,,0,23,,212198,27,,,0,68,,212196,27,,,0,33,,212195,27,,,0,71,,212160,27,,,0,32,,212153,27,,,0,73,,212159,27,,,0,33,,212154,27,,,0,73,,212161,27,,,0,33,,212155,27,,,0,73,,212162,27,,,0,73,,212156,27,,,0
30400,'Saturday',641,,224262,12,,,0,18,,224261,12,,,0,58,,224260,12,,,0,18,,224259,12,,,0,18,,224258,12,,,0,58,,224257,12,,,0,18,,224256,12,,,0,18,,224255,12,,,0,58,,224254,12,,,0,18,,224253,12,,,0,18,,224252,12,,,0,18,,224251,12,,,0,58,,224250,12,,,0,18,,224249,12,,,0,18,,224248,12,,,0,58,,224247,12,,,0,20,,224246,12,,,0,20,,224245,12,,,0,60,,224244,12,,,0,20,,224243,12,,,0,20,,224242,12,,,0,60,,224241,12,,,0,20,,224240,12,,,0,20,,224239,12,,,0,60,,224238,12,,,0,20,,224237,12,,,0,20,,224236,12,,,0,60,,224235,12,,,0,20,,224234,12,,,0,20,,224233,12,,,0,60,,224232,12,,,0,20,,224231,12,,,0,20,,224230,12,,,0,60,,224229,12,,,0,20,,224228,12,,,0,20,,224227,12,,,0,60,,224226,12,,,0,20,,224225,12,,,0,18,,224224,12,,,0,57,,224223,12,,,0,18,,224222,12,,,0,18,,224221,12,,,0,58,,224220,12,,,0,18,,224219,12,,,0,18,,224218,12,,,0,18,,224217,12,,,0,58,,224216,12,,,0,18,,224215,12,,,0,18,,224214,12,,,0,58,,224213,12,,,0,18,,224212,12,,,0,18,,224211,12,,,0,58,,224210,12,,,0,18,,224209,12,,,0,22,,224208,12,,,0
30400,'Sunday',641,,224317,12,,,0,18,,224316,12,,,0,58,,224315,12,,,0,18,,224314,12,,,0,18,,224313,12,,,0,58,,224312,12,,,0,18,,224311,12,,,0,18,,224310,12,,,0,58,,224309,12,,,0,18,,224308,12,,,0,18,,224307,12,,,0,18,,224306,12,,,0,58,,224305,12,,,0,18,,224304,12,,,0,18,,224303,12,,,0,58,,224302,12,,,0,20,,224294,12,,,0,20,,224293,12,,,0,60,,224292,12,,,0,20,,224291,12,,,0,20,,224297,12,,,0,60,,224290,12,,,0,20,,224289,12,,,0,20,,224288,12,,,0,60,,224287,12,,,0,20,,224295,12,,,0,20,,224286,12,,,0,60,,224285,12,,,0,20,,224284,12,,,0,20,,224283,12,,,0,60,,224296,12,,,0,20,,224282,12,,,0,20,,224281,12,,,0,60,,224280,12,,,0,20,,224279,12,,,0,20,,224298,12,,,0,60,,224278,12,,,0,20,,224277,12,,,0,18,,224276,12,,,0,57,,224275,12,,,0,18,,224299,12,,,0,18,,224274,12,,,0,58,,224273,12,,,0,18,,224272,12,,,0,18,,224271,12,,,0,18,,224301,12,,,0,58,,224270,12,,,0,18,,224269,12,,,0,18,,224268,12,,,0,58,,224267,12,,,0,18,,224300,12,,,0,18,,224266,12,,,0,58,,224265,12,,,0,18,,224264,12,,,0,22,,224263,12,,,0
30400,'Weekday',604,,224318,12,,,0,24,,224321,12,,,0,10,,224329,12,,,0,10,,224331,12,,,0,10,,224334,12,,,0,50,,224342,12,,,0,10,,224344,12,,,0,10,,224352,12,,,0,10,,224319,12,,,0,10,,224360,12,,,0,10,,224322,12,,,0,50,,224330,12,,,0,10,,224332,12,,,0,10,,224335,12,,,0,10,,224343,12,,,0,10,,224345,12,,,0,10,,224353,12,,,0,50,,224320,12,,,0,10,,224361,12,,,0,10,,224323,12,,,0,17,,224333,12,,,0,56,,224337,12,,,0,18,,224346,12,,,0,18,,224354,12,,,0,18,,224362,12,,,0,58,,224324,12,,,0,18,,224336,12,,,0,18,,224347,12,,,0,58,,224355,12,,,0,18,,224363,12,,,0,18,,224325,12,,,0,58,,224338,12,,,0,18,,224348,12,,,0,18,,224356,12,,,0,18,,224364,12,,,0,58,,224326,12,,,0,18,,224339,12,,,0,18,,224349,12,,,0,59,,224358,12,,,0,21,,224365,12,,,0,10,,224367,12,,,0,10,,224327,12,,,0,10,,224369,12,,,0,50,,224340,12,,,0,10,,224370,12,,,0,10,,224351,12,,,0,10,,224373,12,,,0,10,,224357,12,,,0,10,,224375,12,,,0,50,,224366,12,,,0,10,,224368,12,,,0,10,,224328,12,,,0,10,,224371,12,,,0,10,,224341,12,,,0,10,,224372,12,,,0,50,,224350,12,,,0,10,,224374,12,,,0,9,,224359,12,,,0,20,,224377,12,,,0,61,,224378,12,,,0,22,,224376,12,,,0,22,,224379,12,,,0,62,,224381,12,,,0,22,,224382,12,,,0,22,,224380,12,,,0,62,,224383,12,,,0,22,,224384,12,,,0,62,,224385,12,,,0,22,,224386,12,,,0,22,,224387,12,,,0,62,,224388,12,,,0,22,,224389,12,,,0,22,,224390,12,,,0,62,,224391,12,,,0
