701,'Saturday',631,,203004,11,,,0,74,,203021,11,,,0,35,,203003,11,,,0,75,,203022,11,,,0,40,,203023,11,,,0,76,,203005,11,,,0,76,,203012,11,,,0,36,,203006,11,,,0,76,,203013,11,,,0,36,,203024,11,,,0,76,,203014,11,,,0,76,,203025,11,,,0,36,,203015,11,,,0,76,,203026,11,,,0,36,,203008,11,,,0,76,,203028,11,,,0,76,,203009,11,,,0,36,,203029,11,,,0,76,,203010,11,,,0,36,,203016,11,,,0,76,,203007,11,,,0,76,,203018,11,,,0,36,,203011,11,,,0,76,,203019,11,,,0,33,,203027,11,,,0,76,,203020,11,,,0,76,,203030,11,,,0,36,,203032,11,,,0,76,,203017,11,,,0,85,,203031,11,,,0
701,'Sunday',635,,203033,11,,,0,70,,203054,11,,,0,35,,203034,11,,,0,76,,203051,11,,,0,36,,203053,11,,,0,76,,203035,11,,,0,79,,203045,11,,,0,36,,203052,11,,,0,76,,203044,11,,,0,36,,203055,11,,,0,76,,203046,11,,,0,76,,203057,11,,,0,36,,203036,11,,,0,76,,203056,11,,,0,36,,203037,11,,,0,76,,203058,11,,,0,76,,203038,11,,,0,36,,203047,11,,,0,76,,203040,11,,,0,36,,203048,11,,,0,76,,203039,11,,,0,76,,203049,11,,,0,36,,203041,11,,,0,76,,203050,11,,,0,33,,203059,11,,,0,76,,203060,11,,,0,76,,203042,11,,,0,36,,203061,11,,,0,76,,203043,11,,,0,85,,203062,11,,,0
701,'Weekday',622,,203064,11,,,0,25,,203094,11,,,0,62,,203097,11,,,0,23,,203077,11,,,0,22,,203065,11,,,0,62,,203095,11,,,0,22,,203099,11,,,0,62,,203078,11,,,0,21,,203063,11,,,0,21,,203096,11,,,0,60,,203098,11,,,0,22,,203079,11,,,0,22,,203066,11,,,0,65,,203100,11,,,0,25,,203080,11,,,0,65,,203067,11,,,0,25,,203101,11,,,0,25,,203081,11,,,0,65,,203068,11,,,0,25,,203103,11,,,0,65,,203082,11,,,0,25,,203069,11,,,0,25,,203102,11,,,0,67,,203083,11,,,0,20,,203086,11,,,0,60,,203070,11,,,0,22,,203104,11,,,0,22,,203084,11,,,0,62,,203087,11,,,0,22,,203071,11,,,0,22,,203105,11,,,0,61,,203085,11,,,0,19,,203088,11,,,0,20,,203072,11,,,0,62,,203106,11,,,0,25,,203089,11,,,0,65,,203073,11,,,0,25,,203107,11,,,0,25,,203090,11,,,0,65,,203074,11,,,0,25,,203108,11,,,0,64,,203092,11,,,0,25,,203075,11,,,0,25,,203109,11,,,0,65,,203091,11,,,0,25,,203076,11,,,0,53,,203110,11,,,0,35,,203093,11,,,0
701,'Weekday1111000',1500,,203111,1,,,0
2201,'Saturday',627,,205565,11,0,134 135 136,0,74,,205556,11,0,134 135 136,0,38,,205567,11,0,134 135 136,0,78,,205557,11,0,134 135 136,0,38,,205568,11,0,134 135 136,0,78,,205558,11,0,134 135 136,0,78,,205573,11,0,134 135 136,0,38,,205559,11,0,134 135 136,0,75,,205575,11,0,134 135 136,0,78,,205574,11,0,134 135 136,0,38,,205566,11,0,134 135 136,0,78,,205576,11,0,134 135 136,0,38,,205560,11,0,134 135 136,0,78,,205571,11,0,134 135 136,0,78,,205570,11,0,134 135 136,0,38,,205577,11,0,134 135 136,0,78,,205561,11,0,134 135 136,0,78,,205578,11,0,134 135 136,0,38,,205569,11,0,134 135 136,0,78,,205579,11,0,134 135 136,0,35,,205572,11,0,134 135 136,0,78,,205580,11,0,134 135 136,0,78,,205562,11,0,134 135 136,0,38,,205581,11,0,134 135 136,0,78,,205563,11,0,134 135 136,0,78,,205583,11,0,134 135 136,0,38,,205564,11,0,134 135 136,0,78,,205582,11,0,134 135 136,0
2201,'Sunday',630,,205597,11,0,134 135 136,0,75,,205584,11,0,134 135 136,0,38,,205598,11,0,134 135 136,0,78,,205586,11,0,134 135 136,0,38,,205599,11,0,134 135 136,0,78,,205585,11,0,134 135 136,0,78,,205600,11,0,134 135 136,0,38,,205587,11,0,134 135 136,0,78,,205601,11,0,134 135 136,0,78,,205588,11,0,134 135 136,0,38,,205602,11,0,134 135 136,0,78,,205589,11,0,134 135 136,0,78,,205603,11,0,134 135 136,0,38,,205591,11,0,134 135 136,0,78,,205604,11,0,134 135 136,0,38,,205590,11,0,134 135 136,0,78,,205605,11,0,134 135 136,0,78,,205593,11,0,134 135 136,0,38,,205606,11,0,134 135 136,0,78,,205592,11,0,134 135 136,0,77,,205607,11,0,134 135 136,0,38,,205594,11,0,134 135 136,0,78,,205608,11,0,134 135 136,0,78,,205595,11,0,134 135 136,0,38,,205610,11,0,134 135 136,0,78,,205596,11,0,134 135 136,0,38,,205609,11,0,134 135 136,0
2201,'Weekday',608,,205611,11,0,134 135 136,0,38,,205626,11,0,134 135 136,0,68,,205640,11,0,134 135 136,0,28,,205612,11,0,134 135 136,0,68,,205627,11,0,134 135 136,0,28,,205641,11,0,134 135 136,0,68,,205613,11,0,134 135 136,0,25,,205628,11,0,134 135 136,0,26,,205642,11,0,134 135 136,0,66,,205614,11,0,134 135 136,0,26,,205629,11,0,134 135 136,0,66,,205643,11,0,134 135 136,0,26,,205615,11,0,134 135 136,0,66,,205630,11,0,134 135 136,0,26,,205644,11,0,134 135 136,0,26,,205616,11,0,134 135 136,0,66,,205631,11,0,134 135 136,0,26,,205645,11,0,134 135 136,0,66,,205617,11,0,134 135 136,0,26,,205632,11,0,134 135 136,0,67,,205646,11,0,134 135 136,0,29,,205618,11,0,134 135 136,0,68,,205633,11,0,134 135 136,0,28,,205647,11,0,134 135 136,0,68,,205619,11,0,134 135 136,0,28,,205634,11,0,134 135 136,0,28,,205648,11,0,134 135 136,0,66,,205620,11,0,134 135 136,0,76,,205635,11,0,134 135 136,0,36,,205621,11,0,134 135 136,0,76,,205636,11,0,134 135 136,0,36,,205622,11,0,134 135 136,0,76,,205637,11,0,134 135 136,0,76,,205623,11,0,134 135 136,0,36,,205638,11,0,134 135 136,0,76,,205624,11,0,134 135 136,0,45,,205639,11,0,134 135 136,0,75,,205625,11,0,134 135 136,0
2201,'Weekday1111000',1457,,205649,1,0,134 135 136,0
41400,'Saturday',802,,225278,1,0,194 12 119,0,100,,225273,1,0,194 12 119,0,100,,225277,1,0,194 12 119,0,100,,225268,1,0,194 12 119,0,100,,225269,1,0,194 12 119,0,100,,225274,1,0,194 12 119,0,100,,225276,1,0,194 12 119,0,100,,225270,1,0,194 12 119,0,100,,225272,1,0,194 12 119,0,100,,225271,1,0,194 12 119,0,100,,225275,1,0,194 12 119,0
41400,'Sunday',902,,225283,1,0,194 12 119,0,100,,225281,1,0,194 12 119,0,100,,225282,1,0,194 12 119,0,100,,225280,1,0,194 12 119,0,100,,225279,1,0,194 12 119,0,100,,225284,1,0,194 12 119,0,100,,225285,1,0,194 12 119,0,100,,225286,1,0,194 12 119,0,100,,225287,1,0,194 12 119,0,100,,225288,1,0,194 12 119,0
41400,'Weekday',606,,225289,1,0,194 12 119,0,30,,225302,1,0,194 12 119,0,66,,225291,1,0,194 12 119,0,30,,225303,1,0,194 12 119,0,70,,225293,1,0,194 12 119,0,30,,225304,1,0,194 12 119,0,70,,225290,1,0,194 12 119,0,100,,225292,1,0,194 12 119,0,100,,225294,1,0,194 12 119,0,100,,225295,1,0,194 12 119,0,100,,225296,1,0,194 12 119,0,100,,225297,1,0,194 12 119,0,30,,225305,1,0,194 12 119,0,70,,225298,1,0,194 12 119,0,36,,225306,1,0,194 12 119,0,67,,225299,1,0,194 12 119,0,40,,225307,1,0,194 12 119,0,68,,225300,1,0,194 12 119,0,117,,225301,1,0,194 12 119,0
41401,'Saturday',902,,225311,29,4,,0,100,,225310,29,4,,0,100,,225318,29,4,,0,100,,225313,29,4,,0,100,,225317,29,4,,0,100,,225309,29,4,,0,100,,225316,29,4,,0,100,,225315,29,4,,0,100,,225314,29,4,,0,100,,225312,29,4,,0,100,,225308,29,4,,0
41401,'Sunday',1002,,225323,29,4,,0,100,,225322,29,4,,0,100,,225320,29,4,,0,100,,225321,29,4,,0,100,,225326,29,4,,0,100,,225324,29,4,,0,100,,225327,29,4,,0,100,,225328,29,4,,0,100,,225325,29,4,,0,100,,225319,29,4,,0
41401,'Weekday',701,,225329,29,4,,0,30,,225341,29,4,,0,70,,225330,29,4,,0,30,,225342,29,4,,0,70,,225331,29,4,,0,29,,225344,29,4,,0,70,,225332,29,4,,0,100,,225334,29,4,,0,100,,225333,29,4,,0,100,,225336,29,4,,0,100,,225335,29,4,,0,100,,225337,29,4,,0,36,,225343,29,4,,0,69,,225338,29,4,,0,38,,225345,29,4,,0,69,,225339,29,4,,0,43,,225346,29,4,,0,70,,225340,29,4,,0
