4601,'Saturday',538,,208987,35,,,0,66,,208959,35,,,0,26,,208973,35,,,0,26,,208988,35,,,0,66,,208960,35,,,0,26,,208974,35,,,0,66,,208989,35,,,0,26,,208961,35,,,0,66,,208975,35,,,0,26,,208990,35,,,0,26,,208962,35,,,0,66,,208976,35,,,0,26,,208991,35,,,0,66,,208963,35,,,0,26,,208977,35,,,0,66,,208992,35,,,0,26,,208964,35,,,0,66,,208978,35,,,0,26,,208993,35,,,0,26,,208965,35,,,0,66,,208979,35,,,0,26,,208994,35,,,0,66,,208966,35,,,0,26,,208980,35,,,0,66,,208995,35,,,0,26,,208967,35,,,0,26,,208981,35,,,0,66,,208996,35,,,0,26,,208968,35,,,0,66,,208982,35,,,0,26,,208997,35,,,0,66,,208969,35,,,0,26,,208983,35,,,0,26,,208998,35,,,0,66,,208970,35,,,0,26,,208984,35,,,0,66,,208999,35,,,0,26,,208971,35,,,0,66,,208985,35,,,0,26,,209000,35,,,0,26,,208972,35,,,0,67,,208986,35,,,0
4601,'Sunday',538,,209029,35,,,0,66,,209001,35,,,0,26,,209015,35,,,0,26,,209030,35,,,0,66,,209002,35,,,0,26,,209016,35,,,0,66,,209031,35,,,0,26,,209003,35,,,0,66,,209017,35,,,0,26,,209032,35,,,0,26,,209004,35,,,0,66,,209018,35,,,0,26,,209033,35,,,0,66,,209005,35,,,0,26,,209019,35,,,0,66,,209034,35,,,0,26,,209006,35,,,0,66,,209020,35,,,0,26,,209035,35,,,0,26,,209007,35,,,0,66,,209021,35,,,0,26,,209036,35,,,0,66,,209008,35,,,0,26,,209022,35,,,0,66,,209037,35,,,0,26,,209009,35,,,0,26,,209023,35,,,0,66,,209038,35,,,0,26,,209010,35,,,0,66,,209024,35,,,0,26,,209039,35,,,0,66,,209011,35,,,0,26,,209025,35,,,0,26,,209040,35,,,0,66,,209012,35,,,0,26,,209026,35,,,0,66,,209041,35,,,0,26,,209013,35,,,0,66,,209027,35,,,0,26,,209042,35,,,0,26,,209014,35,,,0,67,,209028,35,,,0
4601,'Weekday',557,,209043,35,,,0,58,,209046,35,,,0,17,,209060,35,,,0,14,,209062,35,,,0,54,,209078,35,,,0,16,,209080,35,,,0,14,,209044,35,,,0,14,,209047,35,,,0,14,,209061,35,,,0,54,,209063,35,,,0,14,,209079,35,,,0,9,,209098,35,,,0,5,,209081,35,,,0,14,,209045,35,,,0,53,,209048,35,,,0,25,,209064,35,,,0,26,,209082,35,,,0,66,,209049,35,,,0,26,,209065,35,,,0,66,,209083,35,,,0,26,,209050,35,,,0,66,,209066,35,,,0,26,,209084,35,,,0,66,,209051,35,,,0,26,,209067,35,,,0,26,,209085,35,,,0,66,,209052,35,,,0,26,,209068,35,,,0,68,,209086,35,,,0,27,,209053,35,,,0,14,,209096,35,,,0,54,,209069,35,,,0,14,,209076,35,,,0,14,,209087,35,,,0,14,,209094,35,,,0,54,,209054,35,,,0,14,,209097,35,,,0,14,,209070,35,,,0,14,,209077,35,,,0,14,,209088,35,,,0,50,,209095,35,,,0,13,,209055,35,,,0,26,,209071,35,,,0,66,,209089,35,,,0,19,,209056,35,,,0,26,,209072,35,,,0,66,,209090,35,,,0,26,,209057,35,,,0,66,,209073,35,,,0,26,,209091,35,,,0,66,,209058,35,,,0,25,,209074,35,,,0,66,,209092,35,,,0,26,,209059,35,,,0,26,,209075,35,,,0,66,,209093,35,,,0
4700,'Saturday',510,,209099,33,,,0,37,,209109,33,,,0,77,,209119,33,,,0,77,,209100,33,,,0,37,,209110,33,,,0,77,,209120,33,,,0,37,,209101,33,,,0,77,,209111,33,,,0,77,,209121,33,,,0,37,,209102,33,,,0,77,,209112,33,,,0,37,,209122,33,,,0,77,,209103,33,,,0,77,,209113,33,,,0,37,,209123,33,,,0,77,,209104,33,,,0,77,,209114,33,,,0,37,,209124,33,,,0,77,,209105,33,,,0,37,,209115,33,,,0,77,,209125,33,,,0,77,,209106,33,,,0,37,,209116,33,,,0,77,,209126,33,,,0,37,,209107,33,,,0,77,,209117,33,,,0,77,,209127,33,,,0,37,,209108,33,,,0,77,,209118,33,,,0,77,,209128,33,,,0
4700,'Sunday',510,,209129,33,,,0,37,,209149,33,,,0,77,,209139,33,,,0,77,,209130,33,,,0,37,,209150,33,,,0,77,,209140,33,,,0,37,,209131,33,,,0,77,,209151,33,,,0,77,,209141,33,,,0,37,,209132,33,,,0,77,,209152,33,,,0,37,,209142,33,,,0,77,,209133,33,,,0,77,,209153,33,,,0,37,,209143,33,,,0,77,,209134,33,,,0,77,,209154,33,,,0,37,,209144,33,,,0,77,,209135,33,,,0,37,,209155,33,,,0,77,,209145,33,,,0,77,,209136,33,,,0,37,,209156,33,,,0,77,,209146,33,,,0,37,,209137,33,,,0,77,,209157,33,,,0,77,,209147,33,,,0,37,,209138,33,,,0,77,,209158,33,,,0,77,,209148,33,,,0
4700,'Weekday',510,,209159,33,,,0,15,,209162,33,,,0,15,,209171,33,,,0,15,,209173,33,,,0,56,,209183,33,,,0,14,,209185,33,,,0,17,,209195,33,,,0,17,,209160,33,,,0,57,,209163,33,,,0,17,,209172,33,,,0,17,,209174,33,,,0,57,,209184,33,,,0,17,,209186,33,,,0,17,,209196,33,,,0,17,,209161,33,,,0,63,,209164,33,,,0,29,,209175,33,,,0,69,,209187,33,,,0,24,,209197,33,,,0,69,,209165,33,,,0,29,,209176,33,,,0,69,,209188,33,,,0,29,,209198,33,,,0,69,,209166,33,,,0,29,,209177,33,,,0,69,,209189,33,,,0,29,,209199,33,,,0,69,,209167,33,,,0,19,,209205,33,,,0,18,,209178,33,,,0,17,,209207,33,,,0,57,,209190,33,,,0,17,,209200,33,,,0,19,,209209,33,,,0,58,,209168,33,,,0,17,,209206,33,,,0,17,,209179,33,,,0,57,,209208,33,,,0,14,,209191,33,,,0,28,,209201,33,,,0,69,,209169,33,,,0,29,,209180,33,,,0,69,,209192,33,,,0,29,,209202,33,,,0,69,,209170,33,,,0,29,,209181,33,,,0,74,,209193,33,,,0,35,,209203,33,,,0,75,,209182,33,,,0,35,,209194,33,,,0,75,,209204,33,,,0
4700,'Weekday0000100',1342,,209210,17,,,0
4700,'Weekday1111000',1608,,209211,17,,,0
6400,'Weekday',1642,,211884,34,,,0
6401,'Weekday',721,,211885,17,,,0
