5400,'Saturday',616,,210071,34,,,0,88,,210072,42,,,0,45,,210073,42,,,0,85,,210074,42,,,0,85,,210075,42,,,0,85,,210076,42,,,0,45,,210077,42,,,0,85,,210080,42,,,0,86,,210081,42,,,0,85,,210082,42,,,0,45,,210078,42,,,0,85,,210079,42,,,0,85,,210083,42,,,0,85,,210084,42,,,0,45,,210087,42,,,0,85,,210088,42,,,0,84,,210089,42,,,0,85,,210085,42,,,0,45,,210086,42,,,0,85,,210090,42,,,0,85,,210091,42,,,0,85,,210092,42,,,0,45,,210093,42,,,0,85,,210094,42,,,0
5400,'Sunday',616,,210095,34,,,0,88,,210096,42,,,0,45,,210097,42,,,0,85,,210099,42,,,0,85,,210100,42,,,0,85,,210101,42,,,0,45,,210098,42,,,0,85,,210103,42,,,0,86,,210105,42,,,0,85,,210106,42,,,0,45,,210104,42,,,0,85,,210107,42,,,0,85,,210102,42,,,0,85,,210109,42,,,0,45,,210111,42,,,0,85,,210112,42,,,0,84,,210110,42,,,0,85,,210114,42,,,0,45,,210108,42,,,0,85,,210113,42,,,0,85,,210115,42,,,0,85,,210116,42,,,0,45,,210117,42,,,0,85,,210118,42,,,0
5400,'Weekday',540,,210138,42,,,0,77,,210128,42,,,0,30,,210120,42,,,0,71,,210139,42,,,0,30,,210148,42,,,0,70,,210129,42,,,0,28,,210119,42,,,0,70,,210140,42,,,0,30,,210149,42,,,0,70,,210130,42,,,0,30,,210121,42,,,0,70,,210141,42,,,0,30,,210150,42,,,0,70,,210131,42,,,0,30,,210122,42,,,0,70,,210142,42,,,0,30,,210151,42,,,0,70,,210132,42,,,0,30,,210124,42,,,0,71,,210143,42,,,0,31,,210152,42,,,0,71,,210133,42,,,0,30,,210123,42,,,0,70,,210144,42,,,0,30,,210153,42,,,0,67,,210134,42,,,0,29,,210125,42,,,0,70,,210146,42,,,0,30,,210154,42,,,0,71,,210135,42,,,0,30,,210126,42,,,0,70,,210145,42,,,0,30,,210155,42,,,0,69,,210136,42,,,0,30,,210127,42,,,0,70,,210147,42,,,0,30,,210156,42,,,0,71,,210137,42,,,0
7700,'Saturday',613,,213563,21,,,0,44,,213564,42,,,0,85,,213565,42,,,0,85,,213566,42,,,0,85,,213568,42,,,0,45,,213569,42,,,0,85,,213570,42,,,0,85,,213567,42,,,0,86,,213571,42,,,0,45,,213572,42,,,0,85,,213573,42,,,0,85,,213575,42,,,0,85,,213576,42,,,0,45,,213577,42,,,0,85,,213574,42,,,0,85,,213578,42,,,0,84,,213580,42,,,0,45,,213583,42,,,0,85,,213584,42,,,0,85,,213579,42,,,0,85,,213581,42,,,0,45,,213582,42,,,0,85,,213585,42,,,0,92,,213586,42,,,0
7700,'Sunday',613,,213588,21,,,0,44,,213589,42,,,0,85,,213587,42,,,0,85,,213590,42,,,0,85,,213591,42,,,0,45,,213592,42,,,0,85,,213593,42,,,0,85,,213594,42,,,0,86,,213595,42,,,0,45,,213596,42,,,0,85,,213597,42,,,0,85,,213598,42,,,0,85,,213600,42,,,0,45,,213601,42,,,0,85,,213602,42,,,0,85,,213599,42,,,0,84,,213603,42,,,0,45,,213604,42,,,0,85,,213605,42,,,0,85,,213606,42,,,0,85,,213607,42,,,0,45,,213608,42,,,0,85,,213609,42,,,0,92,,213610,42,,,0
7700,'Weekday',537,,213620,21,,,0,88,,213639,42,,,0,31,,213621,42,,,0,71,,213611,42,,,0,30,,213631,42,,,0,70,,213640,42,,,0,30,,213622,42,,,0,69,,213612,42,,,0,30,,213630,42,,,0,70,,213642,42,,,0,30,,213623,42,,,0,70,,213613,42,,,0,30,,213632,42,,,0,70,,213641,42,,,0,30,,213624,42,,,0,70,,213614,42,,,0,30,,213633,42,,,0,70,,213644,42,,,0,30,,213626,42,,,0,71,,213615,42,,,0,31,,213635,42,,,0,70,,213643,42,,,0,31,,213625,42,,,0,70,,213617,42,,,0,30,,213634,42,,,0,70,,213645,42,,,0,29,,213627,42,,,0,69,,213616,42,,,0,30,,213636,42,,,0,70,,213646,42,,,0,31,,213628,42,,,0,69,,213619,42,,,0,30,,213637,42,,,0,70,,213647,42,,,0,29,,213629,42,,,0,70,,213618,42,,,0,30,,213638,42,,,0,70,,213648,42,,,0
12901,'Saturday',718,,219620,27,,,0,83,,219611,27,,,0,40,,219629,27,,,0,80,,219621,27,,,0,80,,219612,27,,,0,40,,219630,27,,,0,80,,219622,27,,,0,80,,219613,27,,,0,41,,219631,27,,,0,80,,219623,27,,,0,80,,219614,27,,,0,40,,219632,27,,,0,80,,219624,27,,,0,80,,219615,27,,,0,40,,219633,27,,,0,80,,219626,27,,,0,80,,219616,27,,,0,39,,219634,27,,,0,80,,219625,27,,,0,80,,219617,27,,,0,40,,219635,27,,,0,83,,219627,27,,,0,77,,219619,27,,,0,40,,219636,27,,,0,80,,219628,27,,,0,80,,219618,27,,,0
12901,'Sunday',718,,219646,27,,,0,83,,219637,27,,,0,40,,219655,27,,,0,80,,219647,27,,,0,80,,219638,27,,,0,40,,219656,27,,,0,80,,219648,27,,,0,80,,219639,27,,,0,41,,219657,27,,,0,80,,219649,27,,,0,80,,219640,27,,,0,40,,219658,27,,,0,80,,219650,27,,,0,80,,219641,27,,,0,40,,219660,27,,,0,80,,219651,27,,,0,80,,219642,27,,,0,39,,219659,27,,,0,80,,219652,27,,,0,80,,219643,27,,,0,40,,219661,27,,,0,83,,219653,27,,,0,77,,219644,27,,,0,40,,219662,27,,,0,80,,219654,27,,,0,80,,219645,27,,,0
12901,'Weekday',549,,219682,27,,,0,66,,219689,27,,,0,34,,219670,27,,,0,72,,219664,27,,,0,30,,219683,27,,,0,67,,219701,27,,,0,36,,219671,27,,,0,54,,219663,27,,,0,12,,219665,27,,,0,28,,219684,27,,,0,70,,219690,27,,,0,30,,219672,27,,,0,70,,219666,27,,,0,30,,219685,27,,,0,70,,219691,27,,,0,30,,219674,27,,,0,70,,219667,27,,,0,30,,219686,27,,,0,70,,219692,27,,,0,30,,219673,27,,,0,72,,219668,27,,,0,28,,219687,27,,,0,69,,219693,27,,,0,31,,219675,27,,,0,56,,219700,27,,,0,17,,219669,27,,,0,30,,219688,27,,,0,63,,219694,27,,,0,30,,219676,27,,,0,70,,219695,27,,,0,29,,219677,27,,,0,68,,219696,27,,,0,30,,219678,27,,,0,70,,219697,27,,,0,30,,219679,27,,,0,70,,219698,27,,,0,30,,219680,27,,,0,70,,219699,27,,,0,30,,219681,27,,,0
15400,'Saturday',621,,221350,21,,,0,85,,221349,41,,,0,45,,221353,41,,,0,85,,221351,41,,,0,85,,221352,41,,,0,85,,221354,41,,,0,45,,221355,41,,,0,85,,221357,41,,,0,85,,221359,41,,,0,86,,221360,41,,,0,45,,221361,41,,,0,85,,221358,41,,,0,85,,221363,41,,,0,85,,221364,41,,,0,45,,221365,41,,,0,85,,221366,41,,,0,84,,221356,41,,,0,85,,221367,41,,,0,45,,221368,41,,,0,85,,221362,41,,,0
15400,'Sunday',621,,221369,21,,,0,85,,221370,41,,,0,45,,221371,41,,,0,85,,221372,41,,,0,85,,221373,41,,,0,85,,221374,41,,,0,45,,221375,41,,,0,85,,221376,41,,,0,85,,221378,41,,,0,86,,221379,41,,,0,45,,221380,41,,,0,85,,221377,41,,,0,85,,221381,41,,,0,85,,221382,41,,,0,45,,221383,41,,,0,85,,221384,41,,,0,84,,221385,41,,,0,85,,221386,41,,,0,45,,221387,41,,,0,85,,221388,41,,,0
15400,'Weekday',539,,221419,21,,,0,64,,221389,41,,,0,30,,221408,41,,,0,70,,221417,41,,,0,30,,221399,41,,,0,70,,221391,41,,,0,30,,221410,41,,,0,70,,221420,41,,,0,29,,221400,41,,,0,70,,221390,41,,,0,30,,221409,41,,,0,70,,221421,41,,,0,30,,221401,41,,,0,70,,221392,41,,,0,30,,221411,41,,,0,70,,221422,41,,,0,30,,221402,41,,,0,70,,221393,41,,,0,30,,221413,41,,,0,70,,221423,41,,,0,32,,221403,41,,,0,74,,221394,41,,,0,28,,221412,41,,,0,70,,221424,41,,,0,32,,221404,41,,,0,70,,221395,41,,,0,28,,221414,41,,,0,69,,221425,41,,,0,28,,221405,41,,,0,70,,221396,41,,,0,30,,221416,41,,,0,70,,221426,41,,,0,31,,221406,41,,,0,70,,221397,41,,,0,30,,221415,41,,,0,70,,221427,41,,,0,28,,221407,41,,,0,70,,221398,41,,,0,30,,221418,41,,,0,70,,221428,41,,,0
