8200,'Saturday',655,,214195,23,,,0,70,,214196,23,,,0,30,,214197,23,,,0,70,,214198,23,,,0,30,,214199,23,,,0,70,,214200,23,,,0,30,,214201,23,,,0,70,,214218,23,,,0,30,,214220,23,,,0,70,,214203,23,,,0,30,,214216,23,,,0,70,,214209,23,,,0,30,,214204,23,,,0,70,,214217,23,,,0,30,,214210,23,,,0,70,,214202,23,,,0,30,,214215,23,,,0,70,,214211,23,,,0,30,,214205,23,,,0,70,,214214,23,,,0,30,,214221,23,,,0,70,,214206,23,,,0,30,,214212,23,,,0,70,,214219,23,,,0,30,,214207,23,,,0,70,,214213,23,,,0,30,,214222,23,,,0,70,,214208,23,,,0,30,,214228,23,,,0,70,,214229,23,,,0,30,,214230,23,,,0,70,,214225,23,,,0,30,,214224,23,,,0,70,,214226,23,,,0,30,,214223,23,,,0,70,,214227,23,,,0
8200,'Sunday',655,,214231,23,,,0,70,,214243,23,,,0,30,,214255,23,,,0,70,,214232,23,,,0,30,,214244,23,,,0,70,,214256,23,,,0,30,,214233,23,,,0,70,,214245,23,,,0,30,,214257,23,,,0,70,,214234,23,,,0,30,,214246,23,,,0,70,,214258,23,,,0,30,,214235,23,,,0,70,,214247,23,,,0,30,,214259,23,,,0,70,,214236,23,,,0,30,,214248,23,,,0,70,,214260,23,,,0,30,,214237,23,,,0,70,,214249,23,,,0,30,,214261,23,,,0,70,,214238,23,,,0,30,,214250,23,,,0,70,,214262,23,,,0,30,,214239,23,,,0,70,,214251,23,,,0,30,,214264,23,,,0,70,,214240,23,,,0,30,,214252,23,,,0,70,,214265,23,,,0,30,,214241,23,,,0,70,,214253,23,,,0,30,,214263,23,,,0,70,,214242,23,,,0,30,,214254,23,,,0,70,,214266,23,,,0
8200,'Weekday',652,,214271,23,,,0,76,,214281,23,,,0,73,,214291,23,,,0,17,,214300,23,,,0,16,,214272,23,,,0,73,,214282,23,,,0,32,,214292,23,,,0,72,,214273,23,,,0,33,,214283,23,,,0,73,,214293,23,,,0,33,,214275,23,,,0,75,,214284,23,,,0,33,,214294,23,,,0,73,,214274,23,,,0,73,,214285,23,,,0,33,,214295,23,,,0,75,,214276,23,,,0,36,,214286,23,,,0,54,,214267,23,,,0,19,,214296,23,,,0,17,,214269,23,,,0,16,,214277,23,,,0,56,,214268,23,,,0,15,,214287,23,,,0,17,,214270,23,,,0,16,,214297,23,,,0,73,,214278,23,,,0,70,,214288,23,,,0,31,,214298,23,,,0,73,,214280,23,,,0,33,,214289,23,,,0,73,,214299,23,,,0,33,,214279,23,,,0,73,,214290,23,,,0,33,,214301,23,,,0,73,,214302,23,,,0,33,,214303,23,,,0,73,,214304,23,,,0
8200,'Weekday0000100',1343,,214305,23,,,0
11501,'Saturday',651,,218385,23,,,0,78,,218386,23,,,0,78,,218387,23,,,0,38,,218388,23,,,0,79,,218389,23,,,0,78,,218390,23,,,0,38,,218391,23,,,0,78,,218392,23,,,0,38,,218393,23,,,0,78,,218394,23,,,0,78,,218395,23,,,0,38,,218396,23,,,0,78,,218397,23,,,0,78,,218398,23,,,0,38,,218399,23,,,0,78,,218400,23,,,0,78,,218403,23,,,0,38,,218404,23,,,0,78,,218401,23,,,0,38,,218402,23,,,0,77,,218407,23,,,0,78,,218405,23,,,0,38,,218406,23,,,0,78,,218408,23,,,0,78,,218409,23,,,0,38,,218410,23,,,0,78,,218411,23,,,0
11501,'Sunday',651,,218412,23,,,0,78,,218413,23,,,0,78,,218414,23,,,0,38,,218415,23,,,0,79,,218416,23,,,0,78,,218417,23,,,0,38,,218418,23,,,0,78,,218419,23,,,0,38,,218420,23,,,0,78,,218421,23,,,0,78,,218422,23,,,0,38,,218423,23,,,0,78,,218424,23,,,0,78,,218425,23,,,0,38,,218426,23,,,0,78,,218427,23,,,0,78,,218430,23,,,0,38,,218431,23,,,0,78,,218428,23,,,0,38,,218429,23,,,0,77,,218434,23,,,0,78,,218432,23,,,0,38,,218433,23,,,0,78,,218435,23,,,0,78,,218436,23,,,0,38,,218437,23,,,0,78,,218438,23,,,0
11501,'Weekday',553,,218439,23,,,0,76,,218445,23,,,0,21,,218468,23,,,0,61,,218453,23,,,0,21,,218459,23,,,0,21,,218467,23,,,0,61,,218440,23,,,0,21,,218446,23,,,0,21,,218469,23,,,0,59,,218454,23,,,0,30,,218460,23,,,0,72,,218441,23,,,0,32,,218447,23,,,0,72,,218455,23,,,0,32,,218461,23,,,0,72,,218442,23,,,0,32,,218448,23,,,0,72,,218456,23,,,0,77,,218462,23,,,0,27,,218443,23,,,0,76,,218449,23,,,0,21,,218473,23,,,0,21,,218457,23,,,0,61,,218463,23,,,0,21,,218470,23,,,0,21,,218444,23,,,0,61,,218450,23,,,0,21,,218474,23,,,0,21,,218458,23,,,0,61,,218464,23,,,0,32,,218471,23,,,0,69,,218451,23,,,0,31,,218475,23,,,0,72,,218465,23,,,0,32,,218472,23,,,0,72,,218452,23,,,0,32,,218476,23,,,0,67,,218466,23,,,0
12901,'Saturday',648,,219620,3,,,0,83,,219611,3,,,0,80,,219629,3,,,0,40,,219621,3,,,0,80,,219612,3,,,0,80,,219630,3,,,0,40,,219622,3,,,0,80,,219613,3,,,0,80,,219631,3,,,0,40,,219623,3,,,0,80,,219614,3,,,0,80,,219632,3,,,0,40,,219624,3,,,0,80,,219615,3,,,0,80,,219633,3,,,0,40,,219626,3,,,0,80,,219616,3,,,0,80,,219634,3,,,0,40,,219625,3,,,0,80,,219617,3,,,0,80,,219635,3,,,0,43,,219627,3,,,0,77,,219619,3,,,0,80,,219636,3,,,0,40,,219628,3,,,0,80,,219618,3,,,0
12901,'Sunday',648,,219646,3,,,0,83,,219637,3,,,0,80,,219655,3,,,0,40,,219647,3,,,0,80,,219638,3,,,0,80,,219656,3,,,0,40,,219648,3,,,0,80,,219639,3,,,0,80,,219657,3,,,0,40,,219649,3,,,0,80,,219640,3,,,0,80,,219658,3,,,0,40,,219650,3,,,0,80,,219641,3,,,0,80,,219660,3,,,0,40,,219651,3,,,0,80,,219642,3,,,0,80,,219659,3,,,0,40,,219652,3,,,0,80,,219643,3,,,0,80,,219661,3,,,0,43,,219653,3,,,0,77,,219644,3,,,0,80,,219662,3,,,0,40,,219654,3,,,0,80,,219645,3,,,0
12901,'Weekday',524,,219682,3,,,0,26,,219689,3,,,0,70,,219670,3,,,0,30,,219664,3,,,0,70,,219683,3,,,0,27,,219701,3,,,0,74,,219671,3,,,0,15,,219663,3,,,0,14,,219665,3,,,0,70,,219684,3,,,0,30,,219690,3,,,0,70,,219672,3,,,0,30,,219666,3,,,0,70,,219685,3,,,0,30,,219691,3,,,0,70,,219674,3,,,0,30,,219667,3,,,0,70,,219686,3,,,0,30,,219692,3,,,0,70,,219673,3,,,0,32,,219668,3,,,0,68,,219687,3,,,0,29,,219693,3,,,0,71,,219675,3,,,0,16,,219700,3,,,0,17,,219669,3,,,0,70,,219688,3,,,0,24,,219694,3,,,0,70,,219676,3,,,0,30,,219695,3,,,0,70,,219677,3,,,0,30,,219696,3,,,0,70,,219678,3,,,0,30,,219697,3,,,0,70,,219679,3,,,0,30,,219698,3,,,0,70,,219680,3,,,0,30,,219699,3,,,0,70,,219681,3,,,0
