300,'Saturday',631,,201993,43,,,0,18,,202002,43,,,0,60,,202009,43,,,0,20,,201963,43,,,0,20,,201970,43,,,0,60,,201978,43,,,0,20,,201986,43,,,0,20,,201995,43,,,0,60,,202003,43,,,0,20,,202012,43,,,0,21,,201964,43,,,0,59,,201971,43,,,0,21,,201979,43,,,0,20,,201987,43,,,0,60,,201997,43,,,0,20,,202004,43,,,0,20,,202013,43,,,0,61,,201965,43,,,0,21,,201973,43,,,0,21,,201980,43,,,0,60,,201988,43,,,0,20,,201996,43,,,0,20,,202005,43,,,0,60,,202014,43,,,0,20,,201966,43,,,0,21,,201972,43,,,0,60,,201982,43,,,0,20,,201989,43,,,0,20,,201998,43,,,0,60,,202006,43,,,0,20,,202015,43,,,0,20,,201967,43,,,0,60,,201974,43,,,0,20,,201981,43,,,0,20,,201994,43,,,0,59,,201999,43,,,0,20,,202007,43,,,0,19,,202017,43,,,0,60,,201968,43,,,0,21,,201975,43,,,0,20,,201984,43,,,0,60,,201990,43,,,0,20,,202000,43,,,0,20,,202008,43,,,0,60,,202016,43,,,0,20,,201969,43,,,0,20,,201976,43,,,0,60,,201983,43,,,0,20,,201991,43,,,0,20,,202001,43,,,0,60,,202010,43,,,0,20,,202018,43,,,0,25,,201977,43,,,0,74,,201985,43,,,0,25,,201992,43,,,0,75,,202011,43,,,0
300,'Sunday',631,,202050,43,,,0,18,,202060,43,,,0,60,,202067,43,,,0,20,,202019,43,,,0,20,,202026,43,,,0,60,,202034,43,,,0,20,,202043,43,,,0,20,,202052,43,,,0,60,,202058,43,,,0,20,,202068,43,,,0,21,,202020,43,,,0,59,,202027,43,,,0,21,,202035,43,,,0,20,,202042,43,,,0,60,,202051,43,,,0,20,,202059,43,,,0,20,,202069,43,,,0,61,,202021,43,,,0,21,,202028,43,,,0,21,,202036,43,,,0,60,,202044,43,,,0,20,,202053,43,,,0,20,,202061,43,,,0,60,,202070,43,,,0,20,,202023,43,,,0,21,,202029,43,,,0,60,,202037,43,,,0,20,,202046,43,,,0,20,,202054,43,,,0,60,,202062,43,,,0,20,,202071,43,,,0,20,,202022,43,,,0,60,,202031,43,,,0,20,,202039,43,,,0,20,,202045,43,,,0,59,,202055,43,,,0,20,,202063,43,,,0,19,,202072,43,,,0,60,,202024,43,,,0,21,,202030,43,,,0,20,,202038,43,,,0,60,,202047,43,,,0,20,,202057,43,,,0,20,,202065,43,,,0,60,,202073,43,,,0,20,,202025,43,,,0,20,,202032,43,,,0,60,,202040,43,,,0,20,,202048,43,,,0,20,,202056,43,,,0,60,,202064,43,,,0,20,,202074,43,,,0,25,,202033,43,,,0,74,,202041,43,,,0,25,,202049,43,,,0,75,,202066,43,,,0
300,'Weekday',509,,202104,43,,,0,20,,202109,43,,,0,20,,202123,43,,,0,60,,202076,43,,,0,27,,202129,43,,,0,19,,202112,43,,,0,56,,202092,43,,,0,15,,202136,43,,,0,13,,202105,43,,,0,7,,202167,43,,,0,6,,202145,43,,,0,7,,202078,43,,,0,46,,202110,43,,,0,7,,202075,43,,,0,6,,202124,43,,,0,7,,202153,43,,,0,6,,202077,43,,,0,13,,202137,43,,,0,13,,202130,43,,,0,55,,202097,43,,,0,12,,202113,43,,,0,17,,202093,43,,,0,16,,202106,43,,,0,55,,202146,43,,,0,15,,202079,43,,,0,15,,202125,43,,,0,15,,202154,43,,,0,55,,202138,43,,,0,15,,202131,43,,,0,15,,202098,43,,,0,15,,202114,43,,,0,55,,202094,43,,,0,15,,202107,43,,,0,15,,202147,43,,,0,15,,202080,43,,,0,55,,202126,43,,,0,15,,202155,43,,,0,15,,202139,43,,,0,15,,202132,43,,,0,55,,202099,43,,,0,15,,202115,43,,,0,15,,202095,43,,,0,16,,202108,43,,,0,47,,202162,43,,,0,8,,202085,43,,,0,4,,202148,43,,,0,6,,202086,43,,,0,8,,202081,43,,,0,7,,202087,43,,,0,8,,202127,43,,,0,7,,202088,43,,,0,47,,202156,43,,,0,6,,202089,32,,,0,7,,202140,43,,,0,6,,202090,32,,,0,7,,202111,43,,,0,6,,202091,32,,,0,7,,202133,43,,,0,6,,202152,16,0,117,0,7,,202100,43,,,0,6,,202168,16,0,117,0,47,,202116,43,,,0,6,,202161,16,0,117,0,7,,202096,43,,,0,13,,202120,43,,,0,13,,202163,43,,,0,12,,202149,43,,,0,51,,202082,43,,,0,15,,202128,43,,,0,11,,202157,43,,,0,12,,202141,43,,,0,55,,202134,43,,,0,15,,202101,43,,,0,15,,202117,43,,,0,15,,202121,43,,,0,55,,202164,43,,,0,15,,202150,43,,,0,15,,202083,43,,,0,15,,202158,43,,,0,55,,202142,43,,,0,15,,202135,43,,,0,15,,202102,43,,,0,15,,202118,43,,,0,55,,202122,43,,,0,15,,202165,43,,,0,21,,202151,43,,,0,20,,202159,43,,,0,64,,202143,43,,,0,24,,202103,43,,,0,15,,202119,43,,,0,73,,202166,43,,,0,25,,202160,43,,,0,75,,202144,43,,,0
30100,'Saturday',653,,222975,8,,,0,59,,222989,8,,,0,16,,223001,8,,,0,16,,223014,8,,,0,56,,223027,8,,,0,16,,222976,8,,,0,16,,222988,8,,,0,16,,223002,8,,,0,56,,223015,8,,,0,16,,223028,8,,,0,16,,222977,8,,,0,16,,222990,8,,,0,57,,223003,8,,,0,18,,223016,8,,,0,16,,223030,8,,,0,16,,222978,8,,,0,56,,222991,8,,,0,16,,223005,8,,,0,16,,223017,8,,,0,56,,223029,8,,,0,20,,222979,8,,,0,16,,222992,8,,,0,16,,223004,8,,,0,56,,223018,8,,,0,16,,223031,8,,,0,16,,222980,8,,,0,16,,222994,8,,,0,56,,223006,8,,,0,16,,223019,8,,,0,16,,223032,8,,,0,56,,222982,8,,,0,16,,222993,8,,,0,16,,223009,8,,,0,16,,223020,8,,,0,56,,223033,8,,,0,16,,222983,8,,,0,16,,222995,8,,,0,16,,223007,8,,,0,56,,223021,8,,,0,16,,223034,8,,,0,16,,222984,8,,,0,16,,222996,8,,,0,56,,223008,8,,,0,16,,223022,8,,,0,13,,223035,8,,,0,56,,222981,8,,,0,15,,222997,8,,,0,16,,223010,8,,,0,16,,223023,8,,,0,56,,223036,8,,,0,16,,222985,8,,,0,16,,222998,8,,,0,15,,223011,8,,,0,56,,223025,8,,,0,16,,223037,8,,,0,16,,222987,8,,,0,16,,222999,8,,,0,55,,223012,8,,,0,16,,223024,8,,,0,16,,223038,8,,,0,16,,222986,8,,,0,56,,223000,8,,,0,16,,223013,8,,,0,16,,223026,8,,,0,55,,223039,8,,,0,15,,223041,8,,,0,20,,222974,8,,,0,65,,223040,8,,,0
30100,'Sunday',653,,223043,8,,,0,59,,223056,8,,,0,16,,223069,8,,,0,16,,223080,8,,,0,56,,223092,8,,,0,16,,223042,8,,,0,16,,223054,8,,,0,16,,223068,8,,,0,56,,223082,8,,,0,16,,223096,8,,,0,16,,223045,8,,,0,16,,223057,8,,,0,57,,223071,8,,,0,18,,223081,8,,,0,16,,223095,8,,,0,16,,223044,8,,,0,56,,223059,8,,,0,16,,223072,8,,,0,16,,223083,8,,,0,56,,223097,8,,,0,20,,223046,8,,,0,16,,223060,8,,,0,16,,223073,8,,,0,56,,223084,8,,,0,16,,223093,8,,,0,16,,223047,8,,,0,16,,223061,8,,,0,56,,223070,8,,,0,16,,223085,8,,,0,16,,223098,8,,,0,56,,223048,8,,,0,16,,223058,8,,,0,16,,223075,8,,,0,16,,223086,8,,,0,56,,223094,8,,,0,16,,223049,8,,,0,16,,223062,8,,,0,16,,223076,8,,,0,56,,223087,8,,,0,16,,223103,8,,,0,16,,223050,8,,,0,16,,223063,8,,,0,56,,223074,8,,,0,16,,223089,8,,,0,13,,223102,8,,,0,56,,223051,8,,,0,15,,223065,8,,,0,16,,223077,8,,,0,16,,223088,8,,,0,56,,223100,8,,,0,16,,223052,8,,,0,16,,223064,8,,,0,15,,223079,8,,,0,56,,223090,8,,,0,16,,223101,8,,,0,16,,223053,8,,,0,16,,223066,8,,,0,55,,223078,8,,,0,16,,223091,8,,,0,16,,223099,8,,,0,16,,223055,8,,,0,56,,223067,8,,,0,16,,223105,8,,,0,16,,223104,8,,,0,55,,223106,8,,,0,15,,223107,8,,,0,20,,223109,8,,,0,65,,223108,8,,,0
30100,'Weekday',535,,223125,8,,,0,20,,223110,8,,,0,60,,223116,8,,,0,20,,223136,8,,,0,20,,223138,8,,,0,45,,223184,8,,,0,5,,223140,8,,,0,5,,223186,8,,,0,5,,223126,8,,,0,2,,223222,8,,,0,3,,223187,8,,,0,5,,223151,8,,,0,5,,223185,8,,,0,5,,223111,8,,,0,5,,223182,8,,,0,5,,223117,8,,,0,5,,223188,8,,,0,5,,223156,8,,,0,45,,223183,8,,,0,7,,223137,8,,,0,8,,223160,8,,,0,10,,223139,8,,,0,10,,223141,8,,,0,5,,223199,8,,,0,5,,223127,8,,,0,10,,223150,8,,,0,50,,223112,8,,,0,14,,223202,8,,,0,14,,223203,8,,,0,14,,223210,8,,,0,54,,223219,8,,,0,14,,223205,8,,,0,14,,223213,8,,,0,14,,223208,8,,,0,14,,223220,8,,,0,54,,223212,8,,,0,14,,223218,8,,,0,14,,223207,8,,,0,14,,223214,8,,,0,54,,223209,8,,,0,14,,223221,8,,,0,14,,223211,8,,,0,14,,223217,8,,,0,54,,223206,8,,,0,14,,223215,8,,,0,14,,223216,8,,,0,15,,223204,8,,,0,13,,223161,8,,,0,54,,223142,8,,,0,12,,223128,8,,,0,12,,223152,8,,,0,12,,223113,8,,,0,52,,223118,8,,,0,10,,223175,8,,,0,10,,223157,8,,,0,5,,223177,8,,,0,5,,223162,8,,,0,5,,223179,8,,,0,5,,223143,8,,,0,5,,223178,8,,,0,5,,223170,8,,,0,5,,223200,8,,,0,46,,223130,8,,,0,5,,223201,8,,,0,6,,223154,8,,,0,5,,223224,8,,,0,5,,223114,8,,,0,5,,223180,8,,,0,5,,223119,8,,,0,2,,223196,5,,,0,3,,223176,8,,,0,5,,223171,8,,,0,5,,223181,8,,,0,5,,223158,8,,,0,5,,223190,8,,,0,45,,223163,8,,,0,5,,223191,8,,,0,5,,223173,8,,,0,4,,223189,8,,,0,5,,223145,8,,,0,5,,223192,8,,,0,5,,223172,8,,,0,5,,223193,8,,,0,5,,223129,8,,,0,5,,223197,8,,,0,5,,223153,8,,,0,5,,223198,8,,,0,2,,223223,8,,,0,43,,223115,8,,,0,10,,223120,8,,,0,10,,223169,8,,,0,9,,223159,8,,,0,9,,223164,8,,,0,10,,223174,8,,,0,52,,223144,8,,,0,12,,223131,8,,,0,12,,223155,8,,,0,12,,223122,8,,,0,20,,223165,8,,,0,60,,223146,8,,,0,20,,223132,8,,,0,20,,223121,8,,,0,60,,223166,8,,,0,20,,223147,8,,,0,20,,223133,8,,,0,60,,223123,8,,,0,20,,223167,8,,,0,20,,223148,8,,,0,60,,223134,8,,,0,22,,223124,8,,,0,61,,223168,8,,,0,19,,223149,8,,,0,18,,223135,8,,,0,65,,223195,8,,,0,35,,223194,8,,,0
30100,'Weekday1111000',1611,,223225,3,,,0
50000,'Saturday',503,,225480,11,,,0,30,,225491,11,,,0,70,,225499,11,,,0,29,,225482,11,,,0,72,,225490,11,,,0,31,,225498,11,,,0,71,,225481,11,,,0,32,,225492,11,,,0,73,,225500,11,,,0,33,,225483,11,,,0,74,,225494,11,,,0,33,,225501,11,,,0,73,,225484,11,,,0,33,,225493,11,,,0,73,,225502,11,,,0,73,,225486,11,,,0,33,,225504,11,,,0,73,,225487,11,,,0,33,,225495,11,,,0,73,,225503,11,,,0,33,,225485,11,,,0,73,,225496,11,,,0,33,,225505,11,,,0,73,,225489,11,,,0,73,,225506,11,,,0,33,,225488,11,,,0,73,,225497,11,,,0,33,,225507,11,,,0,73,,225508,11,,,0,33,,225509,11,,,0,72,,225510,11,,,0,31,,225511,11,,,0,72,,225512,11,,,0,32,,225514,11,,,0,72,,225513,11,,,0,32,,225515,11,,,0
50000,'Sunday',503,,225556,11,,,0,30,,225557,11,,,0,70,,225555,11,,,0,29,,225554,11,,,0,72,,225552,11,,,0,31,,225553,11,,,0,71,,225550,11,,,0,32,,225551,11,,,0,73,,225549,11,,,0,33,,225548,11,,,0,74,,225546,11,,,0,33,,225547,11,,,0,73,,225543,11,,,0,33,,225545,11,,,0,73,,225544,11,,,0,73,,225542,11,,,0,33,,225540,11,,,0,73,,225541,11,,,0,33,,225539,11,,,0,73,,225537,11,,,0,33,,225535,11,,,0,73,,225536,11,,,0,33,,225538,11,,,0,73,,225532,11,,,0,73,,225534,11,,,0,33,,225531,11,,,0,73,,225533,11,,,0,33,,225528,11,,,0,73,,225529,11,,,0,33,,225530,11,,,0,72,,225526,11,,,0,31,,225527,11,,,0,72,,225522,11,,,0,32,,225523,11,,,0,72,,225520,11,,,0,32,,225524,11,,,0
50000,'Weekday',449,,225559,11,,,0,63,,225593,11,,,0,23,,225594,11,,,0,22,,225595,11,,,0,61,,225597,11,,,0,22,,225598,11,,,0,65,,225599,11,,,0,23,,225596,11,,,0,72,,225600,11,,,0,26,,225601,11,,,0,26,,225602,11,,,0,66,,225603,11,,,0,27,,225604,11,,,0,64,,225605,11,,,0,25,,225606,11,,,0,25,,225577,11,,,0,67,,225567,11,,,0,26,,225578,11,,,0,65,,225582,11,,,0,25,,225568,11,,,0,66,,225579,11,,,0,26,,225583,11,,,0,67,,225569,11,,,0,27,,225580,11,,,0,27,,225587,11,,,0,66,,225570,11,,,0,27,,225590,11,,,0,69,,225581,11,,,0,29,,225591,11,,,0,67,,225572,11,,,0,28,,225562,11,,,0,67,,225588,11,,,0,23,,225571,11,,,0,24,,225589,11,,,0,64,,225607,11,,,0,24,,225592,11,,,0,64,,225564,11,,,0,24,,225574,11,,,0,24,,225563,11,,,0,62,,225584,11,,,0,24,,225575,11,,,0,64,,225565,11,,,0,24,,225585,11,,,0,23,,225576,11,,,0,63,,225566,11,,,0,24,,225586,11,,,0,64,,225573,11,,,0,23,,225561,11,,,0,23,,225608,11,,,0
50300,'Saturday',606,,225732,6,,,0,37,,225734,6,,,0,77,,225733,6,,,0,37,,225743,6,,,0,77,,225746,6,,,0,77,,225737,6,,,0,37,,225744,6,,,0,77,,225735,6,,,0,77,,225739,6,,,0,37,,225742,6,,,0,77,,225741,6,,,0,37,,225740,6,,,0,77,,225745,6,,,0,77,,225736,6,,,0,37,,225738,6,,,0,77,,225748,6,,,0,37,,225747,6,,,0,77,,225749,6,,,0,77,,225753,6,,,0,37,,225750,6,,,0,77,,225751,6,,,0,77,,225752,6,,,0,37,,225755,6,,,0,77,,225754,6,,,0,37,,225757,6,,,0,77,,225756,6,,,0,77,,225758,6,,,0
50300,'Sunday',606,,225770,6,,,0,37,,225773,6,,,0,77,,225761,6,,,0,37,,225771,6,,,0,77,,225776,6,,,0,77,,225763,6,,,0,37,,225772,6,,,0,77,,225760,6,,,0,77,,225765,6,,,0,37,,225769,6,,,0,77,,225768,6,,,0,37,,225767,6,,,0,77,,225775,6,,,0,77,,225762,6,,,0,37,,225764,6,,,0,77,,225774,6,,,0,37,,225759,6,,,0,77,,225766,6,,,0,77,,225777,6,,,0,37,,225778,6,,,0,77,,225779,6,,,0,77,,225781,6,,,0,37,,225780,6,,,0,77,,225782,6,,,0,37,,225783,6,,,0,77,,225784,6,,,0,77,,225785,6,,,0
50300,'Weekday',606,,225786,6,,,0,32,,225788,6,,,0,16,,225792,6,,,0,56,,225790,6,,,0,16,,225791,6,,,0,16,,225794,6,,,0,16,,225787,6,,,0,56,,225795,6,,,0,16,,225789,6,,,0,16,,225793,6,,,0,55,,225800,6,,,0,24,,225802,6,,,0,28,,225796,6,,,0,68,,225799,6,,,0,28,,225801,6,,,0,68,,225803,6,,,0,28,,225797,6,,,0,68,,225798,6,,,0,28,,225804,6,,,0,68,,225809,6,,,0,28,,225805,6,,,0,68,,225807,6,,,0,28,,225808,6,,,0,69,,225810,6,,,0,16,,225811,6,,,0,16,,225806,6,,,0,16,,225812,6,,,0,56,,225815,6,,,0,16,,225816,6,,,0,16,,225821,6,,,0,16,,225818,6,,,0,56,,225819,6,,,0,16,,225813,6,,,0,16,,225820,6,,,0,16,,225814,6,,,0,55,,225817,6,,,0,16,,225822,6,,,0,21,,225827,6,,,0,68,,225823,6,,,0,28,,225824,6,,,0,68,,225825,6,,,0,28,,225826,6,,,0,68,,225828,6,,,0,28,,225830,6,,,0,68,,225829,6,,,0
