86200,'Weekday',850,,226296,17,4,,0
86201,'Weekday0000100',1424,10,226297,1,0,17 245,0
86201,'Weekday1111000',1540,10,226298,1,0,17 245,0
86300,'Weekday0000100',1424,10,226300,1,0,17 18 254,0
86300,'Weekday1111000',1540,10,226302,1,0,17 18 254,0
86301,'Weekday',850,,226304,18,4,,0
86400,'Weekday0000100',1424,10,226306,1,0,17 18 246 22,0
86400,'Weekday1111000',1540,10,226308,1,0,17 18 246 22,0
86401,'Weekday',850,,226310,28,4,,0
86500,'Weekday',850,,226312,16,4,,0
86501,'Weekday0000100',1424,10,226314,1,0,17 18 269,0
86501,'Weekday1111000',1540,10,226316,1,0,17 18 269,0
86600,'Weekday0000100',1424,10,226318,1,0,17 18 237,0
86600,'Weekday1111000',1540,10,226320,1,0,17 18 237,0
86601,'Weekday',850,,226322,23,4,,0
86700,'Weekday0000100',1424,10,226323,1,0,17 18 234,0
86700,'Weekday1111000',1540,10,226324,1,0,17 18 234,0
86701,'Weekday',850,,226325,23,4,,0
86900,'Weekday0000100',1424,10,226326,1,,,0
86900,'Weekday1111000',1540,10,226327,1,,,0
