2901,'Saturday',703,,206586,48,,,0,47,,206587,48,,,0,87,,206588,48,,,0,87,,206589,48,,,0,87,,206590,48,,,0,47,,206591,48,,,0,87,,206592,48,,,0,87,,206593,48,,,0,87,,206594,48,,,0,87,,206595,48,,,0,47,,206598,48,,,0,87,,206599,48,,,0,87,,206600,48,,,0,87,,206596,48,,,0,87,,206597,48,,,0,47,,206601,48,,,0,87,,206602,48,,,0,87,,206603,48,,,0,87,,206604,48,,,0,47,,206605,48,,,0,87,,206606,48,,,0,87,,206607,48,,,0
2901,'Sunday',703,,206609,48,,,0,47,,206610,48,,,0,87,,206612,48,,,0,87,,206608,48,,,0,87,,206614,48,,,0,47,,206615,48,,,0,87,,206613,48,,,0,87,,206616,48,,,0,87,,206611,48,,,0,87,,206618,48,,,0,47,,206620,48,,,0,87,,206621,48,,,0,87,,206619,48,,,0,87,,206623,48,,,0,87,,206617,48,,,0,47,,206622,48,,,0,87,,206624,48,,,0,87,,206625,48,,,0,87,,206626,48,,,0,47,,206627,48,,,0,87,,206628,48,,,0,87,,206629,48,,,0
2901,'Weekday',509,,206631,38,,,0,39,,206653,48,,,0,77,,206652,48,,,0,77,,206655,48,,,0,35,,206654,48,,,0,75,,206657,48,,,0,35,,206658,48,,,0,75,,206656,48,,,0,34,,206634,48,,,0,75,,206632,48,,,0,75,,206648,48,,,0,35,,206649,48,,,0,75,,206650,48,,,0,35,,206647,48,,,0,76,,206651,48,,,0,76,,206637,48,,,0,35,,206642,48,,,0,75,,206636,48,,,0,35,,206640,48,,,0,75,,206630,48,,,0,35,,206659,48,,,0,75,,206660,48,,,0,75,,206661,48,,,0,35,,206662,48,,,0,73,,206633,48,,,0,34,,206644,48,,,0,75,,206645,48,,,0,75,,206646,48,,,0,35,,206639,48,,,0,75,,206635,48,,,0,33,,206638,48,,,0,75,,206643,48,,,0,35,,206641,48,,,0
3500,'Saturday',650,,207168,32,,,0,100,,207182,32,,,0,100,,207181,32,,,0,100,,207179,32,,,0,100,,207180,32,,,0,100,,207178,32,,,0,100,,207177,32,,,0,100,,207176,32,,,0,100,,207175,32,,,0,100,,207174,32,,,0,100,,207173,32,,,0,100,,207172,32,,,0,100,,207171,32,,,0,100,,207170,32,,,0,100,,207169,32,,,0
3500,'Sunday',750,,207195,32,,,0,100,,207194,32,,,0,100,,207193,32,,,0,100,,207192,32,,,0,100,,207191,32,,,0,100,,207190,32,,,0,100,,207189,32,,,0,100,,207188,32,,,0,100,,207187,32,,,0,100,,207186,32,,,0,100,,207185,32,,,0,100,,207183,32,,,0,100,,207184,32,,,0
3500,'Weekday',613,,207196,32,,,0,30,,207216,32,,,0,70,,207197,32,,,0,30,,207217,32,,,0,67,,207198,32,,,0,30,,207215,32,,,0,73,,207199,32,,,0,101,,207200,32,,,0,100,,207201,32,,,0,100,,207202,32,,,0,100,,207203,32,,,0,100,,207204,32,,,0,100,,207205,32,,,0,30,,207218,32,,,0,70,,207206,32,,,0,30,,207219,32,,,0,70,,207207,32,,,0,30,,207220,32,,,0,70,,207209,32,,,0,100,,207210,32,,,0,99,,207211,32,,,0,100,,207212,32,,,0,100,,207213,32,,,0,100,,207214,32,,,0,100,,207208,32,,,0
71200,'Weekday',840,,225986,21,0,29 158,0
71300,'Weekday',842,,225989,28,0,29 160,0
76001,'Weekday',840,,226104,14,0,48 49 78 164,0
76200,'Weekday0000100',1358,,226108,4,4,,0
76200,'Weekday1111000',1603,,226109,4,4,,0
76201,'Weekday',837,,226110,16,0,48 49 164,0
83500,'Weekday',1504,,226273,7,,,0
