5100,'Saturday',607,,209572,8,,,0,38,,209573,8,,,0,74,,209574,8,,,0,38,,209575,8,,,0,78,,209576,8,,,0,78,,209577,8,,,0,38,,209578,8,,,0,78,,209579,8,,,0,78,,209580,8,,,0,38,,209581,8,,,0,78,,209582,8,,,0,78,,209583,8,,,0,38,,209584,8,,,0,78,,209585,8,,,0,38,,209586,8,,,0,78,,209587,8,,,0,78,,209588,8,,,0,38,,209590,8,,,0,78,,209591,8,,,0,78,,209592,8,,,0,38,,209589,8,,,0,78,,209593,8,,,0,38,,209596,8,,,0,78,,209595,8,,,0,78,,209597,8,,,0,38,,209594,8,,,0
5100,'Sunday',607,,209598,8,0,113 31,0,38,,209611,8,0,113 31,0,74,,209599,8,0,113 31,0,38,,209612,8,0,113 31,0,78,,209600,8,0,113 31,0,78,,209613,8,0,113 31,0,38,,209601,8,0,113 31,0,78,,209615,8,0,113 31,0,78,,209602,8,0,113 31,0,38,,209614,8,0,113 31,0,78,,209603,8,0,113 31,0,78,,209617,8,0,113 31,0,38,,209604,8,0,113 31,0,78,,209616,8,0,113 31,0,38,,209605,8,0,113 31,0,78,,209618,8,0,113 31,0,78,,209606,8,0,113 31,0,38,,209619,8,0,113 31,0,78,,209607,8,0,113 31,0,78,,209620,8,0,113 31,0,38,,209608,8,0,113 31,0,78,,209621,8,0,113 31,0,38,,209609,8,0,113 31,0,78,,209622,8,0,113 31,0,78,,209610,8,0,113 31,0,38,,209623,8,0,113 31,0
5100,'Weekday',516,,209624,8,,,0,20,,209643,8,,,0,20,,209627,8,,,0,60,,209653,8,,,0,20,,209625,8,,,0,20,,209644,8,,,0,60,,209629,8,,,0,20,,209654,8,,,0,65,,209626,8,,,0,10,,209645,8,,,0,25,,209628,8,,,0,20,,209655,8,,,0,80,,209646,8,,,0,80,,209657,8,,,0,40,,209647,8,,,0,80,,209656,8,,,0,80,,209648,8,,,0,40,,209658,8,,,0,80,,209649,8,,,0,80,,209659,8,,,0,35,,209650,8,,,0,60,,209630,8,,,0,20,,209660,8,,,0,20,,209637,8,,,0,55,,209651,8,,,0,25,,209631,8,,,0,20,,209661,8,,,0,60,,209639,8,,,0,20,,209652,8,,,0,20,,209632,8,,,0,85,,209638,8,,,0,80,,209634,8,,,0,40,,209640,8,,,0,80,,209633,8,,,0,80,,209641,8,,,0,40,,209635,8,,,0,80,,209642,8,,,0,91,,209636,8,,,0
9800,'Saturday',547,,216364,9,,,0,77,,216365,9,,,0,35,,216366,9,,,0,75,,216368,9,,,0,75,,216369,9,,,0,35,,216367,9,,,0,75,,216370,9,,,0,35,,216371,9,,,0,75,,216372,9,,,0,75,,216373,9,,,0,35,,216374,9,,,0,75,,216375,9,,,0,35,,216376,9,,,0,75,,216377,9,,,0,35,,216378,9,,,0,75,,216379,9,,,0,75,,216380,9,,,0,35,,216381,9,,,0,75,,216382,9,,,0,35,,216383,9,,,0,75,,216384,9,,,0,75,,216385,9,,,0,35,,216386,9,,,0,75,,216387,9,,,0,35,,216388,9,,,0,75,,216389,9,,,0,35,,216390,9,,,0,75,,216391,9,,,0,75,,216392,9,,,0,35,,216393,9,,,0
9800,'Sunday',808,,216394,9,,,0,35,,216395,9,,,0,75,,216396,9,,,0,35,,216397,9,,,0,75,,216399,9,,,0,75,,216400,9,,,0,35,,216401,9,,,0,75,,216398,9,,,0,35,,216402,9,,,0,75,,216403,9,,,0,35,,216404,9,,,0,75,,216405,9,,,0,75,,216407,9,,,0,35,,216406,9,,,0,75,,216408,9,,,0,35,,216410,9,,,0,75,,216409,9,,,0,75,,216411,9,,,0,35,,216412,9,,,0,75,,216413,9,,,0,35,,216414,9,,,0,75,,216415,9,,,0,35,,216416,9,,,0,75,,216417,9,,,0,75,,216419,9,,,0,35,,216418,9,,,0
9800,'Weekday',503,,216422,9,,,0,33,,216439,9,,,0,74,,216423,9,,,0,33,,216440,9,,,0,73,,216424,9,,,0,33,,216441,9,,,0,67,,216421,9,,,0,6,,216425,9,,,0,33,,216442,9,,,0,73,,216426,9,,,0,73,,216443,9,,,0,33,,216427,9,,,0,73,,216444,9,,,0,33,,216428,9,,,0,73,,216445,9,,,0,33,,216429,9,,,0,73,,216446,9,,,0,33,,216430,9,,,0,73,,216447,9,,,0,33,,216431,9,,,0,74,,216448,9,,,0,17,,216420,9,,,0,56,,216432,9,,,0,33,,216449,9,,,0,73,,216433,9,,,0,33,,216450,9,,,0,71,,216434,9,,,0,33,,216451,9,,,0,73,,216435,9,,,0,33,,216452,9,,,0,73,,216436,9,,,0,73,,216453,9,,,0,33,,216437,9,,,0,73,,216454,9,,,0,33,,216438,9,,,0,73,,216455,9,,,0
9800,'Weekday0000100',1307,,216456,9,,,0
9800,'Weekday1111000',1553,,216457,9,,,0
69900,'Weekday0000100',1423,,225956,33,0,115 116,0,80,,225955,33,0,115 116,0
69900,'Weekday1111000',1621,,225957,33,0,115 116,0
