101,'Saturday',600,,201531,28,,,0,27,,201543,28,,,0,28,,201520,28,,,0,67,,201537,28,,,0,27,,201550,28,,,0,65,,201555,28,,,0,25,,201532,28,,,0,65,,201545,28,,,0,27,,201525,28,,,0,26,,201518,28,,,0,65,,201538,28,,,0,25,,201552,28,,,0,65,,201558,28,,,0,25,,201533,28,,,0,65,,201544,28,,,0,25,,201527,28,,,0,25,,201519,28,,,0,65,,201539,28,,,0,25,,201551,28,,,0,65,,201557,28,,,0,26,,201534,28,,,0,25,,201546,28,,,0,65,,201528,28,,,0,25,,201521,28,,,0,65,,201540,28,,,0,25,,201553,28,,,0,65,,201559,28,,,0,25,,201535,28,,,0,25,,201547,28,,,0,65,,201526,28,,,0,25,,201523,28,,,0,65,,201541,28,,,0,25,,201554,28,,,0,23,,201560,28,,,0,64,,201536,28,,,0,25,,201548,28,,,0,65,,201530,28,,,0,25,,201524,28,,,0,24,,201542,28,,,0,64,,201556,28,,,0,28,,201561,28,,,0,70,,201549,28,,,0,25,,201529,28,,,0,75,,201522,28,,,0
101,'Sunday',600,,201574,28,,,0,27,,201587,28,,,0,28,,201562,28,,,0,66,,201581,28,,,0,28,,201594,28,,,0,65,,201599,28,,,0,25,,201575,28,,,0,65,,201586,28,,,0,28,,201568,28,,,0,25,,201563,28,,,0,65,,201579,28,,,0,25,,201592,28,,,0,65,,201600,28,,,0,25,,201576,28,,,0,65,,201588,28,,,0,25,,201569,28,,,0,25,,201565,28,,,0,65,,201582,28,,,0,25,,201596,28,,,0,65,,201601,28,,,0,26,,201577,28,,,0,25,,201589,28,,,0,65,,201570,28,,,0,25,,201564,28,,,0,65,,201583,28,,,0,25,,201595,28,,,0,65,,201603,28,,,0,25,,201578,28,,,0,25,,201590,28,,,0,65,,201571,28,,,0,25,,201566,28,,,0,65,,201584,28,,,0,25,,201597,28,,,0,24,,201602,28,,,0,63,,201580,28,,,0,25,,201591,28,,,0,65,,201572,28,,,0,25,,201567,28,,,0,24,,201585,28,,,0,63,,201598,28,,,0,29,,201604,28,,,0,70,,201593,28,,,0,25,,201573,28,,,0
101,'Weekday',507,,201607,28,,,0,18,,201611,28,,,0,17,,201615,28,,,0,16,,201619,28,,,0,59,,201623,28,,,0,19,,201606,28,,,0,17,,201609,28,,,0,57,,201614,28,,,0,16,,201618,28,,,0,16,,201622,28,,,0,16,,201627,28,,,0,56,,201608,28,,,0,16,,201612,28,,,0,15,,201616,28,,,0,56,,201620,28,,,0,16,,201624,28,,,0,19,,201631,28,,,0,19,,201632,28,,,0,59,,201633,28,,,0,19,,201634,28,,,0,20,,201635,28,,,0,59,,201636,28,,,0,19,,201637,28,,,0,19,,201638,28,,,0,59,,201639,28,,,0,19,,201640,28,,,0,19,,201641,28,,,0,59,,201642,28,,,0,19,,201643,28,,,0,19,,201644,28,,,0,59,,201645,28,,,0,22,,201646,28,,,0,20,,201647,28,,,0,59,,201649,28,,,0,19,,201650,28,,,0,19,,201651,28,,,0,59,,201648,28,,,0,16,,201652,28,,,0,16,,201653,28,,,0,16,,201654,28,,,0,54,,201655,28,,,0,13,,201630,28,,,0,15,,201628,28,,,0,16,,201610,28,,,0,56,,201613,28,,,0,16,,201617,28,,,0,16,,201621,28,,,0,16,,201625,28,,,0,56,,201626,28,,,0,21,,201656,28,,,0,21,,201657,28,,,0,61,,201658,28,,,0,21,,201659,28,,,0,21,,201660,28,,,0,61,,201661,28,,,0,20,,201662,28,,,0,20,,201663,28,,,0,61,,201664,28,,,0,21,,201665,28,,,0,21,,201666,28,,,0,61,,201667,28,,,0,21,,201668,28,,,0,21,,201669,28,,,0,61,,201670,28,,,0,21,,201671,28,,,0,61,,201672,28,,,0,21,,201629,28,,,0
400,'Saturday',615,,202373,40,,,0,24,,202387,40,,,0,64,,202404,40,,,0,24,,202374,40,,,0,26,,202388,40,,,0,65,,202405,40,,,0,24,,202375,40,,,0,64,,202390,40,,,0,24,,202406,40,,,0,24,,202376,40,,,0,64,,202391,40,,,0,26,,202402,40,,,0,67,,202377,40,,,0,25,,202392,40,,,0,66,,202408,40,,,0,26,,202378,40,,,0,26,,202389,40,,,0,66,,202409,40,,,0,26,,202379,40,,,0,66,,202393,40,,,0,26,,202403,40,,,0,66,,202380,40,,,0,26,,202394,40,,,0,26,,202407,40,,,0,66,,202381,40,,,0,25,,202396,40,,,0,65,,202410,40,,,0,25,,202382,40,,,0,65,,202397,40,,,0,25,,202411,40,,,0,25,,202383,40,,,0,65,,202399,40,,,0,25,,202412,40,,,0,65,,202384,40,,,0,25,,202395,40,,,0,25,,202413,40,,,0,65,,202416,40,,,0,25,,202385,40,,,0,65,,202398,40,,,0,24,,202414,40,,,0,18,,202386,40,,,0,66,,202400,40,,,0,27,,202415,40,,,0,75,,202401,40,,,0
400,'Sunday',615,,202418,40,,,0,24,,202417,40,,,0,64,,202419,40,,,0,24,,202420,40,,,0,26,,202421,40,,,0,65,,202422,40,,,0,24,,202424,40,,,0,64,,202423,40,,,0,24,,202426,40,,,0,24,,202427,40,,,0,64,,202428,40,,,0,26,,202425,40,,,0,67,,202429,40,,,0,25,,202430,40,,,0,66,,202434,40,,,0,26,,202431,40,,,0,26,,202433,40,,,0,66,,202435,40,,,0,26,,202432,40,,,0,66,,202436,40,,,0,26,,202437,40,,,0,66,,202438,40,,,0,26,,202439,40,,,0,26,,202440,40,,,0,66,,202441,40,,,0,25,,202442,40,,,0,65,,202443,40,,,0,25,,202444,40,,,0,65,,202445,40,,,0,25,,202446,40,,,0,25,,202447,40,,,0,65,,202448,40,,,0,25,,202449,40,,,0,65,,202450,40,,,0,25,,202451,40,,,0,25,,202452,40,,,0,65,,202453,40,,,0,25,,202454,40,,,0,65,,202456,40,,,0,24,,202457,40,,,0,18,,202458,40,,,0,66,,202455,40,,,0,27,,202459,40,,,0
400,'Weekday',601,,202461,40,,,0,21,,202462,40,,,0,19,,202464,40,,,0,59,,202465,40,,,0,20,,202460,40,,,0,23,,202466,40,,,0,60,,202463,40,,,0,20,,202467,40,,,0,21,,202469,40,,,0,60,,202470,40,,,0,19,,202471,40,,,0,20,,202468,40,,,0,61,,202473,40,,,0,21,,202474,40,,,0,20,,202475,40,,,0,60,,202472,40,,,0,21,,202476,40,,,0,21,,202477,40,,,0,60,,202478,40,,,0,20,,202479,40,,,0,20,,202481,40,,,0,61,,202482,40,,,0,21,,202483,40,,,0,21,,202480,40,,,0,61,,202484,40,,,0,21,,202485,40,,,0,23,,202486,40,,,0,62,,202487,40,,,0,22,,202488,40,,,0,62,,202489,40,,,0,22,,202490,40,,,0,22,,202491,40,,,0,62,,202493,40,,,0,22,,202494,40,,,0,21,,202495,40,,,0,60,,202492,40,,,0,19,,202496,40,,,0,21,,202497,40,,,0,62,,202498,40,,,0,24,,202499,40,,,0,68,,202500,40,,,0,23,,202501,40,,,0,24,,202502,40,,,0,62,,202503,40,,,0,23,,202504,40,,,0,22,,202505,40,,,0,61,,202506,40,,,0,22,,202507,40,,,0,62,,202508,40,,,0,19,,202511,40,,,0,26,,202509,40,,,0,75,,202510,40,,,0
1500,'Saturday',628,,204547,41,,,0,78,,204553,41,,,0,38,,204560,41,,,0,78,,204546,41,,,0,78,,204554,41,,,0,38,,204561,41,,,0,78,,204548,41,,,0,38,,204555,41,,,0,78,,204562,41,,,0,78,,204549,41,,,0,38,,204556,41,,,0,78,,204563,41,,,0,78,,204550,41,,,0,38,,204557,41,,,0,78,,204564,41,,,0,38,,204551,41,,,0,78,,204558,41,,,0,78,,204565,41,,,0,38,,204552,41,,,0,78,,204559,41,,,0
1500,'Sunday',628,,204567,41,,,0,97,,204573,41,,,0,97,,204566,41,,,0,97,,204574,41,,,0,97,,204568,41,,,0,97,,204575,41,,,0,97,,204569,41,,,0,97,,204576,41,,,0,97,,204570,41,,,0,97,,204577,41,,,0,57,,204571,41,,,0,97,,204578,41,,,0,97,,204572,41,,,0,97,,204579,41,,,0
1500,'Weekday',608,,204606,41,,,0,35,,204605,41,,,0,73,,204604,41,,,0,30,,204603,41,,,0,60,,204602,41,,,0,30,,204601,41,,,0,70,,204600,41,,,0,38,,204599,41,,,0,80,,204598,41,,,0,76,,204597,41,,,0,38,,204596,41,,,0,78,,204595,41,,,0,38,,204594,41,,,0,78,,204593,41,,,0,80,,204592,41,,,0,38,,204591,41,,,0,74,,204590,41,,,0,28,,204589,41,,,0,66,,204588,41,,,0,31,,204587,41,,,0,70,,204586,41,,,0,30,,204585,41,,,0,68,,204584,41,,,0,34,,204583,41,,,0,73,,204582,41,,,0,78,,204581,41,,,0,36,,204580,41,,,0
2201,'Saturday',618,,205565,3,0,134 135 136,0,34,,205556,3,0,134 135 136,0,78,,205567,3,0,134 135 136,0,78,,205557,3,0,134 135 136,0,38,,205568,3,0,134 135 136,0,78,,205558,3,0,134 135 136,0,78,,205573,3,0,134 135 136,0,38,,205559,3,0,134 135 136,0,75,,205575,3,0,134 135 136,0,38,,205574,3,0,134 135 136,0,78,,205566,3,0,134 135 136,0,78,,205576,3,0,134 135 136,0,38,,205560,3,0,134 135 136,0,78,,205571,3,0,134 135 136,0,78,,205570,3,0,134 135 136,0,38,,205577,3,0,134 135 136,0,78,,205561,3,0,134 135 136,0,38,,205578,3,0,134 135 136,0,78,,205569,3,0,134 135 136,0,78,,205579,3,0,134 135 136,0,36,,205572,3,0,134 135 136,0,78,,205580,3,0,134 135 136,0,78,,205562,3,0,134 135 136,0,38,,205581,3,0,134 135 136,0,78,,205563,3,0,134 135 136,0,38,,205583,3,0,134 135 136,0,78,,205564,3,0,134 135 136,0,78,,205582,3,0,134 135 136,0
2201,'Sunday',621,,205597,3,0,134 135 136,0,35,,205584,3,0,134 135 136,0,78,,205598,3,0,134 135 136,0,78,,205586,3,0,134 135 136,0,38,,205599,3,0,134 135 136,0,78,,205585,3,0,134 135 136,0,78,,205600,3,0,134 135 136,0,38,,205587,3,0,134 135 136,0,78,,205601,3,0,134 135 136,0,78,,205588,3,0,134 135 136,0,38,,205602,3,0,134 135 136,0,78,,205589,3,0,134 135 136,0,38,,205603,3,0,134 135 136,0,78,,205591,3,0,134 135 136,0,78,,205604,3,0,134 135 136,0,38,,205590,3,0,134 135 136,0,78,,205605,3,0,134 135 136,0,78,,205593,3,0,134 135 136,0,38,,205606,3,0,134 135 136,0,78,,205592,3,0,134 135 136,0,38,,205607,3,0,134 135 136,0,78,,205594,3,0,134 135 136,0,78,,205608,3,0,134 135 136,0,38,,205595,3,0,134 135 136,0,78,,205610,3,0,134 135 136,0,78,,205596,3,0,134 135 136,0,38,,205609,3,0,134 135 136,0
2201,'Weekday',559,,205611,3,0,134 135 136,0,77,,205626,3,0,134 135 136,0,68,,205640,3,0,134 135 136,0,28,,205612,3,0,134 135 136,0,68,,205627,3,0,134 135 136,0,28,,205641,3,0,134 135 136,0,28,,205613,3,0,134 135 136,0,66,,205628,3,0,134 135 136,0,26,,205642,3,0,134 135 136,0,66,,205614,3,0,134 135 136,0,26,,205629,3,0,134 135 136,0,66,,205643,3,0,134 135 136,0,26,,205615,3,0,134 135 136,0,26,,205630,3,0,134 135 136,0,66,,205644,3,0,134 135 136,0,26,,205616,3,0,134 135 136,0,66,,205631,3,0,134 135 136,0,26,,205645,3,0,134 135 136,0,66,,205617,3,0,134 135 136,0,26,,205632,3,0,134 135 136,0,66,,205646,3,0,134 135 136,0,28,,205618,3,0,134 135 136,0,28,,205633,3,0,134 135 136,0,68,,205647,3,0,134 135 136,0,28,,205619,3,0,134 135 136,0,68,,205634,3,0,134 135 136,0,28,,205648,3,0,134 135 136,0,68,,205620,3,0,134 135 136,0,36,,205635,3,0,134 135 136,0,76,,205621,3,0,134 135 136,0,76,,205636,3,0,134 135 136,0,36,,205622,3,0,134 135 136,0,76,,205637,3,0,134 135 136,0,36,,205623,3,0,134 135 136,0,76,,205638,3,0,134 135 136,0,76,,205624,3,0,134 135 136,0,45,,205639,3,0,134 135 136,0,75,,205625,3,0,134 135 136,0
6601,'Saturday',613,,212200,3,,,0,33,,212217,3,,,0,73,,212202,3,,,0,33,,212218,3,,,0,73,,212201,3,,,0,33,,212219,3,,,0,73,,212203,3,,,0,73,,212220,3,,,0,33,,212204,3,,,0,73,,212221,3,,,0,33,,212205,3,,,0,73,,212222,3,,,0,33,,212206,3,,,0,73,,212223,3,,,0,33,,212208,3,,,0,73,,212224,3,,,0,73,,212207,3,,,0,33,,212225,3,,,0,73,,212209,3,,,0,33,,212226,3,,,0,73,,212213,3,,,0,33,,212227,3,,,0,73,,212210,3,,,0,33,,212228,3,,,0,73,,212211,3,,,0,33,,212229,3,,,0,73,,212212,3,,,0,73,,212230,3,,,0,33,,212214,3,,,0,73,,212231,3,,,0,33,,212215,3,,,0,73,,212232,3,,,0
6601,'Sunday',613,,212235,3,,,0,33,,212251,3,,,0,73,,212236,3,,,0,33,,212252,3,,,0,73,,212234,3,,,0,33,,212254,3,,,0,73,,212237,3,,,0,73,,212255,3,,,0,33,,212238,3,,,0,73,,212256,3,,,0,33,,212239,3,,,0,73,,212253,3,,,0,33,,212240,3,,,0,73,,212257,3,,,0,33,,212241,3,,,0,73,,212258,3,,,0,73,,212242,3,,,0,33,,212261,3,,,0,73,,212243,3,,,0,33,,212259,3,,,0,73,,212244,3,,,0,33,,212260,3,,,0,73,,212245,3,,,0,33,,212263,3,,,0,73,,212246,3,,,0,33,,212262,3,,,0,73,,212247,3,,,0,73,,212265,3,,,0,33,,212249,3,,,0,73,,212264,3,,,0,33,,212248,3,,,0,73,,212266,3,,,0
6601,'Weekday',558,,212269,3,,,0,63,,212278,3,,,0,23,,212286,3,,,0,63,,212311,3,,,0,23,,212300,3,,,0,23,,212270,3,,,0,63,,212281,3,,,0,23,,212287,3,,,0,63,,212312,3,,,0,23,,212303,3,,,0,23,,212283,3,,,0,63,,212288,3,,,0,23,,212304,3,,,0,23,,212268,3,,,0,63,,212285,3,,,0,23,,212305,3,,,0,63,,212267,3,,,0,23,,212289,3,,,0,23,,212302,3,,,0,63,,212271,3,,,0,23,,212290,3,,,0,63,,212306,3,,,0,23,,212272,3,,,0,23,,212291,3,,,0,63,,212307,3,,,0,23,,212275,3,,,0,23,,212273,3,,,0,63,,212295,3,,,0,23,,212292,3,,,0,63,,212308,3,,,0,23,,212276,3,,,0,23,,212274,3,,,0,69,,212293,3,,,0,33,,212309,3,,,0,72,,212296,3,,,0,33,,212294,3,,,0,73,,212297,3,,,0,73,,212277,3,,,0,33,,212298,3,,,0,73,,212279,3,,,0,33,,212299,3,,,0,73,,212280,3,,,0,31,,212301,3,,,0
