2301,'Saturday',452,,205868,5,0,80 12 53,0,59,,205867,5,0,80 12 53,0,19,,205927,5,0,80 12 53,0,19,,205928,5,0,80 12 53,0,59,,205925,5,0,80 12 53,0,19,,205929,5,0,80 12 53,0,19,,205930,5,0,80 12 53,0,59,,205931,5,0,80 12 53,0,19,,205905,5,0,80 12 53,0,19,,205923,5,0,80 12 53,0,59,,205891,5,0,80 12 53,0,19,,205924,5,0,80 12 53,0,19,,205892,5,0,80 12 53,0,19,,205893,5,0,80 12 53,0,59,,205894,5,0,80 12 53,0,19,,205896,5,0,80 12 53,0,19,,205897,5,0,80 12 53,0,60,,205898,5,0,80 12 53,0,19,,205895,5,0,80 12 53,0,19,,205899,5,0,80 12 53,0,59,,205900,5,0,80 12 53,0,19,,205902,5,0,80 12 53,0,19,,205903,5,0,80 12 53,0,59,,205904,5,0,80 12 53,0,18,,205886,5,0,80 12 53,0,18,,205890,5,0,80 12 53,0,59,,205889,5,0,80 12 53,0,19,,205885,5,0,80 12 53,0,19,,205888,5,0,80 12 53,0,59,,205887,5,0,80 12 53,0,19,,205882,5,0,80 12 53,0,19,,205880,5,0,80 12 53,0,19,,205883,5,0,80 12 53,0,60,,205884,5,0,80 12 53,0,19,,205906,5,0,80 12 53,0,19,,205907,5,0,80 12 53,0,59,,205910,5,0,80 12 53,0,19,,205912,5,0,80 12 53,0,19,,205908,5,0,80 12 53,0,58,,205909,5,0,80 12 53,0,18,,205911,5,0,80 12 53,0,18,,205913,5,0,80 12 53,0,59,,205914,5,0,80 12 53,0,18,,205915,5,0,80 12 53,0,19,,205916,5,0,80 12 53,0,59,,205917,5,0,80 12 53,0,19,,205918,5,0,80 12 53,0,19,,205919,5,0,80 12 53,0,18,,205920,5,0,80 12 53,0,59,,205921,5,0,80 12 53,0,19,,205881,5,0,80 12 53,0,20,,205901,5,0,80 12 53,0,63,,205879,5,0,80 12 53,0,20,,205878,5,0,80 12 53,0,19,,205870,5,0,80 12 53,0,59,,205877,5,0,80 12 53,0,18,,205873,5,0,80 12 53,0,19,,205875,5,0,80 12 53,0,59,,205871,5,0,80 12 53,0,19,,205872,5,0,80 12 53,0,18,,205874,5,0,80 12 53,0,58,,205926,5,0,80 12 53,0,18,,205876,5,0,80 12 53,0,18,,205922,5,0,80 12 53,0,58,,205869,5,0,80 12 53,0
2301,'Sunday',452,,205932,5,0,80 12 53,0,59,,205933,5,0,80 12 53,0,19,,205936,5,0,80 12 53,0,19,,205940,5,0,80 12 53,0,59,,205935,5,0,80 12 53,0,19,,205934,5,0,80 12 53,0,19,,205937,5,0,80 12 53,0,59,,205938,5,0,80 12 53,0,19,,205939,5,0,80 12 53,0,19,,205941,5,0,80 12 53,0,59,,205942,5,0,80 12 53,0,19,,205943,5,0,80 12 53,0,19,,205944,5,0,80 12 53,0,19,,205945,5,0,80 12 53,0,59,,205946,5,0,80 12 53,0,19,,205948,5,0,80 12 53,0,19,,205949,5,0,80 12 53,0,60,,205947,5,0,80 12 53,0,19,,205952,5,0,80 12 53,0,19,,205953,5,0,80 12 53,0,59,,205950,5,0,80 12 53,0,19,,205954,5,0,80 12 53,0,19,,205951,5,0,80 12 53,0,59,,205955,5,0,80 12 53,0,18,,205957,5,0,80 12 53,0,18,,205958,5,0,80 12 53,0,59,,205956,5,0,80 12 53,0,19,,205959,5,0,80 12 53,0,19,,205960,5,0,80 12 53,0,59,,205961,5,0,80 12 53,0,19,,205962,5,0,80 12 53,0,19,,205963,5,0,80 12 53,0,19,,205964,5,0,80 12 53,0,60,,205965,5,0,80 12 53,0,19,,205966,5,0,80 12 53,0,19,,205967,5,0,80 12 53,0,59,,205968,5,0,80 12 53,0,19,,205970,5,0,80 12 53,0,19,,205969,5,0,80 12 53,0,58,,205971,5,0,80 12 53,0,18,,205972,5,0,80 12 53,0,18,,205973,5,0,80 12 53,0,59,,205974,5,0,80 12 53,0,18,,205975,5,0,80 12 53,0,19,,205976,5,0,80 12 53,0,59,,205977,5,0,80 12 53,0,19,,205978,5,0,80 12 53,0,19,,205979,5,0,80 12 53,0,18,,205980,5,0,80 12 53,0,59,,205981,5,0,80 12 53,0,19,,205982,5,0,80 12 53,0,20,,205983,5,0,80 12 53,0,63,,205984,5,0,80 12 53,0,20,,205986,5,0,80 12 53,0,19,,205985,5,0,80 12 53,0,59,,205987,5,0,80 12 53,0,18,,205988,5,0,80 12 53,0,19,,205989,5,0,80 12 53,0,59,,205990,5,0,80 12 53,0,19,,205992,5,0,80 12 53,0,18,,205991,5,0,80 12 53,0,58,,205993,5,0,80 12 53,0,18,,205994,5,0,80 12 53,0,18,,205995,5,0,80 12 53,0,58,,205996,5,0,80 12 53,0
2301,'Weekday',404,,206000,5,0,80 12 53,0,15,,206055,5,0,80 12 53,0,15,,205999,5,0,80 12 53,0,10,,206056,5,0,80 12 53,0,10,,206066,5,0,80 12 53,0,50,,206051,5,0,80 12 53,0,11,,206004,5,0,80 12 53,0,11,,206010,5,0,80 12 53,0,10,,206006,5,0,80 12 53,0,8,,206015,5,0,80 12 53,0,7,,206067,5,0,80 12 53,0,7,,206025,5,0,80 12 53,0,49,,206001,5,0,80 12 53,0,9,,206008,5,0,80 12 53,0,10,,205997,5,0,80 12 53,0,10,,206031,5,0,80 12 53,0,10,,206003,5,0,80 12 53,0,10,,206036,5,0,80 12 53,0,50,,206002,5,0,80 12 53,0,10,,206020,5,0,80 12 53,0,10,,206057,5,0,80 12 53,0,10,,206041,5,0,80 12 53,0,10,,206005,5,0,80 12 53,0,11,,206011,5,0,80 12 53,0,50,,206007,5,0,80 12 53,0,10,,206016,5,0,80 12 53,0,9,,206064,5,0,80 12 53,0,9,,206026,5,0,80 12 53,0,10,,206009,5,0,80 12 53,0,10,,206062,5,0,80 12 53,0,50,,206034,5,0,80 12 53,0,10,,206063,5,0,80 12 53,0,10,,206038,5,0,80 12 53,0,20,,206021,5,0,80 12 53,0,60,,206042,5,0,80 12 53,0,20,,206012,5,0,80 12 53,0,22,,206017,5,0,80 12 53,0,62,,206027,5,0,80 12 53,0,22,,206032,5,0,80 12 53,0,22,,206037,5,0,80 12 53,0,62,,206022,5,0,80 12 53,0,22,,206043,5,0,80 12 53,0,22,,206018,5,0,80 12 53,0,62,,206028,5,0,80 12 53,0,22,,206033,5,0,80 12 53,0,16,,206065,5,0,80 12 53,0,56,,206039,5,0,80 12 53,0,16,,206061,5,0,80 12 53,0,16,,206023,5,0,80 12 53,0,56,,206060,5,0,80 12 53,0,10,,206079,5,0,80 12 53,0,10,,206044,5,0,80 12 53,0,11,,206045,5,0,80 12 53,0,16,,206013,5,0,80 12 53,0,57,,206019,5,0,80 12 53,0,16,,206029,5,0,80 12 53,0,16,,206048,5,0,80 12 53,0,16,,206035,5,0,80 12 53,0,56,,206047,5,0,80 12 53,0,16,,206040,5,0,80 12 53,0,16,,206050,5,0,80 12 53,0,16,,206024,5,0,80 12 53,0,56,,206046,5,0,80 12 53,0,15,,206014,5,0,80 12 53,0,16,,206030,5,0,80 12 53,0,56,,206049,5,0,80 12 53,0,16,,205998,5,0,80 12 53,0,17,,206052,5,0,80 12 53,0,17,,206059,5,0,80 12 53,0,54,,206053,5,0,80 12 53,0,15,,206054,5,0,80 12 53,0,19,,206058,5,0,80 12 53,0,66,,206068,5,0,80 12 53,0,26,,206069,5,0,80 12 53,0,25,,206070,5,0,80 12 53,0,65,,206071,5,0,80 12 53,0,26,,206072,5,0,80 12 53,0,66,,206073,5,0,80 12 53,0,26,,206074,5,0,80 12 53,0,66,,206075,5,0,80 12 53,0,24,,206078,5,0,80 12 53,0,26,,206077,5,0,80 12 53,0,67,,206076,5,0,80 12 53,0
3801,'Saturday',439,,207896,5,,,0,68,,207897,5,,,0,25,,207898,5,,,0,23,,207899,5,,,0,63,,207900,5,,,0,23,,207902,5,,,0,63,,207901,5,,,0,23,,207903,5,,,0,23,,207906,5,,,0,63,,207904,5,,,0,23,,207905,5,,,0,23,,207907,5,,,0,63,,207908,5,,,0,24,,207910,5,,,0,67,,207913,5,,,0,26,,207912,5,,,0,62,,207911,5,,,0,22,,207909,5,,,0,23,,207916,5,,,0,61,,207915,5,,,0,21,,207914,5,,,0,21,,207892,5,,,0,62,,207870,5,,,0,22,,207893,5,,,0,22,,207895,5,,,0,62,,207876,5,,,0,21,,207884,5,,,0,21,,207894,5,,,0,62,,207877,5,,,0,22,,207878,5,,,0,62,,207871,5,,,0,22,,207865,5,,,0,21,,207862,5,,,0,60,,207885,5,,,0,22,,207866,5,,,0,22,,207889,5,,,0,62,,207872,5,,,0,22,,207879,5,,,0,21,,207873,5,,,0,60,,207863,5,,,0,18,,207886,5,,,0,22,,207888,5,,,0,59,,207864,5,,,0,20,,207867,5,,,0,64,,207880,5,,,0,24,,207881,5,,,0,24,,207874,5,,,0,65,,207887,5,,,0,24,,207890,5,,,0,64,,207875,5,,,0,24,,207891,5,,,0,24,,207868,5,,,0,64,,207882,5,,,0,24,,207869,5,,,0,64,,207883,5,,,0
3801,'Sunday',439,,207917,5,,,0,68,,207918,5,,,0,25,,207919,5,,,0,23,,207920,5,,,0,63,,207921,5,,,0,23,,207922,5,,,0,63,,207923,5,,,0,23,,207924,5,,,0,23,,207925,5,,,0,63,,207926,5,,,0,23,,207927,5,,,0,23,,207928,5,,,0,63,,207929,5,,,0,24,,207930,5,,,0,67,,207931,5,,,0,26,,207932,5,,,0,62,,207933,5,,,0,22,,207934,5,,,0,23,,207935,5,,,0,61,,207936,5,,,0,21,,207937,5,,,0,21,,207938,5,,,0,62,,207939,5,,,0,22,,207940,5,,,0,22,,207941,5,,,0,62,,207942,5,,,0,21,,207943,5,,,0,21,,207944,5,,,0,62,,207945,5,,,0,22,,207946,5,,,0,62,,207947,5,,,0,22,,207948,5,,,0,21,,207949,5,,,0,60,,207950,5,,,0,22,,207951,5,,,0,22,,207952,5,,,0,62,,207953,5,,,0,22,,207954,5,,,0,21,,207955,5,,,0,60,,207956,5,,,0,18,,207957,5,,,0,22,,207958,5,,,0,59,,207959,5,,,0,20,,207960,5,,,0,64,,207961,5,,,0,24,,207971,5,,,0,24,,207962,5,,,0,65,,207963,5,,,0,24,,207964,5,,,0,64,,207965,5,,,0,24,,207966,5,,,0,24,,207967,5,,,0,64,,207968,5,,,0,24,,207969,5,,,0,64,,207970,5,,,0
3801,'Weekday',409,,207972,5,,,0,24,,207973,5,,,0,15,,207974,5,,,0,55,,207975,5,,,0,15,,207976,5,,,0,13,,207977,5,,,0,13,,207978,5,,,0,14,,207979,5,,,0,54,,207980,5,,,0,15,,207981,5,,,0,15,,207982,5,,,0,15,,207983,5,,,0,55,,207984,5,,,0,15,,207985,5,,,0,15,,207986,5,,,0,9,,207992,5,,,0,49,,207987,5,,,0,6,,207993,5,,,0,6,,207994,5,,,0,6,,207988,5,,,0,7,,207995,5,,,0,7,,207989,5,,,0,7,,207996,5,,,0,8,,207990,5,,,0,55,,207991,5,,,0,16,,207997,5,,,0,17,,207998,5,,,0,19,,207999,5,,,0,59,,208000,5,,,0,20,,208001,5,,,0,19,,208002,5,,,0,59,,208003,5,,,0,18,,208004,5,,,0,19,,208005,5,,,0,59,,208006,5,,,0,19,,208007,5,,,0,19,,208008,5,,,0,59,,208009,5,,,0,19,,208010,5,,,0,19,,208011,5,,,0,59,,208012,5,,,0,19,,208013,5,,,0,17,,208014,5,,,0,17,,208015,5,,,0,56,,208016,5,,,0,16,,208019,5,,,0,16,,208026,5,,,0,16,,208027,5,,,0,56,,208028,5,,,0,15,,208023,5,,,0,15,,208022,5,,,0,15,,208025,5,,,0,54,,208029,5,,,0,14,,208021,5,,,0,15,,208017,5,,,0,15,,208020,5,,,0,55,,208024,5,,,0,15,,208018,5,,,0,15,,208030,5,,,0,14,,208034,5,,,0,55,,208032,5,,,0,14,,208033,5,,,0,15,,208031,5,,,0,60,,208036,5,,,0,20,,208037,5,,,0,20,,208038,5,,,0,18,,208039,5,,,0,58,,208040,5,,,0,18,,208041,5,,,0,20,,208042,5,,,0,60,,208043,5,,,0,20,,208044,5,,,0,20,,208045,5,,,0,59,,208046,5,,,0,20,,208047,5,,,0,20,,208048,5,,,0,60,,208049,5,,,0,20,,208050,5,,,0,20,,208051,5,,,0,60,,208035,5,,,0
30301,'Saturday',510,,224051,3,,,0,20,,223996,3,,,0,20,,224011,3,,,0,60,,224012,3,,,0,20,,224014,3,,,0,20,,224015,3,,,0,60,,224016,3,,,0,20,,224013,3,,,0,20,,224017,3,,,0,60,,224018,3,,,0,20,,224019,3,,,0,20,,224020,3,,,0,60,,224021,3,,,0,19,,224022,3,,,0,21,,224023,3,,,0,60,,224024,3,,,0,20,,224025,3,,,0,20,,224026,3,,,0,59,,224028,3,,,0,19,,224029,3,,,0,19,,224030,3,,,0,59,,224031,3,,,0,19,,224032,3,,,0,20,,224033,3,,,0,60,,224034,3,,,0,20,,224037,3,,,0,19,,224038,3,,,0,59,,224035,3,,,0,19,,224036,3,,,0,19,,224039,3,,,0,59,,224040,3,,,0,18,,224050,3,,,0,18,,224041,3,,,0,18,,224042,3,,,0,59,,224043,3,,,0,19,,224044,3,,,0,20,,224045,3,,,0,60,,224046,3,,,0,20,,224047,3,,,0,20,,224048,3,,,0,61,,224049,3,,,0,20,,224027,3,,,0,20,,224007,3,,,0,59,,223999,3,,,0,20,,224001,3,,,0,20,,224000,3,,,0,61,,224008,3,,,0,21,,223997,3,,,0,21,,223998,3,,,0,60,,224002,3,,,0,20,,224003,3,,,0,20,,224005,3,,,0,60,,224006,3,,,0,20,,224004,3,,,0,20,,224009,3,,,0,60,,224052,3,,,0,20,,224053,3,,,0,20,,224010,3,,,0
30301,'Sunday',510,,224054,3,,,0,20,,224070,3,,,0,20,,224086,3,,,0,60,,224096,3,,,0,20,,224061,3,,,0,20,,224078,3,,,0,60,,224055,3,,,0,20,,224071,3,,,0,20,,224088,3,,,0,60,,224098,3,,,0,20,,224062,3,,,0,20,,224080,3,,,0,60,,224056,3,,,0,19,,224072,3,,,0,21,,224089,3,,,0,60,,224097,3,,,0,20,,224063,3,,,0,20,,224081,3,,,0,59,,224101,3,,,0,19,,224057,3,,,0,19,,224073,3,,,0,59,,224090,3,,,0,19,,224099,3,,,0,20,,224064,3,,,0,60,,224082,3,,,0,20,,224102,3,,,0,19,,224058,3,,,0,59,,224075,3,,,0,19,,224091,3,,,0,19,,224107,3,,,0,59,,224100,3,,,0,18,,224065,3,,,0,18,,224083,3,,,0,18,,224103,3,,,0,59,,224059,3,,,0,19,,224074,3,,,0,20,,224092,3,,,0,60,,224108,3,,,0,20,,224066,3,,,0,20,,224084,3,,,0,61,,224104,3,,,0,20,,224060,3,,,0,20,,224076,3,,,0,59,,224094,3,,,0,20,,224109,3,,,0,20,,224067,3,,,0,61,,224085,3,,,0,21,,224105,3,,,0,21,,224077,3,,,0,60,,224093,3,,,0,20,,224110,3,,,0,20,,224068,3,,,0,60,,224087,3,,,0,20,,224106,3,,,0,20,,224079,3,,,0,60,,224095,3,,,0,20,,224111,3,,,0,20,,224069,3,,,0
30301,'Weekday',507,,224144,3,,,0,15,,224175,3,,,0,15,,224156,3,,,0,11,,224123,3,,,0,11,,224176,3,,,0,51,,224167,3,,,0,10,,224151,3,,,0,10,,224112,3,,,0,8,,224173,3,,,0,6,,224165,3,,,0,7,,224133,3,,,0,6,,224203,3,,,0,46,,224172,3,,,0,6,,224137,3,,,0,6,,224206,3,,,0,6,,224145,3,,,0,7,,224138,3,,,0,7,,224159,3,,,0,7,,224174,3,,,0,7,,224129,3,,,0,8,,224122,3,,,0,47,,224127,3,,,0,7,,224204,3,,,0,7,,224152,3,,,0,7,,224207,3,,,0,7,,224177,3,,,0,9,,224113,3,,,0,11,,224134,3,,,0,51,,224171,3,,,0,11,,224146,3,,,0,11,,224178,3,,,0,11,,224179,3,,,0,11,,224158,3,,,0,11,,224180,3,,,0,51,,224124,3,,,0,11,,224181,3,,,0,11,,224168,3,,,0,11,,224182,3,,,0,11,,224153,3,,,0,51,,224183,3,,,0,11,,224135,3,,,0,11,,224184,3,,,0,11,,224147,3,,,0,11,,224185,3,,,0,11,,224161,3,,,0,51,,224186,3,,,0,11,,224125,3,,,0,11,,224187,3,,,0,11,,224169,3,,,0,11,,224188,3,,,0,51,,224154,3,,,0,11,,224189,3,,,0,11,,224136,3,,,0,11,,224190,3,,,0,11,,224148,3,,,0,52,,224191,3,,,0,11,,224160,3,,,0,10,,224192,3,,,0,12,,224126,3,,,0,11,,224155,3,,,0,11,,224193,3,,,0,51,,224163,3,,,0,11,,224170,3,,,0,11,,224195,3,,,0,11,,224149,3,,,0,11,,224139,3,,,0,51,,224196,3,,,0,11,,224162,3,,,0,11,,224194,3,,,0,10,,224128,3,,,0,11,,224197,3,,,0,11,,224157,3,,,0,51,,224198,3,,,0,11,,224166,3,,,0,11,,224199,3,,,0,11,,224150,3,,,0,11,,224200,3,,,0,58,,224141,3,,,0,20,,224164,3,,,0,20,,224119,3,,,0,60,,224140,3,,,0,20,,224117,3,,,0,20,,224130,3,,,0,60,,224201,3,,,0,20,,224114,3,,,0,20,,224121,3,,,0,60,,224142,3,,,0,20,,224115,3,,,0,20,,224132,3,,,0,60,,224202,3,,,0,20,,224116,3,,,0,20,,224120,3,,,0,60,,224143,3,,,0,20,,224205,3,,,0,20,,224118,3,,,0,60,,224131,3,,,0
79801,'Weekday',736,,226204,12,0,169 170 151,0
