75000,'Weekday0000100',1355,10,226074,1,0,70 272,0
75000,'Weekday1111000',1540,10,226075,1,0,70 272,0
75100,'Weekday0000100',1355,10,226077,1,,,0
75100,'Weekday1111000',1540,10,226078,1,,,0
75200,'Weekday0000100',1355,10,226081,1,0,275,0
75200,'Weekday1111000',1540,10,226083,1,0,275,0
75300,'Weekday0000100',1355,10,226086,1,0,99 282,0
75300,'Weekday1111000',1540,10,226087,1,0,99 282,0
75400,'Weekday0000100',1355,10,226089,1,0,70 71 81 109,0
75400,'Weekday1111000',1540,10,226090,1,0,70 71 81 109,0
75500,'Weekday0000100',1355,10,226093,1,0,70 71 72 73,0
75500,'Weekday1111000',1540,10,226095,1,0,70 71 72 73,0
75600,'Weekday0000100',1355,10,226099,1,0,275,0
75600,'Weekday1111000',1540,10,226100,1,0,275,0
