5100,'Saturday',625,,209572,29,,,0,78,,209573,29,,,0,34,,209574,29,,,0,78,,209575,29,,,0,38,,209576,29,,,0,78,,209577,29,,,0,78,,209578,29,,,0,38,,209579,29,,,0,78,,209580,29,,,0,78,,209581,29,,,0,38,,209582,29,,,0,78,,209583,29,,,0,38,,209584,29,,,0,78,,209585,29,,,0,78,,209586,29,,,0,38,,209587,29,,,0,78,,209588,29,,,0,78,,209590,29,,,0,38,,209591,29,,,0,78,,209592,29,,,0,78,,209589,29,,,0,38,,209593,29,,,0,78,,209596,29,,,0,38,,209595,29,,,0,78,,209597,29,,,0,78,,209594,29,,,0
5100,'Sunday',625,,209598,29,0,113 31,0,78,,209611,29,0,113 31,0,34,,209599,29,0,113 31,0,78,,209612,29,0,113 31,0,38,,209600,29,0,113 31,0,78,,209613,29,0,113 31,0,78,,209601,29,0,113 31,0,38,,209615,29,0,113 31,0,78,,209602,29,0,113 31,0,78,,209614,29,0,113 31,0,38,,209603,29,0,113 31,0,78,,209617,29,0,113 31,0,38,,209604,29,0,113 31,0,78,,209616,29,0,113 31,0,78,,209605,29,0,113 31,0,38,,209618,29,0,113 31,0,78,,209606,29,0,113 31,0,78,,209619,29,0,113 31,0,38,,209607,29,0,113 31,0,78,,209620,29,0,113 31,0,78,,209608,29,0,113 31,0,38,,209621,29,0,113 31,0,78,,209609,29,0,113 31,0,38,,209622,29,0,113 31,0,78,,209610,29,0,113 31,0,78,,209623,29,0,113 31,0
5100,'Weekday',536,,209624,29,,,0,20,,209643,29,,,0,60,,209627,29,,,0,20,,209653,29,,,0,20,,209625,29,,,0,60,,209644,29,,,0,20,,209629,29,,,0,20,,209654,29,,,0,65,,209626,29,,,0,10,,209645,29,,,0,25,,209628,29,,,0,60,,209655,29,,,0,40,,209646,29,,,0,80,,209657,29,,,0,80,,209647,29,,,0,40,,209656,29,,,0,80,,209648,29,,,0,80,,209658,29,,,0,40,,209649,29,,,0,80,,209659,29,,,0,75,,209650,29,,,0,20,,209630,29,,,0,20,,209660,29,,,0,60,,209637,29,,,0,15,,209651,29,,,0,25,,209631,29,,,0,60,,209661,29,,,0,20,,209639,29,,,0,20,,209652,29,,,0,60,,209632,29,,,0,45,,209638,29,,,0,80,,209634,29,,,0,80,,209640,29,,,0,40,,209633,29,,,0,80,,209641,29,,,0,80,,209635,29,,,0,40,,209642,29,,,0,91,,209636,29,,,0
9801,'Saturday',603,,216458,15,,,0,35,,216459,15,,,0,75,,216461,15,,,0,35,,216460,15,,,0,75,,216463,15,,,0,35,,216464,15,,,0,75,,216462,15,,,0,75,,216465,15,,,0,35,,216466,15,,,0,75,,216467,15,,,0,35,,216468,15,,,0,75,,216469,15,,,0,75,,216470,15,,,0,35,,216471,15,,,0,75,,216472,15,,,0,35,,216473,15,,,0,75,,216474,15,,,0,35,,216475,15,,,0,75,,216476,15,,,0,75,,216477,15,,,0,35,,216478,15,,,0,75,,216479,15,,,0,35,,216481,15,,,0,75,,216480,15,,,0,75,,216482,15,,,0,35,,216483,15,,,0,75,,216485,15,,,0,35,,216484,15,,,0,75,,216487,15,,,0,35,,216486,15,,,0
9801,'Sunday',822,,216488,15,,,0,35,,216489,15,,,0,75,,216490,15,,,0,75,,216491,15,,,0,35,,216492,15,,,0,75,,216494,15,,,0,35,,216493,15,,,0,75,,216495,15,,,0,75,,216496,15,,,0,35,,216497,15,,,0,75,,216498,15,,,0,35,,216499,15,,,0,75,,216500,15,,,0,35,,216501,15,,,0,75,,216502,15,,,0,75,,216503,15,,,0,35,,216504,15,,,0,75,,216506,15,,,0,35,,216505,15,,,0,75,,216507,15,,,0,75,,216508,15,,,0,35,,216509,15,,,0,75,,216510,15,,,0,35,,216511,15,,,0,75,,216512,15,,,0,35,,216513,15,,,0
9801,'Weekday',446,,216516,15,,,0,73,,216517,15,,,0,33,,216534,15,,,0,76,,216518,15,,,0,73,,216535,15,,,0,33,,216519,15,,,0,73,,216536,15,,,0,27,,216514,15,,,0,6,,216520,15,,,0,71,,216537,15,,,0,33,,216521,15,,,0,72,,216538,15,,,0,34,,216522,15,,,0,73,,216539,15,,,0,33,,216523,15,,,0,73,,216540,15,,,0,73,,216524,15,,,0,33,,216541,15,,,0,73,,216525,15,,,0,33,,216542,15,,,0,75,,216526,15,,,0,34,,216543,15,,,0,57,,216515,15,,,0,16,,216527,15,,,0,33,,216544,15,,,0,73,,216528,15,,,0,72,,216545,15,,,0,32,,216529,15,,,0,72,,216546,15,,,0,33,,216530,15,,,0,73,,216547,15,,,0,33,,216531,15,,,0,72,,216548,15,,,0,33,,216532,15,,,0,73,,216549,15,,,0,33,,216533,15,,,0,73,,216550,15,,,0
9801,'Weekday0000100',1322,,216551,15,,,0
9801,'Weekday1111000',1611,,216552,15,,,0
73101,'Weekday',827,,226049,16,0,76 264 79,0
89400,'Weekday',732,,226359,26,0,12 242 12,0
89401,'Weekday',1524,,226360,57,0,12 242 12,0
