201,'Saturday',614,,201818,31,0,250 107 136,0,24,,201819,31,0,250 107 136,0,63,,201849,31,0,250 107 136,0,25,,201860,31,0,250 107 136,0,26,,201855,31,0,250 107 136,0,65,,201850,31,0,250 107 136,0,25,,201845,31,0,250 107 136,0,65,,201840,31,0,250 107 136,0,25,,201835,31,0,250 107 136,0,25,,201830,31,0,250 107 136,0,65,,201826,31,0,250 107 136,0,26,,201834,31,0,250 107 136,0,67,,201829,31,0,250 107 136,0,28,,201823,31,0,250 107 136,0,67,,201824,31,0,250 107 136,0,26,,201854,31,0,250 107 136,0,66,,201857,31,0,250 107 136,0,26,,201852,31,0,250 107 136,0,26,,201847,31,0,250 107 136,0,66,,201842,31,0,250 107 136,0,26,,201837,31,0,250 107 136,0,66,,201832,31,0,250 107 136,0,26,,201822,31,0,250 107 136,0,66,,201839,31,0,250 107 136,0,26,,201859,31,0,250 107 136,0,26,,201858,31,0,250 107 136,0,67,,201853,31,0,250 107 136,0,26,,201848,31,0,250 107 136,0,66,,201843,31,0,250 107 136,0,26,,201838,31,0,250 107 136,0,66,,201833,31,0,250 107 136,0,26,,201827,31,0,250 107 136,0,26,,201821,31,0,250 107 136,0,66,,201844,31,0,250 107 136,0,25,,201828,31,0,250 107 136,0,66,,201856,31,0,250 107 136,0,26,,201851,31,0,250 107 136,0,66,,201846,31,0,250 107 136,0,26,,201841,31,0,250 107 136,0,66,,201836,31,0,250 107 136,0,26,,201831,31,0,250 107 136,0,26,,201820,31,0,250 107 136,0,66,,201825,31,0,250 107 136,0
201,'Sunday',614,,201891,31,0,250 107 136,0,24,,201892,31,0,250 107 136,0,63,,201902,31,0,250 107 136,0,25,,201900,31,0,250 107 136,0,26,,201896,31,0,250 107 136,0,65,,201901,31,0,250 107 136,0,25,,201897,31,0,250 107 136,0,65,,201903,31,0,250 107 136,0,25,,201895,31,0,250 107 136,0,25,,201898,31,0,250 107 136,0,65,,201899,31,0,250 107 136,0,26,,201894,31,0,250 107 136,0,67,,201893,31,0,250 107 136,0,28,,201888,31,0,250 107 136,0,67,,201871,31,0,250 107 136,0,26,,201889,31,0,250 107 136,0,66,,201866,31,0,250 107 136,0,26,,201861,31,0,250 107 136,0,26,,201883,31,0,250 107 136,0,66,,201890,31,0,250 107 136,0,26,,201865,31,0,250 107 136,0,66,,201877,31,0,250 107 136,0,26,,201872,31,0,250 107 136,0,66,,201878,31,0,250 107 136,0,26,,201884,31,0,250 107 136,0,26,,201862,31,0,250 107 136,0,67,,201867,31,0,250 107 136,0,26,,201873,31,0,250 107 136,0,66,,201875,31,0,250 107 136,0,26,,201868,31,0,250 107 136,0,66,,201879,31,0,250 107 136,0,26,,201885,31,0,250 107 136,0,26,,201863,31,0,250 107 136,0,66,,201874,31,0,250 107 136,0,25,,201886,31,0,250 107 136,0,66,,201880,31,0,250 107 136,0,26,,201869,31,0,250 107 136,0,66,,201881,31,0,250 107 136,0,26,,201870,31,0,250 107 136,0,66,,201876,31,0,250 107 136,0,26,,201887,31,0,250 107 136,0,26,,201864,31,0,250 107 136,0,66,,201882,31,0,250 107 136,0
201,'Weekday',521,,201904,31,0,250 107 136,0,15,,201905,31,0,250 107 136,0,15,,201906,31,0,250 107 136,0,60,,201911,31,0,250 107 136,0,15,,201907,31,0,250 107 136,0,15,,201912,31,0,250 107 136,0,15,,201913,31,0,250 107 136,0,55,,201914,31,0,250 107 136,0,16,,201915,31,0,250 107 136,0,17,,201916,31,0,250 107 136,0,56,,201917,31,0,250 107 136,0,15,,201918,31,0,250 107 136,0,15,,201919,31,0,250 107 136,0,13,,201920,31,0,250 107 136,0,16,,201921,31,0,250 107 136,0,54,,201922,31,0,250 107 136,0,14,,201923,31,0,250 107 136,0,14,,201924,31,0,250 107 136,0,15,,201925,31,0,250 107 136,0,65,,201926,31,0,250 107 136,0,25,,201927,31,0,250 107 136,0,67,,201928,31,0,250 107 136,0,27,,201929,31,0,250 107 136,0,67,,201930,31,0,250 107 136,0,27,,201931,31,0,250 107 136,0,68,,201932,31,0,250 107 136,0,29,,201933,31,0,250 107 136,0,27,,201934,31,0,250 107 136,0,67,,201935,31,0,250 107 136,0,13,,201908,31,0,250 107 136,0,14,,201936,31,0,250 107 136,0,54,,201909,31,0,250 107 136,0,14,,201937,31,0,250 107 136,0,16,,201910,31,0,250 107 136,0,14,,201938,31,0,250 107 136,0,55,,201939,31,0,250 107 136,0,16,,201941,31,0,250 107 136,0,16,,201942,31,0,250 107 136,0,16,,201943,31,0,250 107 136,0,56,,201944,31,0,250 107 136,0,15,,201945,31,0,250 107 136,0,15,,201946,31,0,250 107 136,0,13,,201947,31,0,250 107 136,0,55,,201948,31,0,250 107 136,0,15,,201949,31,0,250 107 136,0,14,,201940,31,0,250 107 136,0,65,,201951,31,0,250 107 136,0,26,,201950,31,0,250 107 136,0,15,,201953,31,0,250 107 136,0,60,,201952,31,0,250 107 136,0,20,,201955,31,0,250 107 136,0,23,,201954,31,0,250 107 136,0,68,,201956,31,0,250 107 136,0,30,,201957,31,0,250 107 136,0,70,,201958,31,0,250 107 136,0,30,,201959,31,0,250 107 136,0,71,,201960,31,0,250 107 136,0,30,,201961,31,0,250 107 136,0,70,,201962,31,0,250 107 136,0
301,'Saturday',559,,202169,31,,,0,65,,202177,31,,,0,20,,202187,31,,,0,60,,202195,31,,,0,17,,202203,31,,,0,20,,202210,31,,,0,60,,202217,31,,,0,20,,202170,31,,,0,20,,202178,31,,,0,61,,202185,31,,,0,21,,202197,31,,,0,20,,202204,31,,,0,60,,202211,31,,,0,20,,202219,31,,,0,20,,202171,31,,,0,60,,202180,31,,,0,20,,202188,31,,,0,20,,202196,31,,,0,60,,202205,31,,,0,21,,202212,31,,,0,20,,202220,31,,,0,60,,202172,31,,,0,20,,202181,31,,,0,20,,202190,31,,,0,60,,202198,31,,,0,20,,202206,31,,,0,20,,202213,31,,,0,60,,202221,31,,,0,20,,202173,31,,,0,20,,202179,31,,,0,60,,202189,31,,,0,20,,202199,31,,,0,20,,202207,31,,,0,60,,202214,31,,,0,20,,202222,31,,,0,20,,202174,31,,,0,59,,202182,31,,,0,20,,202191,31,,,0,20,,202200,31,,,0,60,,202209,31,,,0,20,,202215,31,,,0,20,,202223,31,,,0,60,,202175,31,,,0,20,,202183,31,,,0,20,,202192,31,,,0,60,,202201,31,,,0,20,,202208,31,,,0,20,,202216,31,,,0,60,,202224,31,,,0,20,,202176,31,,,0,19,,202184,31,,,0,60,,202193,31,,,0,32,,202202,31,,,0,71,,202218,31,,,0,33,,202186,31,,,0,75,,202194,31,,,0
301,'Sunday',559,,202228,31,,,0,65,,202233,31,,,0,20,,202242,31,,,0,60,,202251,31,,,0,17,,202259,31,,,0,20,,202266,31,,,0,60,,202274,31,,,0,20,,202226,31,,,0,20,,202234,31,,,0,61,,202243,31,,,0,21,,202252,31,,,0,20,,202260,31,,,0,60,,202267,31,,,0,20,,202275,31,,,0,20,,202225,31,,,0,60,,202235,31,,,0,20,,202244,31,,,0,20,,202253,31,,,0,60,,202261,31,,,0,21,,202268,31,,,0,20,,202276,31,,,0,60,,202227,31,,,0,20,,202236,31,,,0,20,,202245,31,,,0,60,,202254,31,,,0,20,,202262,31,,,0,20,,202269,31,,,0,60,,202277,31,,,0,20,,202229,31,,,0,20,,202237,31,,,0,60,,202246,31,,,0,20,,202255,31,,,0,20,,202263,31,,,0,60,,202270,31,,,0,20,,202278,31,,,0,20,,202230,31,,,0,59,,202238,31,,,0,20,,202247,31,,,0,20,,202258,31,,,0,60,,202264,31,,,0,20,,202271,31,,,0,20,,202279,31,,,0,60,,202231,31,,,0,20,,202239,31,,,0,20,,202248,31,,,0,60,,202256,31,,,0,20,,202265,31,,,0,20,,202272,31,,,0,60,,202280,31,,,0,20,,202232,31,,,0,19,,202240,31,,,0,60,,202249,31,,,0,32,,202257,31,,,0,71,,202273,31,,,0,33,,202241,31,,,0,75,,202250,31,,,0
301,'Weekday',447,,202282,31,,,0,82,,202319,31,,,0,20,,202299,31,,,0,60,,202311,31,,,0,20,,202316,31,,,0,15,,202331,31,,,0,56,,202283,31,,,0,13,,202343,31,,,0,13,,202336,31,,,0,6,,202284,31,,,0,7,,202304,31,,,0,7,,202291,31,,,0,6,,202320,31,,,0,7,,202292,31,,,0,46,,202293,31,,,0,7,,202300,31,,,0,6,,202342,31,,,0,6,,202294,31,,,0,7,,202312,31,,,0,6,,202372,31,,,0,7,,202351,31,,,0,7,,202285,31,,,0,6,,202317,31,,,0,46,,202281,31,,,0,6,,202332,31,,,0,14,,202359,31,,,0,17,,202344,31,,,0,15,,202337,31,,,0,55,,202305,31,,,0,15,,202321,31,,,0,15,,202301,31,,,0,10,,202313,31,,,0,55,,202352,31,,,0,15,,202286,31,,,0,15,,202333,31,,,0,15,,202360,31,,,0,55,,202345,31,,,0,15,,202338,31,,,0,15,,202306,31,,,0,15,,202322,31,,,0,55,,202302,31,,,0,15,,202314,31,,,0,15,,202353,31,,,0,15,,202287,31,,,0,55,,202334,31,,,0,15,,202361,31,,,0,15,,202346,31,,,0,15,,202339,31,,,0,55,,202307,31,,,0,16,,202323,31,,,0,11,,202303,31,,,0,14,,202328,31,,,0,6,,202315,31,,,0,7,,202367,31,,,0,47,,202295,31,,,0,6,,202354,31,,,0,7,,202296,31,,,0,6,,202288,31,,,0,6,,202297,31,,,0,7,,202335,31,,,0,4,,202358,12,0,120 47,0,9,,202362,31,,,0,4,,202298,12,0,120 47,0,49,,202347,31,,,0,13,,202318,31,,,0,13,,202340,31,,,0,13,,202308,31,,,0,13,,202324,31,,,0,50,,202366,31,,,0,12,,202329,31,,,0,13,,202368,31,,,0,15,,202355,31,,,0,55,,202289,31,,,0,15,,202363,31,,,0,15,,202348,31,,,0,15,,202341,31,,,0,55,,202309,31,,,0,15,,202325,31,,,0,15,,202330,31,,,0,15,,202369,31,,,0,55,,202356,31,,,0,15,,202290,31,,,0,19,,202364,31,,,0,18,,202349,31,,,0,60,,202310,31,,,0,21,,202326,31,,,0,22,,202370,31,,,0,62,,202357,31,,,0,20,,202365,31,,,0,72,,202350,31,,,0,29,,202327,31,,,0,72,,202371,31,,,0
1701,'Saturday',544,,204741,13,,,0,85,,204742,13,,,0,85,,204743,13,,,0,45,,204740,13,,,0,85,,204744,13,,,0,85,,204746,13,,,0,85,,204749,13,,,0,45,,204747,13,,,0,85,,204748,13,,,0,85,,204751,13,,,0,85,,204752,13,,,0,45,,204745,13,,,0,85,,204753,13,,,0,85,,204755,13,,,0,85,,204756,13,,,0,45,,204754,13,,,0,85,,204750,13,,,0,85,,204757,13,,,0
1701,'Sunday',714,,204759,13,,,0,45,,204760,13,,,0,85,,204762,13,,,0,85,,204758,13,,,0,85,,204763,13,,,0,45,,204761,13,,,0,85,,204766,13,,,0,85,,204765,13,,,0,85,,204767,13,,,0,45,,204764,13,,,0,85,,204768,13,,,0,85,,204769,13,,,0,85,,204770,13,,,0,45,,204771,13,,,0,85,,204772,13,,,0,85,,204773,13,,,0
1701,'Weekday',542,,204775,13,,,0,72,,204787,13,,,0,32,,204797,13,,,0,67,,204774,13,,,0,38,,204786,13,,,0,72,,204798,13,,,0,32,,204776,13,,,0,71,,204788,13,,,0,32,,204799,13,,,0,72,,204777,13,,,0,72,,204789,13,,,0,32,,204800,13,,,0,72,,204778,13,,,0,32,,204790,13,,,0,72,,204801,13,,,0,32,,204779,13,,,0,72,,204791,13,,,0,32,,204802,13,,,0,73,,204782,13,,,0,32,,204792,13,,,0,72,,204803,13,,,0,32,,204780,13,,,0,72,,204793,13,,,0,31,,204804,13,,,0,72,,204781,13,,,0,72,,204794,13,,,0,32,,204805,13,,,0,72,,204783,13,,,0,32,,204795,13,,,0,72,,204806,13,,,0,32,,204784,13,,,0,72,,204796,13,,,0,32,,204807,13,,,0,72,,204785,13,,,0
50301,'Saturday',541,,225832,12,,,0,77,,225833,12,,,0,37,,225831,12,,,0,77,,225834,12,,,0,77,,225845,12,,,0,37,,225838,12,,,0,77,,225842,12,,,0,77,,225846,12,,,0,40,,225839,12,,,0,77,,225843,12,,,0,37,,225837,12,,,0,77,,225835,12,,,0,77,,225844,12,,,0,37,,225840,12,,,0,77,,225841,12,,,0,37,,225847,12,,,0,77,,225836,12,,,0,77,,225848,12,,,0,37,,225849,12,,,0,77,,225850,12,,,0,77,,225851,12,,,0,37,,225853,12,,,0,76,,225852,12,,,0,35,,225854,12,,,0,77,,225855,12,,,0,77,,225857,12,,,0,36,,225856,12,,,0,77,,225858,12,,,0
50301,'Sunday',541,,225870,12,,,0,77,,225877,12,,,0,37,,225863,12,,,0,77,,225869,12,,,0,77,,225874,12,,,0,37,,225864,12,,,0,77,,225871,12,,,0,77,,225875,12,,,0,40,,225865,12,,,0,77,,225872,12,,,0,37,,225862,12,,,0,77,,225860,12,,,0,77,,225873,12,,,0,37,,225866,12,,,0,77,,225867,12,,,0,37,,225878,12,,,0,77,,225861,12,,,0,77,,225868,12,,,0,37,,225876,12,,,0,77,,225859,12,,,0,77,,225879,12,,,0,37,,225881,12,,,0,76,,225880,12,,,0,35,,225882,12,,,0,77,,225883,12,,,0,77,,225884,12,,,0,36,,225885,12,,,0,77,,225886,12,,,0
50301,'Weekday',546,,225887,12,,,0,70,,225888,12,,,0,31,,225889,12,,,0,56,,225890,12,,,0,16,,225897,12,,,0,16,,225891,12,,,0,16,,225899,12,,,0,56,,225893,12,,,0,16,,225896,12,,,0,16,,225894,12,,,0,16,,225895,12,,,0,56,,225898,12,,,0,15,,225892,12,,,0,15,,225907,12,,,0,17,,225903,12,,,0,68,,225901,12,,,0,28,,225905,12,,,0,68,,225900,12,,,0,28,,225902,12,,,0,68,,225904,12,,,0,28,,225906,12,,,0,68,,225908,12,,,0,28,,225912,12,,,0,68,,225910,12,,,0,28,,225914,12,,,0,68,,225909,12,,,0,29,,225913,12,,,0,66,,225911,12,,,0,16,,225915,12,,,0,16,,225921,12,,,0,16,,225922,12,,,0,56,,225917,12,,,0,16,,225923,12,,,0,16,,225918,12,,,0,16,,225919,12,,,0,56,,225925,12,,,0,15,,225920,12,,,0,15,,225924,12,,,0,16,,225916,12,,,0,68,,225927,12,,,0,28,,225929,12,,,0,68,,225930,12,,,0,28,,225926,12,,,0,67,,225928,12,,,0,27,,225931,12,,,0,68,,225933,12,,,0,28,,225932,12,,,0
