901,'Saturday',544,,203540,45,,,0,65,,203545,45,,,0,32,,203546,45,,,0,72,,203547,45,,,0,32,,203548,45,,,0,72,,203549,45,,,0,32,,203550,45,,,0,72,,203551,45,,,0,32,,203552,45,,,0,72,,203553,45,,,0,32,,203554,45,,,0,72,,203555,45,,,0,72,,203556,45,,,0,32,,203557,45,,,0,72,,203558,45,,,0,32,,203559,45,,,0,72,,203560,45,,,0,32,,203561,45,,,0,72,,203562,45,,,0,32,,203563,45,,,0,72,,203564,45,,,0,32,,203565,45,,,0,72,,203566,45,,,0,32,,203567,45,,,0,72,,203568,45,,,0,32,,203569,45,,,0,72,,203570,45,,,0,72,,203571,45,,,0,32,,203572,45,,,0,72,,203573,45,,,0,32,,203574,45,,,0,72,,203541,45,,,0,32,,203544,45,,,0,72,,203542,45,,,0,25,,203543,45,,,0
901,'Sunday',544,,203575,45,,,0,65,,203582,45,,,0,32,,203596,45,,,0,72,,203603,45,,,0,32,,203589,45,,,0,72,,203576,45,,,0,32,,203583,45,,,0,72,,203597,45,,,0,32,,203604,45,,,0,72,,203590,45,,,0,32,,203577,45,,,0,72,,203584,45,,,0,72,,203598,45,,,0,32,,203605,45,,,0,72,,203591,45,,,0,32,,203578,45,,,0,72,,203585,45,,,0,32,,203599,45,,,0,72,,203606,45,,,0,32,,203592,45,,,0,72,,203579,45,,,0,32,,203586,45,,,0,72,,203600,45,,,0,32,,203607,45,,,0,72,,203593,45,,,0,32,,203580,45,,,0,72,,203587,45,,,0,72,,203601,45,,,0,32,,203608,45,,,0,72,,203594,45,,,0,32,,203581,45,,,0,72,,203588,45,,,0,32,,203602,45,,,0,72,,203609,45,,,0,25,,203595,45,,,0
901,'Weekday',507,,203610,45,,,0,22,,203625,45,,,0,22,,203635,45,,,0,64,,203650,45,,,0,26,,203618,45,,,0,67,,203630,45,,,0,22,,203643,45,,,0,22,,203611,45,,,0,62,,203626,45,,,0,11,,203663,45,,,0,11,,203636,45,,,0,11,,203664,45,,,0,11,,203658,45,,,0,51,,203670,45,,,0,11,,203651,45,,,0,11,,203665,45,,,0,11,,203619,45,,,0,10,,203662,45,,,0,50,,203631,45,,,0,22,,203644,45,,,0,22,,203612,45,,,0,62,,203627,45,,,0,22,,203637,45,,,0,22,,203659,45,,,0,62,,203652,45,,,0,22,,203620,45,,,0,22,,203632,45,,,0,62,,203645,45,,,0,22,,203613,45,,,0,62,,203628,45,,,0,22,,203638,45,,,0,22,,203660,45,,,0,62,,203653,45,,,0,22,,203621,45,,,0,24,,203633,45,,,0,63,,203646,45,,,0,10,,203666,45,,,0,13,,203614,45,,,0,9,,203667,45,,,0,54,,203629,45,,,0,8,,203668,45,,,0,15,,203639,45,,,0,23,,203661,45,,,0,61,,203654,45,,,0,19,,203622,45,,,0,11,,203669,45,,,0,6,,203634,45,,,0,63,,203647,45,,,0,30,,203615,45,,,0,70,,203640,45,,,0,30,,203655,45,,,0,70,,203623,45,,,0,30,,203648,45,,,0,70,,203616,45,,,0,30,,203641,45,,,0,70,,203656,45,,,0,30,,203624,45,,,0,70,,203649,45,,,0,30,,203617,45,,,0,70,,203642,45,,,0,30,,203657,45,,,0
1300,'Saturday',723,,204055,16,,,0,34,,204063,16,,,0,74,,204073,16,,,0,74,,204054,16,,,0,34,,204064,16,,,0,74,,204074,16,,,0,34,,204057,16,,,0,74,,204065,16,,,0,34,,204056,16,,,0,74,,204068,16,,,0,74,,204075,16,,,0,34,,204058,16,,,0,74,,204067,16,,,0,34,,204076,16,,,0,76,,204059,16,,,0,34,,204066,16,,,0,74,,204077,16,,,0,74,,204060,16,,,0,34,,204069,16,,,0,73,,204079,16,,,0,33,,204061,16,,,0,74,,204070,16,,,0,34,,204078,16,,,0,74,,204071,16,,,0,34,,204080,16,,,0,74,,204062,16,,,0,74,,204072,16,,,0,34,,204081,16,,,0,74,,204082,16,,,0
1300,'Sunday',723,,204084,16,,,0,34,,204095,16,,,0,74,,204105,16,,,0,75,,204085,16,,,0,34,,204096,16,,,0,74,,204106,16,,,0,34,,204086,16,,,0,74,,204097,16,,,0,34,,204108,16,,,0,74,,204088,16,,,0,74,,204098,16,,,0,34,,204107,16,,,0,74,,204087,16,,,0,34,,204099,16,,,0,76,,204109,16,,,0,34,,204089,16,,,0,74,,204100,16,,,0,74,,204110,16,,,0,34,,204090,16,,,0,72,,204101,16,,,0,33,,204111,16,,,0,74,,204092,16,,,0,34,,204102,16,,,0,74,,204112,16,,,0,34,,204093,16,,,0,74,,204103,16,,,0,74,,204113,16,,,0,34,,204091,16,,,0,74,,204104,16,,,0,34,,204114,16,,,0,74,,204094,16,,,0
1300,'Weekday',555,,204116,16,,,0,70,,204124,16,,,0,28,,204142,16,,,0,70,,204133,16,,,0,30,,204118,16,,,0,69,,204125,16,,,0,30,,204143,16,,,0,70,,204134,16,,,0,30,,204115,16,,,0,71,,204126,16,,,0,30,,204145,16,,,0,70,,204135,16,,,0,30,,204117,16,,,0,70,,204127,16,,,0,30,,204144,16,,,0,70,,204136,16,,,0,30,,204119,16,,,0,70,,204128,16,,,0,30,,204146,16,,,0,71,,204137,16,,,0,30,,204120,16,,,0,70,,204129,16,,,0,30,,204147,16,,,0,70,,204138,16,,,0,30,,204121,16,,,0,65,,204130,16,,,0,30,,204149,16,,,0,70,,204139,16,,,0,30,,204122,16,,,0,70,,204131,16,,,0,30,,204148,16,,,0,70,,204140,16,,,0,30,,204123,16,,,0,70,,204132,16,,,0,30,,204150,16,,,0,64,,204141,16,,,0
6600,'Saturday',547,,212087,17,,,0,73,,212104,17,,,0,33,,212088,17,,,0,73,,212106,17,,,0,33,,212089,17,,,0,73,,212105,17,,,0,73,,212090,17,,,0,34,,212107,17,,,0,73,,212091,17,,,0,33,,212108,17,,,0,73,,212092,17,,,0,33,,212110,17,,,0,73,,212093,17,,,0,33,,212109,17,,,0,73,,212094,17,,,0,73,,212111,17,,,0,33,,212095,17,,,0,73,,212112,17,,,0,33,,212096,17,,,0,73,,212113,17,,,0,33,,212098,17,,,0,73,,212116,17,,,0,33,,212097,17,,,0,72,,212114,17,,,0,33,,212099,17,,,0,73,,212115,17,,,0,73,,212100,17,,,0,33,,212117,17,,,0,73,,212102,17,,,0,33,,212118,17,,,0,73,,212101,17,,,0,33,,212119,17,,,0,73,,212103,17,,,0
6600,'Sunday',547,,212120,17,,,0,73,,212138,17,,,0,33,,212122,17,,,0,73,,212140,17,,,0,33,,212121,17,,,0,73,,212139,17,,,0,73,,212123,17,,,0,34,,212137,17,,,0,73,,212125,17,,,0,33,,212141,17,,,0,73,,212124,17,,,0,33,,212142,17,,,0,73,,212126,17,,,0,33,,212143,17,,,0,73,,212127,17,,,0,73,,212144,17,,,0,33,,212129,17,,,0,73,,212145,17,,,0,33,,212128,17,,,0,73,,212146,17,,,0,33,,212130,17,,,0,73,,212147,17,,,0,33,,212131,17,,,0,72,,212148,17,,,0,33,,212132,17,,,0,73,,212149,17,,,0,73,,212133,17,,,0,33,,212150,17,,,0,73,,212134,17,,,0,33,,212151,17,,,0,73,,212135,17,,,0,33,,212152,17,,,0,73,,212136,17,,,0
6600,'Weekday',530,,212157,17,,,0,24,,212158,17,,,0,63,,212166,17,,,0,23,,212167,17,,,0,63,,212164,17,,,0,23,,212168,17,,,0,23,,212165,17,,,0,63,,212170,17,,,0,23,,212171,17,,,0,22,,212172,17,,,0,63,,212169,17,,,0,23,,212173,17,,,0,63,,212174,17,,,0,23,,212175,17,,,0,23,,212176,17,,,0,63,,212177,17,,,0,23,,212178,17,,,0,63,,212179,17,,,0,23,,212181,17,,,0,23,,212182,17,,,0,63,,212180,17,,,0,23,,212185,17,,,0,23,,212186,17,,,0,63,,212183,17,,,0,23,,212187,17,,,0,63,,212184,17,,,0,24,,212188,17,,,0,23,,212189,17,,,0,63,,212190,17,,,0,23,,212191,17,,,0,63,,212192,17,,,0,23,,212194,17,,,0,23,,212197,17,,,0,63,,212193,17,,,0,23,,212198,17,,,0,68,,212196,17,,,0,33,,212195,17,,,0,71,,212160,17,,,0,32,,212153,17,,,0,73,,212159,17,,,0,33,,212154,17,,,0,73,,212161,17,,,0,33,,212155,17,,,0,73,,212162,17,,,0,33,,212156,17,,,0
30601,'Saturday',609,,224724,4,,,0,20,,224733,4,,,0,20,,224742,4,,,0,60,,224751,4,,,0,20,,224760,4,,,0,20,,224768,4,,,0,60,,224725,4,,,0,20,,224734,4,,,0,20,,224743,4,,,0,60,,224752,4,,,0,20,,224761,4,,,0,20,,224770,4,,,0,60,,224726,4,,,0,20,,224735,4,,,0,20,,224744,4,,,0,60,,224753,4,,,0,20,,224762,4,,,0,20,,224771,4,,,0,61,,224727,4,,,0,20,,224736,4,,,0,20,,224745,4,,,0,60,,224754,4,,,0,20,,224763,4,,,0,20,,224769,4,,,0,60,,224728,4,,,0,20,,224737,4,,,0,20,,224746,4,,,0,60,,224755,4,,,0,20,,224764,4,,,0,20,,224772,4,,,0,60,,224729,4,,,0,20,,224738,4,,,0,20,,224747,4,,,0,60,,224756,4,,,0,20,,224765,4,,,0,20,,224773,4,,,0,59,,224730,4,,,0,20,,224739,4,,,0,20,,224748,4,,,0,60,,224757,4,,,0,20,,224766,4,,,0,20,,224774,4,,,0,60,,224732,4,,,0,20,,224740,4,,,0,20,,224749,4,,,0,60,,224758,4,,,0,20,,224767,4,,,0,20,,224775,4,,,0,60,,224731,4,,,0,20,,224741,4,,,0,20,,224750,4,,,0,60,,224759,4,,,0
30601,'Sunday',609,,224776,4,,,0,20,,224785,4,,,0,20,,224794,4,,,0,60,,224803,4,,,0,20,,224812,4,,,0,20,,224821,4,,,0,60,,224777,4,,,0,20,,224786,4,,,0,20,,224795,4,,,0,60,,224804,4,,,0,20,,224813,4,,,0,20,,224820,4,,,0,60,,224778,4,,,0,20,,224787,4,,,0,20,,224797,4,,,0,60,,224805,4,,,0,20,,224814,4,,,0,20,,224822,4,,,0,61,,224779,4,,,0,20,,224788,4,,,0,20,,224796,4,,,0,60,,224806,4,,,0,20,,224815,4,,,0,20,,224823,4,,,0,60,,224780,4,,,0,20,,224789,4,,,0,20,,224798,4,,,0,60,,224807,4,,,0,20,,224816,4,,,0,20,,224824,4,,,0,60,,224781,4,,,0,20,,224790,4,,,0,20,,224799,4,,,0,60,,224808,4,,,0,20,,224817,4,,,0,20,,224825,4,,,0,59,,224783,4,,,0,20,,224791,4,,,0,20,,224800,4,,,0,60,,224809,4,,,0,20,,224819,4,,,0,20,,224826,4,,,0,60,,224782,4,,,0,20,,224792,4,,,0,20,,224802,4,,,0,60,,224810,4,,,0,20,,224818,4,,,0,20,,224827,4,,,0,60,,224784,4,,,0,20,,224793,4,,,0,20,,224801,4,,,0,60,,224811,4,,,0
30601,'Weekday',550,,224832,4,,,0,60,,224844,4,,,0,20,,224838,4,,,0,21,,224846,4,,,0,60,,224841,4,,,0,20,,224842,4,,,0,20,,224840,4,,,0,60,,224857,4,,,0,20,,224845,4,,,0,19,,224839,4,,,0,64,,224861,4,,,0,24,,224867,4,,,0,64,,224862,4,,,0,24,,224872,4,,,0,24,,224864,4,,,0,64,,224868,4,,,0,24,,224873,4,,,0,64,,224869,4,,,0,24,,224863,4,,,0,24,,224874,4,,,0,64,,224866,4,,,0,24,,224865,4,,,0,20,,224870,4,,,0,68,,224871,4,,,0,24,,224843,4,,,0,61,,224847,4,,,0,20,,224849,4,,,0,20,,224858,4,,,0,60,,224850,4,,,0,20,,224851,4,,,0,20,,224848,4,,,0,60,,224852,4,,,0,20,,224853,4,,,0,20,,224860,4,,,0,59,,224854,4,,,0,20,,224855,4,,,0,20,,224856,4,,,0,60,,224829,4,,,0,20,,224831,4,,,0,20,,224859,4,,,0,68,,224833,4,,,0,28,,224834,4,,,0,68,,224828,4,,,0,28,,224830,4,,,0,68,,224835,4,,,0,28,,224837,4,,,0,70,,224836,4,,,0
