5800,'Saturday',538,,210692,29,4,,0,66,,210732,29,4,,0,28,,210733,29,4,,0,26,,210712,29,4,,0,66,,210695,29,4,,0,26,,210714,29,4,,0,66,,210694,29,4,,0,26,,210715,29,4,,0,68,,210696,29,4,,0,28,,210716,29,4,,0,69,,210693,29,4,,0,29,,210717,29,4,,0,69,,210697,29,4,,0,29,,210713,29,4,,0,69,,210699,29,4,,0,29,,210718,29,4,,0,71,,210700,29,4,,0,29,,210719,29,4,,0,69,,210701,29,4,,0,29,,210720,29,4,,0,29,,210702,29,4,,0,69,,210721,29,4,,0,29,,210698,29,4,,0,69,,210722,29,4,,0,29,,210703,29,4,,0,69,,210723,29,4,,0,29,,210704,29,4,,0,69,,210724,29,4,,0,29,,210705,29,4,,0,66,,210725,29,4,,0,29,,210706,29,4,,0,68,,210726,29,4,,0,28,,210707,29,4,,0,68,,210728,29,4,,0,28,,210708,29,4,,0,68,,210729,29,4,,0,28,,210709,29,4,,0,68,,210730,29,4,,0,28,,210710,29,4,,0,28,,210731,29,4,,0,68,,210727,29,4,,0,28,,210711,29,4,,0,66,,210734,29,4,,0
5800,'Sunday',538,,210738,29,4,,0,66,,210737,29,4,,0,28,,210742,29,4,,0,26,,210741,29,4,,0,66,,210743,29,4,,0,26,,210744,29,4,,0,66,,210745,29,4,,0,26,,210746,29,4,,0,68,,210747,29,4,,0,28,,210748,29,4,,0,69,,210749,29,4,,0,29,,210750,29,4,,0,69,,210751,29,4,,0,29,,210753,29,4,,0,69,,210752,29,4,,0,29,,210754,29,4,,0,71,,210755,29,4,,0,29,,210760,29,4,,0,69,,210756,29,4,,0,29,,210759,29,4,,0,29,,210757,29,4,,0,69,,210758,29,4,,0,29,,210761,29,4,,0,69,,210762,29,4,,0,29,,210765,29,4,,0,69,,210763,29,4,,0,29,,210764,29,4,,0,69,,210767,29,4,,0,29,,210766,29,4,,0,66,,210770,29,4,,0,29,,210768,29,4,,0,68,,210771,29,4,,0,28,,210769,29,4,,0,68,,210773,29,4,,0,28,,210772,29,4,,0,68,,210774,29,4,,0,28,,210776,29,4,,0,68,,210775,29,4,,0,28,,210777,29,4,,0,28,,210778,29,4,,0,68,,210779,29,4,,0,28,,210780,29,4,,0,66,,210781,29,4,,0
5800,'Weekday',535,,210822,29,4,,0,15,,210783,29,4,,0,57,,210825,29,4,,0,19,,210802,29,4,,0,13,,210826,29,4,,0,14,,210782,29,4,,0,57,,210828,29,4,,0,17,,210804,29,4,,0,15,,210829,29,4,,0,16,,210784,29,4,,0,56,,210830,29,4,,0,16,,210803,29,4,,0,15,,210827,29,4,,0,10,,210785,29,4,,0,56,,210831,29,4,,0,16,,210806,29,4,,0,29,,210786,29,4,,0,69,,210805,29,4,,0,30,,210787,29,4,,0,70,,210807,29,4,,0,30,,210788,29,4,,0,70,,210808,29,4,,0,30,,210789,29,4,,0,70,,210809,29,4,,0,30,,210790,29,4,,0,70,,210810,29,4,,0,30,,210791,29,4,,0,56,,210837,29,4,,0,10,,210823,29,4,,0,11,,210811,29,4,,0,16,,210836,29,4,,0,9,,210795,29,4,,0,57,,210824,29,4,,0,17,,210812,29,4,,0,16,,210832,29,4,,0,56,,210792,29,4,,0,15,,210813,29,4,,0,15,,210833,29,4,,0,15,,210794,29,4,,0,55,,210814,29,4,,0,13,,210834,29,4,,0,15,,210793,29,4,,0,28,,210835,29,4,,0,68,,210815,29,4,,0,29,,210796,29,4,,0,69,,210816,29,4,,0,29,,210797,29,4,,0,69,,210817,29,4,,0,29,,210798,29,4,,0,69,,210818,29,4,,0,29,,210800,29,4,,0,67,,210819,29,4,,0,29,,210799,29,4,,0,69,,210820,29,4,,0,29,,210801,29,4,,0,69,,210821,29,4,,0
5801,'Saturday',548,,210843,1,,,0,66,,210846,1,,,0,26,,210847,1,,,0,66,,210848,1,,,0,26,,210849,1,,,0,26,,210850,1,,,0,66,,210851,1,,,0,26,,210852,1,,,0,69,,210854,1,,,0,29,,210855,1,,,0,69,,210857,1,,,0,29,,210853,1,,,0,69,,210858,1,,,0,29,,210861,1,,,0,69,,210856,1,,,0,29,,210862,1,,,0,69,,210863,1,,,0,29,,210860,1,,,0,69,,210864,1,,,0,29,,210866,1,,,0,69,,210859,1,,,0,29,,210867,1,,,0,69,,210868,1,,,0,29,,210865,1,,,0,69,,210869,1,,,0,29,,210870,1,,,0,69,,210871,1,,,0,29,,210872,1,,,0,29,,210873,1,,,0,68,,210874,1,,,0,28,,210876,1,,,0,68,,210877,1,,,0,28,,210878,1,,,0,68,,210875,1,,,0,28,,210879,1,,,0,68,,210880,1,,,0,28,,210881,1,,,0,68,,210882,1,,,0,28,,210883,1,,,0,68,,210845,1,,,0,28,,210844,1,,,0
5801,'Sunday',548,,210884,1,,,0,66,,210886,1,,,0,26,,210885,1,,,0,66,,210887,1,,,0,26,,210888,1,,,0,26,,210890,1,,,0,66,,210889,1,,,0,26,,210891,1,,,0,69,,210892,1,,,0,29,,210893,1,,,0,69,,210898,1,,,0,29,,210897,1,,,0,69,,210895,1,,,0,29,,210896,1,,,0,69,,210894,1,,,0,29,,210902,1,,,0,69,,210899,1,,,0,29,,210900,1,,,0,69,,210901,1,,,0,29,,210903,1,,,0,69,,210904,1,,,0,29,,210905,1,,,0,69,,210906,1,,,0,29,,210907,1,,,0,69,,210908,1,,,0,29,,210909,1,,,0,69,,210910,1,,,0,29,,210911,1,,,0,29,,210913,1,,,0,68,,210914,1,,,0,28,,210915,1,,,0,68,,210912,1,,,0,28,,210917,1,,,0,68,,210916,1,,,0,28,,210918,1,,,0,68,,210919,1,,,0,28,,210920,1,,,0,68,,210921,1,,,0,28,,210923,1,,,0,68,,210924,1,,,0,28,,210922,1,,,0
5801,'Weekday',538,,210963,1,,,0,67,,210925,1,,,0,15,,210966,1,,,0,16,,210943,1,,,0,15,,210967,1,,,0,55,,210926,1,,,0,16,,210968,1,,,0,16,,210945,1,,,0,15,,210965,1,,,0,50,,210927,1,,,0,16,,210969,1,,,0,16,,210946,1,,,0,69,,210928,1,,,0,29,,210947,1,,,0,70,,210929,1,,,0,30,,210948,1,,,0,70,,210931,1,,,0,30,,210949,1,,,0,70,,210930,1,,,0,30,,210950,1,,,0,70,,210932,1,,,0,30,,210951,1,,,0,70,,210933,1,,,0,16,,210975,1,,,0,17,,210952,1,,,0,16,,210974,1,,,0,51,,210934,1,,,0,17,,210964,1,,,0,17,,210953,1,,,0,16,,210971,1,,,0,56,,210935,1,,,0,15,,210954,1,,,0,15,,210970,1,,,0,15,,210936,1,,,0,55,,210955,1,,,0,16,,210972,1,,,0,16,,210937,1,,,0,68,,210973,1,,,0,28,,210958,1,,,0,69,,210938,1,,,0,29,,210956,1,,,0,69,,210939,1,,,0,29,,210957,1,,,0,69,,210940,1,,,0,29,,210959,1,,,0,69,,210941,1,,,0,29,,210960,1,,,0,29,,210942,1,,,0,69,,210962,1,,,0,29,,210944,1,,,0,69,,210961,1,,,0
6700,'Saturday',603,,212321,1,,,0,30,,212313,1,,,0,70,,212333,1,,,0,30,,212322,1,,,0,70,,212314,1,,,0,30,,212334,1,,,0,70,,212323,1,,,0,30,,212315,1,,,0,70,,212335,1,,,0,30,,212324,1,,,0,70,,212316,1,,,0,30,,212336,1,,,0,70,,212326,1,,,0,30,,212317,1,,,0,70,,212337,1,,,0,30,,212325,1,,,0,70,,212318,1,,,0,30,,212338,1,,,0,70,,212327,1,,,0,30,,212319,1,,,0,70,,212339,1,,,0,30,,212328,1,,,0,70,,212320,1,,,0,30,,212340,1,,,0,70,,212341,1,,,0,30,,212345,1,,,0,70,,212329,1,,,0,30,,212342,1,,,0,70,,212348,1,,,0,30,,212330,1,,,0,70,,212343,1,,,0,30,,212347,1,,,0,70,,212331,1,,,0,30,,212344,1,,,0,70,,212346,1,,,0,30,,212332,1,,,0
6700,'Sunday',603,,212361,1,,,0,30,,212349,1,,,0,70,,212373,1,,,0,30,,212362,1,,,0,70,,212350,1,,,0,30,,212374,1,,,0,70,,212363,1,,,0,30,,212351,1,,,0,70,,212375,1,,,0,30,,212364,1,,,0,70,,212352,1,,,0,30,,212376,1,,,0,70,,212365,1,,,0,30,,212353,1,,,0,70,,212377,1,,,0,30,,212366,1,,,0,70,,212354,1,,,0,30,,212378,1,,,0,70,,212367,1,,,0,30,,212355,1,,,0,70,,212379,1,,,0,30,,212368,1,,,0,70,,212356,1,,,0,30,,212380,1,,,0,70,,212369,1,,,0,30,,212357,1,,,0,70,,212381,1,,,0,30,,212370,1,,,0,70,,212358,1,,,0,30,,212382,1,,,0,70,,212371,1,,,0,30,,212359,1,,,0,70,,212383,1,,,0,30,,212372,1,,,0,70,,212360,1,,,0,30,,212384,1,,,0
6700,'Weekday',503,,212419,1,,,0,30,,212420,1,,,0,70,,212421,1,,,0,30,,212422,1,,,0,70,,212385,1,,,0,30,,212407,1,,,0,71,,212409,1,,,0,31,,212386,1,,,0,70,,212406,1,,,0,30,,212408,1,,,0,69,,212387,1,,,0,30,,212397,1,,,0,70,,212410,1,,,0,30,,212388,1,,,0,70,,212398,1,,,0,30,,212411,1,,,0,70,,212389,1,,,0,30,,212399,1,,,0,70,,212412,1,,,0,31,,212390,1,,,0,71,,212400,1,,,0,32,,212413,1,,,0,71,,212391,1,,,0,31,,212401,1,,,0,71,,212414,1,,,0,32,,212392,1,,,0,70,,212402,1,,,0,31,,212415,1,,,0,72,,212393,1,,,0,30,,212403,1,,,0,69,,212416,1,,,0,30,,212394,1,,,0,69,,212404,1,,,0,29,,212417,1,,,0,69,,212395,1,,,0,28,,212405,1,,,0,68,,212418,1,,,0,29,,212396,1,,,0
6701,'Saturday',627,,212431,14,4,,0,30,,212423,14,4,,0,70,,212441,14,4,,0,30,,212432,14,4,,0,70,,212424,14,4,,0,30,,212444,14,4,,0,70,,212433,14,4,,0,74,,212425,14,4,,0,30,,212445,14,4,,0,70,,212434,14,4,,0,30,,212426,14,4,,0,70,,212446,14,4,,0,30,,212435,14,4,,0,70,,212427,14,4,,0,30,,212447,14,4,,0,70,,212436,14,4,,0,30,,212428,14,4,,0,70,,212448,14,4,,0,30,,212437,14,4,,0,70,,212429,14,4,,0,30,,212449,14,4,,0,70,,212438,14,4,,0,27,,212430,14,4,,0,30,,212450,14,4,,0,70,,212451,14,4,,0,30,,212458,14,4,,0,70,,212439,14,4,,0,30,,212452,14,4,,0,70,,212457,14,4,,0,30,,212440,14,4,,0,70,,212453,14,4,,0,30,,212456,14,4,,0,70,,212442,14,4,,0,30,,212454,14,4,,0,70,,212455,14,4,,0,30,,212443,14,4,,0
6701,'Sunday',627,,212472,14,4,,0,30,,212459,14,4,,0,70,,212483,14,4,,0,30,,212471,14,4,,0,70,,212460,14,4,,0,30,,212484,14,4,,0,70,,212473,14,4,,0,74,,212461,14,4,,0,30,,212485,14,4,,0,70,,212474,14,4,,0,30,,212462,14,4,,0,70,,212486,14,4,,0,30,,212475,14,4,,0,70,,212463,14,4,,0,30,,212487,14,4,,0,70,,212476,14,4,,0,30,,212464,14,4,,0,70,,212488,14,4,,0,30,,212477,14,4,,0,70,,212465,14,4,,0,30,,212489,14,4,,0,70,,212478,14,4,,0,27,,212466,14,4,,0,30,,212490,14,4,,0,70,,212479,14,4,,0,30,,212467,14,4,,0,70,,212491,14,4,,0,30,,212480,14,4,,0,70,,212468,14,4,,0,30,,212492,14,4,,0,70,,212481,14,4,,0,30,,212469,14,4,,0,70,,212493,14,4,,0,30,,212482,14,4,,0,70,,212470,14,4,,0,30,,212494,14,4,,0
6701,'Weekday',531,,212530,14,4,,0,70,,212531,14,4,,0,30,,212529,14,4,,0,70,,212532,14,4,,0,32,,212495,14,4,,0,70,,212516,14,4,,0,30,,212518,14,4,,0,70,,212496,14,4,,0,30,,212517,14,4,,0,70,,212519,14,4,,0,30,,212497,14,4,,0,70,,212507,14,4,,0,30,,212521,14,4,,0,70,,212498,14,4,,0,30,,212508,14,4,,0,70,,212520,14,4,,0,30,,212499,14,4,,0,70,,212509,14,4,,0,30,,212522,14,4,,0,71,,212500,14,4,,0,31,,212510,14,4,,0,72,,212523,14,4,,0,31,,212501,14,4,,0,71,,212511,14,4,,0,31,,212524,14,4,,0,72,,212502,14,4,,0,30,,212512,14,4,,0,71,,212525,14,4,,0,32,,212503,14,4,,0,70,,212513,14,4,,0,29,,212526,14,4,,0,67,,212504,14,4,,0,29,,212514,14,4,,0,68,,212527,14,4,,0,29,,212505,14,4,,0,68,,212515,14,4,,0,28,,212528,14,4,,0,69,,212506,14,4,,0
8700,'Saturday',610,,214770,1,0,106 107 108,0,30,,214758,1,0,106 107 108,0,70,,214750,1,0,106 107 108,0,30,,214771,1,0,106 107 108,0,70,,214759,1,0,106 107 108,0,30,,214751,1,0,106 107 108,0,70,,214772,1,0,106 107 108,0,30,,214760,1,0,106 107 108,0,70,,214752,1,0,106 107 108,0,30,,214773,1,0,106 107 108,0,70,,214761,1,0,106 107 108,0,30,,214753,1,0,106 107 108,0,68,,214774,1,0,106 107 108,0,30,,214762,1,0,106 107 108,0,70,,214754,1,0,106 107 108,0,30,,214775,1,0,106 107 108,0,70,,214763,1,0,106 107 108,0,30,,214756,1,0,106 107 108,0,70,,214776,1,0,106 107 108,0,30,,214764,1,0,106 107 108,0,70,,214755,1,0,106 107 108,0,30,,214777,1,0,106 107 108,0,70,,214765,1,0,106 107 108,0,30,,214757,1,0,106 107 108,0,70,,214766,1,0,106 107 108,0,30,,214778,1,0,106 107 108,0,70,,214785,1,0,106 107 108,0,30,,214767,1,0,106 107 108,0,70,,214779,1,0,106 107 108,0,30,,214783,1,0,106 107 108,0,70,,214768,1,0,106 107 108,0,30,,214780,1,0,106 107 108,0,70,,214784,1,0,106 107 108,0,30,,214769,1,0,106 107 108,0,70,,214781,1,0,106 107 108,0,30,,214782,1,0,106 107 108,0
8700,'Sunday',610,,214810,1,0,106 107 108,0,30,,214798,1,0,106 107 108,0,70,,214786,1,0,106 107 108,0,30,,214811,1,0,106 107 108,0,70,,214799,1,0,106 107 108,0,30,,214787,1,0,106 107 108,0,70,,214812,1,0,106 107 108,0,30,,214800,1,0,106 107 108,0,70,,214788,1,0,106 107 108,0,30,,214813,1,0,106 107 108,0,70,,214801,1,0,106 107 108,0,30,,214789,1,0,106 107 108,0,68,,214814,1,0,106 107 108,0,30,,214802,1,0,106 107 108,0,70,,214790,1,0,106 107 108,0,30,,214815,1,0,106 107 108,0,70,,214803,1,0,106 107 108,0,30,,214791,1,0,106 107 108,0,70,,214816,1,0,106 107 108,0,30,,214804,1,0,106 107 108,0,70,,214792,1,0,106 107 108,0,30,,214817,1,0,106 107 108,0,70,,214805,1,0,106 107 108,0,30,,214793,1,0,106 107 108,0,70,,214818,1,0,106 107 108,0,30,,214806,1,0,106 107 108,0,70,,214794,1,0,106 107 108,0,30,,214819,1,0,106 107 108,0,70,,214807,1,0,106 107 108,0,30,,214795,1,0,106 107 108,0,70,,214820,1,0,106 107 108,0,30,,214808,1,0,106 107 108,0,70,,214796,1,0,106 107 108,0,30,,214821,1,0,106 107 108,0,70,,214809,1,0,106 107 108,0,30,,214797,1,0,106 107 108,0
8700,'Weekday',508,,214822,1,0,106 107 108,0,30,,214845,1,0,106 107 108,0,70,,214823,1,0,106 107 108,0,30,,214846,1,0,106 107 108,0,70,,214848,1,0,106 107 108,0,29,,214824,1,0,106 107 108,0,71,,214847,1,0,106 107 108,0,30,,214849,1,0,106 107 108,0,70,,214825,1,0,106 107 108,0,30,,214835,1,0,106 107 108,0,70,,214850,1,0,106 107 108,0,30,,214826,1,0,106 107 108,0,70,,214836,1,0,106 107 108,0,30,,214851,1,0,106 107 108,0,70,,214827,1,0,106 107 108,0,30,,214837,1,0,106 107 108,0,70,,214852,1,0,106 107 108,0,30,,214828,1,0,106 107 108,0,70,,214838,1,0,106 107 108,0,30,,214853,1,0,106 107 108,0,71,,214829,1,0,106 107 108,0,31,,214839,1,0,106 107 108,0,72,,214854,1,0,106 107 108,0,32,,214830,1,0,106 107 108,0,70,,214840,1,0,106 107 108,0,31,,214855,1,0,106 107 108,0,72,,214831,1,0,106 107 108,0,31,,214841,1,0,106 107 108,0,71,,214856,1,0,106 107 108,0,31,,214832,1,0,106 107 108,0,70,,214842,1,0,106 107 108,0,29,,214857,1,0,106 107 108,0,68,,214833,1,0,106 107 108,0,28,,214843,1,0,106 107 108,0,68,,214858,1,0,106 107 108,0,29,,214834,1,0,106 107 108,0,69,,214844,1,0,106 107 108,0,29,,214859,1,0,106 107 108,0
8700,'Weekday0000100',1418,,214860,1,0,106 107 108,0
8700,'Weekday1111000',1530,,214861,1,0,106 107 108,0
8701,'Saturday',625,,214862,29,4,,0,30,,214883,29,4,,0,70,,214871,29,4,,0,30,,214863,29,4,,0,70,,214884,29,4,,0,31,,214872,29,4,,0,71,,214864,29,4,,0,30,,214885,29,4,,0,70,,214873,29,4,,0,30,,214865,29,4,,0,70,,214886,29,4,,0,30,,214874,29,4,,0,70,,214866,29,4,,0,30,,214887,29,4,,0,70,,214875,29,4,,0,30,,214867,29,4,,0,70,,214888,29,4,,0,30,,214877,29,4,,0,70,,214868,29,4,,0,30,,214889,29,4,,0,70,,214876,29,4,,0,30,,214869,29,4,,0,70,,214890,29,4,,0,30,,214879,29,4,,0,70,,214870,29,4,,0,28,,214878,29,4,,0,70,,214891,29,4,,0,30,,214896,29,4,,0,70,,214880,29,4,,0,30,,214892,29,4,,0,70,,214895,29,4,,0,30,,214881,29,4,,0,70,,214893,29,4,,0,30,,214897,29,4,,0,70,,214882,29,4,,0,30,,214894,29,4,,0,70,,214898,29,4,,0
8701,'Sunday',625,,214899,29,4,,0,30,,214924,29,4,,0,70,,214912,29,4,,0,30,,214900,29,4,,0,70,,214925,29,4,,0,31,,214913,29,4,,0,71,,214901,29,4,,0,30,,214926,29,4,,0,70,,214914,29,4,,0,30,,214902,29,4,,0,70,,214927,29,4,,0,30,,214915,29,4,,0,70,,214903,29,4,,0,30,,214928,29,4,,0,70,,214917,29,4,,0,30,,214904,29,4,,0,70,,214929,29,4,,0,30,,214916,29,4,,0,70,,214905,29,4,,0,30,,214930,29,4,,0,70,,214918,29,4,,0,30,,214906,29,4,,0,70,,214931,29,4,,0,30,,214919,29,4,,0,70,,214907,29,4,,0,28,,214932,29,4,,0,70,,214920,29,4,,0,30,,214908,29,4,,0,70,,214933,29,4,,0,30,,214921,29,4,,0,70,,214909,29,4,,0,30,,214934,29,4,,0,70,,214922,29,4,,0,30,,214910,29,4,,0,70,,214935,29,4,,0,30,,214923,29,4,,0,70,,214911,29,4,,0
8701,'Weekday',525,,214959,29,4,,0,30,,214936,29,4,,0,70,,214960,29,4,,0,30,,214937,29,4,,0,70,,214961,29,4,,0,30,,214963,29,4,,0,74,,214938,29,4,,0,13,,214975,29,4,,0,17,,214962,29,4,,0,70,,214964,29,4,,0,30,,214939,29,4,,0,70,,214949,29,4,,0,30,,214965,29,4,,0,70,,214941,29,4,,0,30,,214950,29,4,,0,70,,214966,29,4,,0,30,,214942,29,4,,0,70,,214951,29,4,,0,30,,214967,29,4,,0,70,,214940,29,4,,0,30,,214952,29,4,,0,74,,214968,29,4,,0,71,,214943,29,4,,0,31,,214953,29,4,,0,71,,214969,29,4,,0,32,,214944,29,4,,0,70,,214954,29,4,,0,31,,214970,29,4,,0,72,,214945,29,4,,0,29,,214955,29,4,,0,69,,214972,29,4,,0,30,,214946,29,4,,0,70,,214956,29,4,,0,29,,214971,29,4,,0,68,,214947,29,4,,0,28,,214957,29,4,,0,68,,214973,29,4,,0,29,,214948,29,4,,0,28,,214958,29,4,,0,69,,214974,29,4,,0
8701,'Weekday0000100',1512,,214976,29,4,,0
8701,'Weekday1111000',1625,,214977,29,4,,0
12700,'Saturday',625,3,219163,3,,,0,75,43,219162,3,,,0,35,3,219160,3,,,0,75,3,219161,3,,,0,35,3,219158,3,,,0,75,3,219159,3,,,0,35,3,219157,3,,,0,75,3,219154,3,,,0,75,3,219153,3,,,0,35,3,219156,3,,,0,75,3,219155,3,,,0,35,3,219152,3,,,0,75,3,219151,3,,,0,75,42,219150,3,,,0,35,2,219149,3,,,0,75,2,219145,3,,,0,35,2,219148,3,,,0,75,2,219143,3,,,0,35,2,219147,3,,,0,75,2,219146,3,,,0,75,2,219144,3,,,0,35,2,219142,3,,,0,75,2,219139,3,,,0,35,2,219141,3,,,0,75,2,219137,3,,,0,75,42,219140,3,,,0,35,2,219138,3,,,0
12700,'Sunday',625,3,219166,3,,,0,75,43,219165,3,,,0,35,3,219164,3,,,0,75,3,219169,3,,,0,35,3,219168,3,,,0,75,3,219167,3,,,0,35,3,219172,3,,,0,75,3,219170,3,,,0,75,3,219171,3,,,0,35,3,219173,3,,,0,75,3,219174,3,,,0,35,3,219175,3,,,0,75,3,219177,3,,,0,75,42,219176,3,,,0,35,2,219178,3,,,0,75,2,219181,3,,,0,35,2,219180,3,,,0,75,2,219183,3,,,0,35,2,219179,3,,,0,75,2,219182,3,,,0,75,2,219185,3,,,0,35,2,219184,3,,,0,75,2,219186,3,,,0,35,2,219187,3,,,0,75,2,219189,3,,,0,75,42,219188,3,,,0,35,2,219190,3,,,0
12700,'Weekday',512,,219224,1,,,0,30,5,219220,18,,,0,69,5,219200,18,,,0,30,5,219219,18,,,0,70,5,219199,18,,,0,28,3,219218,18,,,0,70,3,219198,18,,,0,31,3,219217,18,,,0,71,3,219196,18,,,0,30,3,219216,18,,,0,71,3,219197,18,,,0,30,3,219215,18,,,0,71,3,219191,18,,,0,30,3,219214,18,,,0,71,3,219193,18,,,0,30,3,219213,18,,,0,71,3,219195,18,,,0,30,3,219212,18,,,0,71,3,219194,18,,,0,30,3,219211,18,,,0,71,3,219192,18,,,0,31,3,219226,18,,,0,71,3,219225,18,,,0,30,3,219210,18,,,0,70,3,219223,18,,,0,30,3,219209,18,,,0,70,3,219222,18,,,0,30,3,219208,18,,,0,77,3,219205,3,,,0,75,43,219207,3,,,0,35,3,219206,3,,,0,75,3,219204,3,,,0,35,3,219203,3,,,0,75,3,219202,3,,,0,35,3,219201,3,,,0,75,3,219221,3,,,0
13500,'Weekday',552,,219786,28,4,,0,62,,219785,28,4,,0,22,,219790,28,4,,0,23,,219787,28,4,,0,63,,219793,28,4,,0,24,,219788,28,4,,0,63,,219791,28,4,,0,23,,219789,28,4,,0,22,,219792,28,4,,0,62,,219806,28,4,,0,22,,219804,28,4,,0,580,,219794,28,4,,0,24,,219799,28,4,,0,64,,219795,28,4,,0,24,,219800,28,4,,0,24,,219797,28,4,,0,64,,219801,28,4,,0,23,,219796,28,4,,0,64,,219802,28,4,,0,22,,219798,28,4,,0,23,,219805,28,4,,0,63,,219803,28,4,,0
13501,'Weekday',515,,219812,1,,,0,22,,219807,1,,,0,22,,219813,1,,,0,63,,219809,1,,,0,22,,219814,1,,,0,63,,219808,1,,,0,23,,219815,1,,,0,23,,219810,1,,,0,62,,219816,1,,,0,23,,219811,1,,,0,62,,219817,1,,,0,559,,219822,1,,,0,65,,219818,1,,,0,25,,219824,1,,,0,64,,219819,1,,,0,24,,219823,1,,,0,64,,219820,1,,,0,24,,219826,1,,,0,24,,219821,1,,,0,63,,219825,1,,,0,23,,219827,1,,,0
