1900,'Saturday',642,,204831,9,,,0,75,,204816,9,,,0,35,,204810,9,,,0,75,,204824,9,,,0,75,,204832,9,,,0,35,,204818,9,,,0,75,,204809,9,,,0,35,,204826,9,,,0,75,,204833,9,,,0,35,,204817,9,,,0,71,,204811,9,,,0,20,,204838,9,,,0,68,,204825,9,,,0,28,,204834,9,,,0,68,,204819,9,,,0,28,,204812,9,,,0,68,,204840,9,,,0,28,,204828,9,,,0,68,,204835,9,,,0,28,,204820,9,,,0,68,,204813,9,,,0,28,,204841,9,,,0,28,,204827,9,,,0,68,,204837,9,,,0,35,,204821,9,,,0,75,,204814,9,,,0,75,,204830,9,,,0,35,,204836,9,,,0,75,,204823,9,,,0,35,,204815,9,,,0,75,,204829,9,,,0,75,,204839,9,,,0
1900,'Sunday',642,,204865,9,,,0,75,,204850,9,,,0,35,,204843,9,,,0,75,,204857,9,,,0,75,,204866,9,,,0,35,,204851,9,,,0,75,,204844,9,,,0,35,,204860,9,,,0,75,,204867,9,,,0,35,,204852,9,,,0,71,,204845,9,,,0,20,,204873,9,,,0,68,,204859,9,,,0,28,,204869,9,,,0,68,,204853,9,,,0,28,,204846,9,,,0,68,,204874,9,,,0,28,,204861,9,,,0,68,,204868,9,,,0,28,,204854,9,,,0,68,,204847,9,,,0,28,,204875,9,,,0,28,,204862,9,,,0,68,,204870,9,,,0,35,,204855,9,,,0,75,,204848,9,,,0,75,,204863,9,,,0,35,,204871,9,,,0,75,,204856,9,,,0,35,,204849,9,,,0,75,,204864,9,,,0,75,,204872,9,,,0
1900,'Weekday',521,,204901,9,,,0,30,,204909,9,,,0,65,,204877,9,,,0,34,,204885,9,,,0,64,,204894,9,,,0,35,,204902,9,,,0,5,,204876,9,0,45 46 47,0,73,,204910,9,,,0,31,,204879,9,,,0,72,,204886,9,,,0,72,,204895,9,,,0,32,,204903,9,,,0,72,,204911,9,,,0,32,,204878,9,,,0,72,,204887,9,,,0,32,,204896,9,,,0,72,,204904,9,,,0,32,,204912,9,,,0,72,,204880,9,,,0,33,,204888,9,,,0,72,,204897,9,,,0,32,,204905,9,,,0,71,,204913,9,,,0,32,,204881,9,,,0,72,,204889,9,,,0,72,,204898,9,,,0,29,,204906,9,,,0,26,,204914,9,,,0,70,,204882,9,,,0,30,,204890,9,,,0,70,,204899,9,,,0,30,,204907,9,,,0,70,,204915,9,,,0,30,,204883,9,,,0,70,,204891,9,,,0,29,,204900,9,,,0,70,,204908,9,,,0,30,,204916,9,,,0,70,,204884,9,,,0,30,,204892,9,,,0
1900,'Weekday1111000',1455,,204917,9,0,45 46 47,0
5301,'Saturday',606,,209976,7,,,0,30,,210004,7,,,0,71,,209977,7,,,0,31,,209981,7,,,0,71,,209992,7,,,0,31,,209982,7,,,0,71,,209993,7,,,0,31,,209983,7,,,0,71,,209994,7,,,0,31,,209984,7,,,0,71,,209995,7,,,0,31,,209985,7,,,0,71,,209996,7,,,0,31,,209986,7,,,0,71,,209997,7,,,0,31,,209987,7,,,0,71,,209998,7,,,0,31,,209988,7,,,0,71,,210000,7,,,0,31,,209989,7,,,0,71,,209999,7,,,0,31,,209990,7,,,0,71,,210001,7,,,0,31,,209991,7,,,0,71,,210002,7,,,0,71,,209978,7,,,0,31,,210003,7,,,0,71,,209979,7,,,0,31,,210005,7,,,0,71,,209980,7,,,0,37,,210006,7,,,0
5301,'Sunday',606,,210007,7,,,0,30,,210023,7,,,0,71,,210008,7,,,0,31,,210024,7,,,0,71,,210009,7,,,0,31,,210025,7,,,0,71,,210010,7,,,0,31,,210026,7,,,0,71,,210011,7,,,0,31,,210027,7,,,0,71,,210012,7,,,0,31,,210029,7,,,0,71,,210013,7,,,0,31,,210028,7,,,0,71,,210014,7,,,0,31,,210030,7,,,0,71,,210015,7,,,0,31,,210031,7,,,0,71,,210016,7,,,0,31,,210032,7,,,0,71,,210017,7,,,0,31,,210033,7,,,0,71,,210018,7,,,0,31,,210034,7,,,0,71,,210019,7,,,0,71,,210035,7,,,0,31,,210021,7,,,0,71,,210036,7,,,0,31,,210020,7,,,0,71,,210037,7,,,0,37,,210022,7,,,0
5301,'Weekday',550,,210054,7,,,0,77,,210038,7,,,0,76,,210055,7,,,0,36,,210039,7,,,0,75,,210056,7,,,0,36,,210040,7,,,0,76,,210058,7,,,0,76,,210041,7,,,0,36,,210059,7,,,0,76,,210042,7,,,0,36,,210060,7,,,0,76,,210043,7,,,0,76,,210057,7,,,0,36,,210044,7,,,0,76,,210061,7,,,0,36,,210045,7,,,0,77,,210062,7,,,0,76,,210046,7,,,0,36,,210063,7,,,0,76,,210047,7,,,0,36,,210064,7,,,0,76,,210048,7,,,0,75,,210065,7,,,0,36,,210049,7,,,0,76,,210066,7,,,0,36,,210050,7,,,0,76,,210067,7,,,0,75,,210051,7,,,0,36,,210068,7,,,0,76,,210052,7,,,0,36,,210069,7,,,0,76,,210053,7,,,0,76,,210070,7,,,0
6500,'Saturday',632,,211895,40,,,0,80,,211908,40,,,0,40,,211896,40,,,0,80,,211909,40,,,0,80,,211897,40,,,0,40,,211910,40,,,0,83,,211898,40,,,0,78,,211911,40,,,0,28,,211886,40,,,0,68,,211899,40,,,0,28,,211912,40,,,0,68,,211887,40,,,0,28,,211900,40,,,0,68,,211913,40,,,0,28,,211888,40,,,0,28,,211901,40,,,0,68,,211914,40,,,0,28,,211889,40,,,0,68,,211902,40,,,0,28,,211915,40,,,0,68,,211890,40,,,0,28,,211903,40,,,0,67,,211916,40,,,0,27,,211891,40,,,0,73,,211904,40,,,0,42,,211892,40,,,0,79,,211905,40,,,0,81,,211893,40,,,0,39,,211906,40,,,0,80,,211894,40,,,0,83,,211907,40,,,0
6500,'Sunday',632,,211926,40,,,0,80,,211939,40,,,0,40,,211927,40,,,0,80,,211940,40,,,0,80,,211928,40,,,0,40,,211941,40,,,0,83,,211929,40,,,0,78,,211942,40,,,0,28,,211917,40,,,0,68,,211930,40,,,0,28,,211943,40,,,0,68,,211918,40,,,0,28,,211931,40,,,0,68,,211944,40,,,0,28,,211919,40,,,0,28,,211932,40,,,0,68,,211945,40,,,0,28,,211920,40,,,0,68,,211933,40,,,0,28,,211946,40,,,0,68,,211921,40,,,0,28,,211934,40,,,0,67,,211947,40,,,0,27,,211922,40,,,0,73,,211935,40,,,0,42,,211923,40,,,0,79,,211936,40,,,0,81,,211924,40,,,0,39,,211937,40,,,0,80,,211925,40,,,0,83,,211938,40,,,0
6500,'Weekday',543,,211960,40,,,0,83,,211973,40,,,0,24,,211948,40,,,0,67,,211961,40,,,0,24,,211950,40,,,0,64,,211974,40,,,0,24,,211949,40,,,0,24,,211962,40,,,0,81,,211975,40,,,0,83,,211963,40,,,0,83,,211976,40,,,0,43,,211964,40,,,0,83,,211977,40,,,0,83,,211965,40,,,0,26,,211954,40,,,0,17,,211978,40,,,0,66,,211951,40,,,0,21,,211966,40,,,0,64,,211955,40,,,0,24,,211979,40,,,0,24,,211952,40,,,0,63,,211967,40,,,0,24,,211956,40,,,0,64,,211980,40,,,0,24,,211953,40,,,0,24,,211968,40,,,0,64,,211957,40,,,0,24,,211981,40,,,0,73,,211969,40,,,0,27,,211958,40,,,0,70,,211982,40,,,0,30,,211970,40,,,0,70,,211959,40,,,0,27,,211983,40,,,0,82,,211971,40,,,0,41,,211984,40,,,0,83,,211972,40,,,0,84,,211985,40,,,0
42201,'Saturday',614,,225401,15,,,0,100,,225402,15,,,0,100,,225403,15,,,0,100,,225405,15,,,0,100,,225404,15,,,0,100,,225406,15,,,0,100,,225407,15,,,0,100,,225408,15,,,0,100,,225409,15,,,0,100,,225411,15,,,0,100,,225410,15,,,0,100,,225412,15,,,0,100,,225413,15,,,0,100,,225414,15,,,0
42201,'Sunday',614,,225415,15,,,0,100,,225418,15,,,0,100,,225416,15,,,0,100,,225417,15,,,0,100,,225420,15,,,0,100,,225419,15,,,0,100,,225421,15,,,0,100,,225422,15,,,0,100,,225425,15,,,0,100,,225423,15,,,0,100,,225424,15,,,0,100,,225428,15,,,0,100,,225426,15,,,0,100,,225427,15,,,0
42201,'Weekday',614,,225429,15,,,0,30,,225446,15,,,0,70,,225430,15,,,0,30,,225451,15,,,0,70,,225431,15,,,0,30,,225445,15,,,0,70,,225432,15,,,0,30,,225453,15,,,0,70,,225434,15,,,0,30,,225448,15,,,0,70,,225433,15,,,0,30,,225452,15,,,0,70,,225435,15,,,0,30,,225450,15,,,0,70,,225436,15,,,0,30,,225454,15,,,0,70,,225437,15,,,0,39,,225455,15,,,0,61,,225438,15,,,0,30,,225447,15,,,0,70,,225440,15,,,0,30,,225456,15,,,0,70,,225439,15,,,0,30,,225449,15,,,0,70,,225441,15,,,0,100,,225442,15,,,0,100,,225443,15,,,0,100,,225444,15,,,0
