100,'Saturday',547,,201361,42,,,0,65,,201377,42,,,0,25,,201392,42,,,0,66,,201373,42,,,0,27,,201386,42,,,0,26,,201367,42,,,0,65,,201360,42,,,0,25,,201379,42,,,0,66,,201393,42,,,0,25,,201400,42,,,0,65,,201375,42,,,0,25,,201388,42,,,0,25,,201369,42,,,0,65,,201363,42,,,0,25,,201381,42,,,0,65,,201394,42,,,0,25,,201399,42,,,0,25,,201374,42,,,0,65,,201389,42,,,0,25,,201368,42,,,0,65,,201362,42,,,0,25,,201382,42,,,0,65,,201395,42,,,0,25,,201401,42,,,0,25,,201376,42,,,0,65,,201390,42,,,0,25,,201370,42,,,0,65,,201365,42,,,0,25,,201383,42,,,0,25,,201396,42,,,0,65,,201403,42,,,0,25,,201378,42,,,0,65,,201387,42,,,0,25,,201371,42,,,0,65,,201364,42,,,0,25,,201384,42,,,0,24,,201397,42,,,0,65,,201402,42,,,0,25,,201380,42,,,0,64,,201391,42,,,0,22,,201372,42,,,0,25,,201366,42,,,0,65,,201385,42,,,0,25,,201398,42,,,0,70,,201404,42,,,0
100,'Sunday',547,,201405,42,,,0,65,,201423,42,,,0,25,,201436,42,,,0,66,,201419,42,,,0,27,,201429,42,,,0,26,,201412,42,,,0,65,,201406,42,,,0,25,,201427,42,,,0,66,,201438,42,,,0,25,,201444,42,,,0,65,,201418,42,,,0,25,,201432,42,,,0,25,,201413,42,,,0,65,,201407,42,,,0,25,,201428,42,,,0,65,,201439,42,,,0,25,,201445,42,,,0,25,,201420,42,,,0,65,,201433,42,,,0,25,,201414,42,,,0,65,,201408,42,,,0,25,,201426,42,,,0,65,,201440,42,,,0,25,,201446,42,,,0,25,,201421,42,,,0,65,,201434,42,,,0,25,,201415,42,,,0,65,,201410,42,,,0,25,,201425,42,,,0,25,,201441,42,,,0,65,,201447,42,,,0,25,,201422,42,,,0,65,,201435,42,,,0,25,,201417,42,,,0,65,,201409,42,,,0,25,,201430,42,,,0,24,,201442,42,,,0,65,,201448,42,,,0,25,,201424,42,,,0,64,,201437,42,,,0,22,,201416,42,,,0,25,,201411,42,,,0,65,,201431,42,,,0,25,,201443,42,,,0,83,,201449,42,0,43 236,0
100,'Weekday',504,,201450,42,,,0,16,,201455,42,,,0,16,,201460,42,,,0,16,,201465,42,,,0,60,,201470,42,,,0,21,,201453,42,,,0,17,,201458,42,,,0,57,,201463,42,,,0,16,,201468,42,,,0,16,,201472,42,,,0,16,,201474,42,,,0,56,,201451,42,,,0,16,,201456,42,,,0,16,,201461,42,,,0,16,,201464,42,,,0,55,,201469,42,,,0,18,,201481,42,,,0,19,,201482,42,,,0,59,,201477,42,,,0,19,,201478,42,,,0,19,,201479,42,,,0,59,,201483,42,,,0,19,,201480,42,,,0,19,,201484,42,,,0,59,,201485,42,,,0,19,,201486,42,,,0,19,,201487,42,,,0,59,,201488,42,,,0,19,,201489,42,,,0,19,,201490,42,,,0,19,,201491,42,,,0,59,,201492,42,,,0,19,,201493,42,,,0,22,,201494,42,,,0,61,,201495,42,,,0,20,,201496,42,,,0,19,,201497,42,,,0,56,,201498,42,,,0,16,,201499,42,,,0,16,,201500,42,,,0,55,,201467,42,,,0,16,,201473,42,,,0,16,,201475,42,,,0,16,,201452,42,,,0,53,,201457,42,,,0,13,,201462,42,,,0,14,,201466,42,,,0,8,,201471,42,,,0,16,,201476,42,,,0,56,,201454,42,,,0,16,,201459,42,,,0,21,,201501,42,,,0,60,,201502,42,,,0,21,,201503,42,,,0,21,,201504,42,,,0,60,,201505,42,,,0,20,,201506,42,,,0,20,,201507,42,,,0,61,,201508,42,,,0,21,,201509,42,,,0,21,,201510,42,,,0,61,,201511,42,,,0,21,,201512,42,,,0,21,,201513,42,,,0,61,,201514,42,,,0,21,,201515,42,,,0,21,,201516,42,,,0,61,,201517,42,,,0
200,'Saturday',606,,201673,28,,,0,25,,201682,28,,,0,25,,201699,28,,,0,65,,201691,28,,,0,25,,201708,28,,,0,65,,201674,28,,,0,25,,201683,28,,,0,65,,201700,28,,,0,25,,201692,28,,,0,26,,201709,28,,,0,66,,201675,28,,,0,28,,201684,28,,,0,66,,201701,28,,,0,26,,201693,28,,,0,66,,201710,28,,,0,26,,201676,28,,,0,26,,201685,28,,,0,66,,201702,28,,,0,26,,201694,28,,,0,66,,201711,28,,,0,26,,201677,28,,,0,66,,201686,28,,,0,26,,201703,28,,,0,26,,201695,28,,,0,66,,201712,28,,,0,26,,201678,28,,,0,66,,201687,28,,,0,26,,201704,28,,,0,66,,201696,28,,,0,26,,201713,28,,,0,66,,201679,28,,,0,26,,201688,28,,,0,26,,201705,28,,,0,66,,201697,28,,,0,26,,201714,28,,,0,66,,201680,28,,,0,26,,201689,28,,,0,66,,201706,28,,,0,26,,201698,28,,,0,26,,201715,28,,,0,63,,201681,28,,,0,29,,201690,28,,,0,66,,201707,28,,,0
200,'Sunday',606,,201736,28,,,0,25,,201739,28,,,0,25,,201743,28,,,0,65,,201742,28,,,0,25,,201747,28,,,0,65,,201738,28,,,0,25,,201740,28,,,0,65,,201745,28,,,0,25,,201746,28,,,0,26,,201748,28,,,0,66,,201737,28,,,0,28,,201741,28,,,0,66,,201744,28,,,0,26,,201754,28,,,0,66,,201758,28,,,0,26,,201749,28,,,0,26,,201751,28,,,0,66,,201753,28,,,0,26,,201755,28,,,0,66,,201757,28,,,0,26,,201750,28,,,0,66,,201752,28,,,0,26,,201756,28,,,0,26,,201728,28,,,0,66,,201725,28,,,0,26,,201716,28,,,0,66,,201732,28,,,0,26,,201729,28,,,0,66,,201721,28,,,0,26,,201723,28,,,0,66,,201717,28,,,0,26,,201734,28,,,0,26,,201726,28,,,0,66,,201730,28,,,0,26,,201718,28,,,0,66,,201733,28,,,0,26,,201722,28,,,0,66,,201731,28,,,0,26,,201724,28,,,0,26,,201720,28,,,0,63,,201719,28,,,0,29,,201735,28,,,0,66,,201727,28,,,0
200,'Weekday',517,,201759,28,,,0,30,,201765,28,,,0,53,,201773,28,,,0,14,,201775,28,,,0,16,,201771,28,,,0,14,,201781,28,,,0,14,,201787,28,,,0,54,,201788,28,,,0,14,,201760,28,,,0,15,,201790,28,,,0,15,,201766,28,,,0,55,,201774,28,,,0,15,,201776,28,,,0,14,,201772,28,,,0,15,,201782,28,,,0,57,,201814,28,,,0,17,,201789,28,,,0,16,,201761,28,,,0,67,,201767,28,,,0,27,,201777,28,,,0,67,,201783,28,,,0,27,,201791,28,,,0,67,,201762,28,,,0,29,,201768,28,,,0,27,,201778,28,,,0,67,,201784,28,,,0,27,,201792,28,,,0,67,,201763,28,,,0,27,,201769,28,,,0,15,,201797,28,,,0,55,,201779,28,,,0,15,,201804,28,,,0,15,,201785,28,,,0,57,,201802,28,,,0,15,,201793,28,,,0,15,,201809,28,,,0,15,,201764,28,,,0,55,,201812,28,,,0,15,,201770,28,,,0,15,,201798,28,,,0,15,,201780,28,,,0,56,,201805,28,,,0,15,,201786,28,,,0,14,,201803,28,,,0,15,,201794,28,,,0,55,,201815,28,,,0,26,,201813,28,,,0,23,,201799,28,,,0,69,,201806,28,,,0,30,,201795,28,,,0,70,,201810,28,,,0,30,,201800,28,,,0,70,,201807,28,,,0,30,,201796,28,,,0,70,,201811,28,,,0,31,,201801,28,,,0,71,,201808,28,,,0
700,'Saturday',614,,202894,36,,,0,34,,202911,36,,,0,75,,202895,36,,,0,35,,202913,36,,,0,76,,202896,36,,,0,76,,202912,36,,,0,36,,202904,36,,,0,76,,202914,36,,,0,36,,202898,36,,,0,76,,202915,36,,,0,76,,202900,36,,,0,36,,202917,36,,,0,76,,202897,36,,,0,36,,202902,36,,,0,76,,202899,36,,,0,76,,202906,36,,,0,36,,202918,36,,,0,76,,202907,36,,,0,36,,202916,36,,,0,76,,202908,36,,,0,76,,202920,36,,,0,36,,202901,36,,,0,76,,202921,36,,,0,36,,202903,36,,,0,74,,202919,36,,,0,74,,202905,36,,,0,36,,202923,36,,,0,76,,202909,36,,,0,36,,202922,36,,,0,76,,202910,36,,,0,76,,202924,36,,,0
700,'Sunday',617,,202926,36,,,0,30,,202925,36,,,0,73,,202944,36,,,0,34,,202927,36,,,0,76,,202947,36,,,0,79,,202928,36,,,0,37,,202946,36,,,0,76,,202929,36,,,0,36,,202937,36,,,0,76,,202930,36,,,0,76,,202939,36,,,0,36,,202948,36,,,0,76,,202941,36,,,0,36,,202949,36,,,0,76,,202942,36,,,0,76,,202931,36,,,0,36,,202940,36,,,0,76,,202950,36,,,0,36,,202934,36,,,0,76,,202951,36,,,0,76,,202932,36,,,0,36,,202952,36,,,0,76,,202933,36,,,0,36,,202943,36,,,0,74,,202936,36,,,0,73,,202945,36,,,0,36,,202953,36,,,0,76,,202954,36,,,0,36,,202935,36,,,0,76,,202955,36,,,0,76,,202938,36,,,0
700,'Weekday',558,,202956,36,,,0,62,,202985,36,,,0,22,,202989,36,,,0,65,,202970,36,,,0,24,,202958,36,,,0,23,,202987,36,,,0,62,,202990,36,,,0,22,,202971,36,,,0,62,,202957,36,,,0,21,,202988,36,,,0,18,,202991,36,,,0,64,,202972,36,,,0,23,,202959,36,,,0,25,,202992,36,,,0,65,,202973,36,,,0,25,,202960,36,,,0,65,,202993,36,,,0,25,,202974,36,,,0,25,,202961,36,,,0,65,,202994,36,,,0,25,,202975,36,,,0,65,,202963,36,,,0,25,,202995,36,,,0,65,,202976,36,,,0,33,,202962,36,,,0,66,,202996,36,,,0,22,,202977,36,,,0,22,,202979,36,,,0,62,,202964,36,,,0,22,,202997,36,,,0,22,,202978,36,,,0,58,,202980,36,,,0,19,,202965,36,,,0,25,,202998,36,,,0,65,,202981,36,,,0,23,,202966,36,,,0,65,,203000,36,,,0,25,,202982,36,,,0,25,,202968,36,,,0,65,,202999,36,,,0,25,,202983,36,,,0,65,,202967,36,,,0,25,,203001,36,,,0,65,,202984,36,,,0,25,,202969,36,,,0,19,,203002,36,,,0,71,,202986,36,,,0
1300,'Saturday',623,,204053,3,,,0,131,,204055,51,,,0,74,,204063,51,,,0,74,,204073,51,,,0,35,,204054,51,,,0,74,,204064,51,,,0,34,,204074,51,,,0,74,,204057,51,,,0,34,,204065,51,,,0,74,,204056,51,,,0,74,,204068,51,,,0,34,,204075,51,,,0,74,,204058,51,,,0,34,,204067,51,,,0,76,,204076,51,,,0,36,,204059,51,,,0,74,,204066,51,,,0,74,,204077,51,,,0,34,,204060,51,,,0,71,,204069,51,,,0,33,,204079,51,,,0,73,,204061,51,,,0,34,,204070,51,,,0,74,,204078,51,,,0,34,,204071,51,,,0,74,,204080,51,,,0,74,,204062,51,,,0,34,,204072,51,,,0,74,,204081,51,,,0,34,,204082,51,,,0
1300,'Sunday',623,,204083,3,,,0,131,,204084,51,,,0,74,,204095,51,,,0,74,,204105,51,,,0,36,,204085,51,,,0,74,,204096,51,,,0,34,,204106,51,,,0,74,,204086,51,,,0,34,,204097,51,,,0,74,,204108,51,,,0,74,,204088,51,,,0,34,,204098,51,,,0,74,,204107,51,,,0,34,,204087,51,,,0,74,,204099,51,,,0,35,,204109,51,,,0,74,,204089,51,,,0,74,,204100,51,,,0,34,,204110,51,,,0,73,,204090,51,,,0,32,,204101,51,,,0,73,,204111,51,,,0,34,,204092,51,,,0,74,,204102,51,,,0,34,,204112,51,,,0,74,,204093,51,,,0,74,,204103,51,,,0,34,,204113,51,,,0,74,,204091,51,,,0,34,,204104,51,,,0,74,,204114,51,,,0,34,,204094,51,,,0
1300,'Weekday',627,,204116,51,,,0,78,,204124,51,,,0,29,,204142,51,,,0,69,,204133,51,,,0,29,,204118,51,,,0,69,,204125,51,,,0,30,,204143,51,,,0,70,,204134,51,,,0,30,,204115,51,,,0,71,,204126,51,,,0,30,,204145,51,,,0,70,,204135,51,,,0,30,,204117,51,,,0,70,,204127,51,,,0,30,,204144,51,,,0,70,,204136,51,,,0,30,,204119,51,,,0,71,,204128,51,,,0,31,,204146,51,,,0,71,,204137,51,,,0,30,,204120,51,,,0,70,,204129,51,,,0,30,,204147,51,,,0,68,,204138,51,,,0,24,,204121,51,,,0,24,,204130,51,,,0,70,,204149,51,,,0,30,,204139,51,,,0,70,,204122,51,,,0,30,,204131,51,,,0,70,,204148,51,,,0,30,,204140,51,,,0,70,,204123,51,,,0,30,,204132,51,,,0,70,,204150,51,,,0,24,,204141,51,,,0
30400,'Saturday',650,,224262,16,,,0,58,,224261,16,,,0,18,,224260,16,,,0,18,,224259,16,,,0,58,,224258,16,,,0,18,,224257,16,,,0,18,,224256,16,,,0,18,,224255,16,,,0,58,,224254,16,,,0,18,,224253,16,,,0,18,,224252,16,,,0,58,,224251,16,,,0,18,,224250,16,,,0,18,,224249,16,,,0,58,,224248,16,,,0,19,,224247,16,,,0,20,,224246,16,,,0,60,,224245,16,,,0,20,,224244,16,,,0,20,,224243,16,,,0,60,,224242,16,,,0,20,,224241,16,,,0,20,,224240,16,,,0,60,,224239,16,,,0,20,,224238,16,,,0,20,,224237,16,,,0,60,,224236,16,,,0,20,,224235,16,,,0,20,,224234,16,,,0,60,,224233,16,,,0,20,,224232,16,,,0,20,,224231,16,,,0,60,,224230,16,,,0,20,,224229,16,,,0,20,,224228,16,,,0,60,,224227,16,,,0,20,,224226,16,,,0,19,,224225,16,,,0,18,,224224,16,,,0,57,,224223,16,,,0,18,,224222,16,,,0,18,,224221,16,,,0,58,,224220,16,,,0,18,,224219,16,,,0,18,,224218,16,,,0,58,,224217,16,,,0,18,,224216,16,,,0,18,,224215,16,,,0,18,,224214,16,,,0,58,,224213,16,,,0,18,,224212,16,,,0,18,,224211,16,,,0,58,,224210,16,,,0,18,,224209,16,,,0,22,,224208,16,,,0
30400,'Sunday',650,,224317,16,,,0,58,,224316,16,,,0,18,,224315,16,,,0,18,,224314,16,,,0,58,,224313,16,,,0,18,,224312,16,,,0,18,,224311,16,,,0,18,,224310,16,,,0,58,,224309,16,,,0,18,,224308,16,,,0,18,,224307,16,,,0,58,,224306,16,,,0,18,,224305,16,,,0,18,,224304,16,,,0,58,,224303,16,,,0,19,,224302,16,,,0,20,,224294,16,,,0,60,,224293,16,,,0,20,,224292,16,,,0,20,,224291,16,,,0,60,,224297,16,,,0,20,,224290,16,,,0,20,,224289,16,,,0,60,,224288,16,,,0,20,,224287,16,,,0,20,,224295,16,,,0,60,,224286,16,,,0,20,,224285,16,,,0,20,,224284,16,,,0,60,,224283,16,,,0,20,,224296,16,,,0,20,,224282,16,,,0,60,,224281,16,,,0,20,,224280,16,,,0,20,,224279,16,,,0,60,,224298,16,,,0,20,,224278,16,,,0,19,,224277,16,,,0,18,,224276,16,,,0,57,,224275,16,,,0,18,,224299,16,,,0,18,,224274,16,,,0,58,,224273,16,,,0,18,,224272,16,,,0,18,,224271,16,,,0,58,,224301,16,,,0,18,,224270,16,,,0,18,,224269,16,,,0,18,,224268,16,,,0,58,,224267,16,,,0,18,,224300,16,,,0,18,,224266,16,,,0,58,,224265,16,,,0,18,,224264,16,,,0,22,,224263,16,,,0
30400,'Weekday',615,,224318,16,,,0,24,,224321,16,,,0,10,,224329,16,,,0,10,,224331,16,,,0,50,,224334,16,,,0,10,,224342,16,,,0,10,,224344,16,,,0,10,,224352,16,,,0,10,,224319,16,,,0,10,,224360,16,,,0,50,,224322,16,,,0,10,,224330,16,,,0,10,,224332,16,,,0,10,,224335,16,,,0,10,,224343,16,,,0,10,,224345,16,,,0,50,,224353,16,,,0,10,,224320,16,,,0,10,,224361,16,,,0,10,,224323,16,,,0,17,,224333,16,,,0,56,,224337,16,,,0,18,,224346,16,,,0,18,,224354,16,,,0,58,,224362,16,,,0,18,,224324,16,,,0,18,,224336,16,,,0,58,,224347,16,,,0,18,,224355,16,,,0,18,,224363,16,,,0,18,,224325,16,,,0,58,,224338,16,,,0,18,,224348,16,,,0,18,,224356,16,,,0,58,,224364,16,,,0,18,,224326,16,,,0,18,,224339,16,,,0,58,,224349,16,,,0,19,,224358,16,,,0,21,,224365,16,,,0,10,,224367,16,,,0,50,,224327,16,,,0,10,,224369,16,,,0,10,,224340,16,,,0,10,,224370,16,,,0,10,,224351,16,,,0,10,,224373,16,,,0,50,,224357,16,,,0,10,,224375,16,,,0,10,,224366,16,,,0,10,,224368,16,,,0,10,,224328,16,,,0,10,,224371,16,,,0,50,,224341,16,,,0,10,,224372,16,,,0,10,,224350,16,,,0,10,,224374,16,,,0,8,,224359,16,,,0,19,,224377,16,,,0,61,,224378,16,,,0,22,,224376,16,,,0,62,,224379,16,,,0,22,,224381,16,,,0,22,,224382,16,,,0,62,,224380,16,,,0,22,,224383,16,,,0,22,,224384,16,,,0,62,,224385,16,,,0,22,,224386,16,,,0,22,,224387,16,,,0,62,,224388,16,,,0,22,,224389,16,,,0,62,,224390,16,,,0,22,,224391,16,,,0
