7900,'Saturday',839,,185294,7,,,0,72,,185295,7,,,0,32,,185296,7,,,0,72,,185297,7,,,0,32,,185298,7,,,0,72,,185299,7,,,0,32,,185300,7,,,0,72,,185301,7,,,0,32,,185302,7,,,0,72,,185303,7,,,0,32,,185304,7,,,0,72,,185305,7,,,0,72,,185306,7,,,0,32,,185307,7,,,0,72,,185308,7,,,0,32,,185309,7,,,0,72,,185310,7,,,0,32,,185311,7,,,0,72,,185312,7,,,0
7900,'Sunday',839,,185322,7,,,0,72,,185313,7,,,0,32,,185323,7,,,0,72,,185314,7,,,0,32,,185324,7,,,0,72,,185315,7,,,0,32,,185325,7,,,0,72,,185316,7,,,0,32,,185326,7,,,0,72,,185317,7,,,0,32,,185327,7,,,0,72,,185318,7,,,0,72,,185328,7,,,0,32,,185319,7,,,0,72,,185329,7,,,0,32,,185320,7,,,0,72,,185330,7,,,0,32,,185321,7,,,0,72,,185331,7,,,0
7900,'Weekday',430,,185337,7,,,0,25,,185360,7,,,0,64,,185357,7,,,0,24,,185358,7,,,0,66,,185345,7,,,0,24,,185361,7,,,0,24,,185348,7,,,0,64,,185350,7,,,0,24,,185341,7,,,0,64,,185339,7,,,0,25,,185356,7,,,0,72,,185352,7,,,0,32,,185354,7,,,0,72,,185343,7,,,0,32,,185336,7,,,0,72,,185349,7,,,0,32,,185332,7,,,0,72,,185359,7,,,0,32,,185346,7,,,0,72,,185353,7,,,0,32,,185338,7,,,0,71,,185344,7,,,0,25,,185342,7,,,0,64,,185347,7,,,0,24,,185340,7,,,0,64,,185333,7,,,0,24,,185334,7,,,0,24,,185355,7,,,0,64,,185362,7,,,0,24,,185351,7,,,0,64,,185363,7,,,0,24,,185335,7,,,0,24,,185368,7,,,0,63,,185365,7,,,0,32,,185364,7,,,0,72,,185367,7,,,0,32,,185366,7,,,0,71,,185370,7,,,0,32,,185369,7,,,0,72,,185371,7,,,0
7900,'Weekday0000100',1348,,185372,7,,,0
7900,'pB3Sep30-Saturday',839,,185373,7,,,0,72,,185374,7,,,0,32,,185375,7,,,0,72,,185376,7,,,0,32,,185377,7,,,0,72,,185378,7,,,0,32,,185379,7,,,0,72,,185380,7,,,0,32,,185381,7,,,0,72,,185382,7,,,0,32,,185383,7,,,0,72,,185384,7,,,0,72,,185385,7,,,0,32,,185386,7,,,0,72,,185387,7,,,0,32,,185388,7,,,0,72,,185389,7,,,0,32,,185390,7,,,0,72,,185391,7,,,0
86600,'Weekday0000100',1443,,201313,13,0,17 18 19 1 20,0
86600,'Weekday1111000',1559,,201315,13,0,17 18 19 1 20,0
86601,'Weekday',815,,201317,7,0,17 18 19 1 20,0
87900,'Weekday',747,,201336,7,0,213 38 214 1 20,0
87901,'Weekday',1459,,201338,8,0,213 38 214 1 20,0
