5900,'Saturday',541,,181527,24,,,0,73,,181528,24,,,0,33,,181529,24,,,0,58,,181559,24,,,0,18,,181530,24,,,0,18,,181560,24,,,0,18,,181531,24,,,0,58,,181561,24,,,0,18,,181532,24,,,0,18,,181562,24,,,0,58,,181533,24,,,0,18,,181563,24,,,0,18,,181534,24,,,0,58,,181564,24,,,0,18,,181535,24,,,0,18,,181565,24,,,0,18,,181536,24,,,0,58,,181566,24,,,0,18,,181537,24,,,0,18,,181567,24,,,0,58,,181538,24,,,0,18,,181568,24,,,0,18,,181539,24,,,0,58,,181569,24,,,0,18,,181540,24,,,0,18,,181570,24,,,0,18,,181541,24,,,0,58,,181571,24,,,0,18,,181542,24,,,0,18,,181572,24,,,0,58,,181543,24,,,0,18,,181573,24,,,0,18,,181544,24,,,0,58,,181574,24,,,0,18,,181545,24,,,0,18,,181575,24,,,0,18,,181546,24,,,0,58,,181576,24,,,0,18,,181547,24,,,0,18,,181577,24,,,0,58,,181548,24,,,0,18,,181578,24,,,0,18,,181549,24,,,0,58,,181579,24,,,0,18,,181550,24,,,0,18,,181580,24,,,0,18,,181551,24,,,0,58,,181581,24,,,0,18,,181552,24,,,0,18,,181582,24,,,0,58,,181553,24,,,0,18,,181583,24,,,0,18,,181554,24,,,0,58,,181584,24,,,0,18,,181555,24,,,0,18,,181585,24,,,0,18,,181556,24,,,0,75,,181557,24,,,0,75,,181558,24,,,0
5900,'Sunday',541,,181586,24,,,0,73,,181587,24,,,0,33,,181588,24,,,0,58,,181618,24,,,0,18,,181589,24,,,0,18,,181619,24,,,0,18,,181590,24,,,0,58,,181620,24,,,0,18,,181591,24,,,0,18,,181621,24,,,0,58,,181592,24,,,0,18,,181622,24,,,0,18,,181593,24,,,0,58,,181623,24,,,0,18,,181594,24,,,0,18,,181624,24,,,0,18,,181595,24,,,0,58,,181625,24,,,0,18,,181596,24,,,0,18,,181626,24,,,0,58,,181597,24,,,0,18,,181627,24,,,0,18,,181598,24,,,0,58,,181628,24,,,0,18,,181599,24,,,0,18,,181629,24,,,0,18,,181600,24,,,0,58,,181630,24,,,0,18,,181601,24,,,0,18,,181631,24,,,0,58,,181602,24,,,0,18,,181632,24,,,0,18,,181603,24,,,0,58,,181633,24,,,0,18,,181604,24,,,0,18,,181634,24,,,0,18,,181605,24,,,0,58,,181635,24,,,0,18,,181606,24,,,0,18,,181636,24,,,0,58,,181607,24,,,0,18,,181637,24,,,0,18,,181608,24,,,0,58,,181638,24,,,0,18,,181609,24,,,0,18,,181639,24,,,0,18,,181610,24,,,0,58,,181640,24,,,0,18,,181611,24,,,0,18,,181641,24,,,0,58,,181612,24,,,0,18,,181642,24,,,0,18,,181613,24,,,0,58,,181643,24,,,0,18,,181614,24,,,0,18,,181644,24,,,0,18,,181615,24,,,0,75,,181616,24,,,0,75,,181617,24,,,0
5900,'Weekday',522,,181651,24,,,0,18,,181645,24,,,0,12,,181652,24,,,0,52,,181673,24,,,0,12,,181646,24,,,0,12,,181653,24,,,0,12,,181674,24,,,0,12,,181647,24,,,0,52,,181654,24,,,0,12,,181675,24,,,0,12,,181648,24,,,0,12,,181655,24,,,0,12,,181676,24,,,0,52,,181649,24,,,0,12,,181656,24,,,0,12,,181677,24,,,0,11,,181650,24,,,0,4,,181679,24,,,0,9,,181657,24,,,0,52,,181678,24,,,0,12,,181680,24,,,0,18,,181658,24,,,0,18,,181681,24,,,0,58,,181659,24,,,0,18,,181682,24,,,0,18,,181660,24,,,0,58,,181683,24,,,0,18,,181661,24,,,0,18,,181684,24,,,0,18,,181662,24,,,0,58,,181685,24,,,0,18,,181663,24,,,0,18,,181686,24,,,0,58,,181664,24,,,0,18,,181687,24,,,0,18,,181665,24,,,0,58,,181688,24,,,0,18,,181666,24,,,0,19,,181689,24,,,0,17,,181667,24,,,0,52,,181706,24,,,0,12,,181690,24,,,0,12,,181668,24,,,0,12,,181707,24,,,0,12,,181691,24,,,0,53,,181669,24,,,0,11,,181708,24,,,0,12,,181692,24,,,0,12,,181670,24,,,0,12,,181709,24,,,0,52,,181693,24,,,0,12,,181671,24,,,0,12,,181710,24,,,0,12,,181694,24,,,0,12,,181672,24,,,0,52,,181711,24,,,0,12,,181695,24,,,0,18,,181712,24,,,0,18,,181696,24,,,0,58,,181713,24,,,0,18,,181697,24,,,0,18,,181714,24,,,0,58,,181698,24,,,0,18,,181715,24,,,0,18,,181699,24,,,0,58,,181716,24,,,0,18,,181700,24,,,0,18,,181717,24,,,0,18,,181701,24,,,0,58,,181718,24,,,0,18,,181702,24,,,0,75,,181703,24,,,0,35,,181704,24,,,0,75,,181705,24,,,0
5900,'Weekday0000100',1436,,181719,24,,,0
5900,'Weekday1111000',1605,,181720,24,,,0
5900,'pB3Sep30-Saturday',541,,181721,24,,,0,73,,181722,24,,,0,33,,181723,24,,,0,58,,181753,24,,,0,18,,181724,24,,,0,18,,181754,24,,,0,18,,181725,24,,,0,58,,181755,24,,,0,18,,181726,24,,,0,18,,181757,24,,,0,58,,181727,24,,,0,18,,181758,24,,,0,18,,181728,24,,,0,58,,181759,24,,,0,18,,181729,24,,,0,18,,181756,24,,,0,18,,181730,24,,,0,58,,181760,24,,,0,18,,181731,24,,,0,18,,181761,24,,,0,58,,181732,24,,,0,18,,181762,24,,,0,18,,181733,24,,,0,58,,181763,24,,,0,18,,181734,24,,,0,18,,181764,24,,,0,18,,181735,24,,,0,58,,181765,24,,,0,18,,181736,24,,,0,18,,181766,24,,,0,58,,181737,24,,,0,18,,181767,24,,,0,18,,181738,24,,,0,58,,181768,24,,,0,18,,181739,24,,,0,18,,181769,24,,,0,18,,181740,24,,,0,58,,181770,24,,,0,18,,181741,24,,,0,18,,181771,24,,,0,58,,181742,24,,,0,18,,181772,24,,,0,18,,181743,24,,,0,58,,181773,24,,,0,18,,181744,24,,,0,18,,181774,24,,,0,18,,181745,24,,,0,58,,181775,24,,,0,18,,181746,24,,,0,18,,181776,24,,,0,58,,181747,24,,,0,18,,181777,24,,,0,18,,181748,24,,,0,58,,181778,24,,,0,18,,181749,24,,,0,18,,181779,24,,,0,18,,181750,24,,,0,75,,181751,24,,,0,75,,181752,24,,,0
6101,'Saturday',501,,182483,8,0,151,0,30,,182446,8,0,151,0,70,,182484,8,0,151,0,30,,182447,8,0,151,0,70,,182485,8,0,151,0,20,,182465,8,0,151,0,20,,182448,8,0,151,0,60,,182486,8,0,151,0,20,,182466,8,0,151,0,20,,182449,8,0,151,0,60,,182487,8,0,151,0,20,,182467,8,0,151,0,20,,182450,8,0,151,0,60,,182488,8,0,151,0,20,,182468,8,0,151,0,20,,182451,8,0,151,0,60,,182489,8,0,151,0,20,,182469,8,0,151,0,20,,182452,8,0,151,0,60,,182490,8,0,151,0,20,,182470,8,0,151,0,20,,182453,8,0,151,0,60,,182491,8,0,151,0,20,,182471,8,0,151,0,20,,182454,8,0,151,0,60,,182492,8,0,151,0,20,,182472,8,0,151,0,20,,182455,8,0,151,0,60,,182493,8,0,151,0,20,,182473,8,0,151,0,20,,182456,8,0,151,0,60,,182494,8,0,151,0,20,,182474,8,0,151,0,20,,182457,8,0,151,0,60,,182495,8,0,151,0,20,,182475,8,0,151,0,20,,182458,8,0,151,0,60,,182496,8,0,151,0,20,,182476,8,0,151,0,20,,182459,8,0,151,0,60,,182497,8,0,151,0,20,,182477,8,0,151,0,20,,182460,8,0,151,0,60,,182498,8,0,151,0,20,,182478,8,0,151,0,20,,182461,8,0,151,0,60,,182499,8,0,151,0,20,,182479,8,0,151,0,20,,182462,8,0,151,0,60,,182500,8,0,151,0,20,,182480,8,0,151,0,28,,182463,8,0,151,0,69,,182481,8,0,151,0,29,,182445,8,0,151,0,66,,182444,8,0,151,0,25,,182464,8,0,151,0,65,,182482,8,0,151,0
6101,'Sunday',501,,182555,8,0,151,0,30,,182536,8,0,151,0,70,,182556,8,0,151,0,30,,182537,8,0,151,0,70,,182535,8,0,151,0,20,,182515,8,0,151,0,20,,182538,8,0,151,0,60,,182504,8,0,151,0,20,,182516,8,0,151,0,20,,182557,8,0,151,0,60,,182505,8,0,151,0,20,,182517,8,0,151,0,20,,182539,8,0,151,0,60,,182503,8,0,151,0,20,,182518,8,0,151,0,20,,182540,8,0,151,0,60,,182501,8,0,151,0,20,,182519,8,0,151,0,20,,182541,8,0,151,0,60,,182502,8,0,151,0,20,,182520,8,0,151,0,20,,182542,8,0,151,0,60,,182506,8,0,151,0,20,,182521,8,0,151,0,20,,182543,8,0,151,0,60,,182531,8,0,151,0,20,,182522,8,0,151,0,20,,182544,8,0,151,0,60,,182507,8,0,151,0,20,,182523,8,0,151,0,20,,182545,8,0,151,0,60,,182508,8,0,151,0,20,,182524,8,0,151,0,20,,182546,8,0,151,0,60,,182509,8,0,151,0,20,,182525,8,0,151,0,20,,182547,8,0,151,0,60,,182510,8,0,151,0,20,,182526,8,0,151,0,20,,182548,8,0,151,0,60,,182511,8,0,151,0,20,,182527,8,0,151,0,20,,182549,8,0,151,0,60,,182512,8,0,151,0,20,,182528,8,0,151,0,20,,182550,8,0,151,0,60,,182513,8,0,151,0,20,,182553,8,0,151,0,20,,182551,8,0,151,0,60,,182514,8,0,151,0,20,,182533,8,0,151,0,28,,182552,8,0,151,0,69,,182534,8,0,151,0,29,,182532,8,0,151,0,66,,182529,8,0,151,0,25,,182554,8,0,151,0,65,,182530,8,0,151,0
6101,'Weekday',440,,182559,8,0,151,0,70,,182579,8,0,151,0,15,,182620,8,0,151,0,15,,182560,8,0,151,0,12,,182624,8,0,151,0,52,,182592,8,0,151,0,12,,182580,8,0,151,0,12,,182621,8,0,151,0,12,,182561,8,0,151,0,12,,182625,8,0,151,0,52,,182593,8,0,151,0,12,,182581,8,0,151,0,11,,182622,8,0,151,0,12,,182562,8,0,151,0,12,,182626,8,0,151,0,52,,182594,8,0,151,0,12,,182582,8,0,151,0,12,,182623,8,0,151,0,12,,182563,8,0,151,0,12,,182627,8,0,151,0,51,,182595,8,0,151,0,18,,182583,8,0,151,0,20,,182564,8,0,151,0,60,,182596,8,0,151,0,20,,182584,8,0,151,0,20,,182565,8,0,151,0,60,,182597,8,0,151,0,20,,182585,8,0,151,0,20,,182566,8,0,151,0,60,,182598,8,0,151,0,20,,182586,8,0,151,0,20,,182567,8,0,151,0,60,,182599,8,0,151,0,20,,182587,8,0,151,0,20,,182568,8,0,151,0,60,,182600,8,0,151,0,20,,182588,8,0,151,0,20,,182569,8,0,151,0,12,,182628,8,0,151,0,52,,182601,8,0,151,0,12,,182611,8,0,151,0,12,,182589,8,0,151,0,12,,182570,8,0,151,0,12,,182629,8,0,151,0,52,,182602,8,0,151,0,12,,182612,8,0,151,0,12,,182590,8,0,151,0,12,,182571,8,0,151,0,12,,182630,8,0,151,0,52,,182603,8,0,151,0,12,,182613,8,0,151,0,12,,182591,8,0,151,0,12,,182572,8,0,151,0,12,,182631,8,0,151,0,52,,182604,8,0,151,0,18,,182614,8,0,151,0,20,,182573,8,0,151,0,60,,182605,8,0,151,0,20,,182615,8,0,151,0,20,,182574,8,0,151,0,60,,182606,8,0,151,0,20,,182616,8,0,151,0,20,,182575,8,0,151,0,60,,182607,8,0,151,0,20,,182617,8,0,151,0,20,,182576,8,0,151,0,60,,182608,8,0,151,0,20,,182618,8,0,151,0,22,,182577,8,0,151,0,64,,182609,8,0,151,0,24,,182619,8,0,151,0,25,,182558,8,0,151,0,70,,182578,8,0,151,0,30,,182610,8,0,151,0
6101,'pB3Sep30-Saturday',501,,182671,8,0,151,0,30,,182634,8,0,151,0,70,,182672,8,0,151,0,30,,182635,8,0,151,0,70,,182673,8,0,151,0,20,,182653,8,0,151,0,20,,182636,8,0,151,0,60,,182674,8,0,151,0,20,,182654,8,0,151,0,20,,182637,8,0,151,0,60,,182675,8,0,151,0,20,,182655,8,0,151,0,20,,182638,8,0,151,0,60,,182676,8,0,151,0,20,,182656,8,0,151,0,20,,182639,8,0,151,0,60,,182677,8,0,151,0,20,,182657,8,0,151,0,20,,182640,8,0,151,0,60,,182678,8,0,151,0,20,,182658,8,0,151,0,20,,182641,8,0,151,0,60,,182679,8,0,151,0,20,,182659,8,0,151,0,20,,182642,8,0,151,0,60,,182680,8,0,151,0,20,,182660,8,0,151,0,20,,182643,8,0,151,0,60,,182681,8,0,151,0,20,,182661,8,0,151,0,20,,182644,8,0,151,0,60,,182682,8,0,151,0,20,,182662,8,0,151,0,20,,182645,8,0,151,0,60,,182683,8,0,151,0,20,,182663,8,0,151,0,20,,182646,8,0,151,0,60,,182684,8,0,151,0,20,,182664,8,0,151,0,20,,182647,8,0,151,0,60,,182685,8,0,151,0,20,,182665,8,0,151,0,20,,182648,8,0,151,0,60,,182686,8,0,151,0,20,,182666,8,0,151,0,20,,182649,8,0,151,0,60,,182687,8,0,151,0,20,,182667,8,0,151,0,20,,182650,8,0,151,0,60,,182688,8,0,151,0,20,,182668,8,0,151,0,28,,182651,8,0,151,0,69,,182669,8,0,151,0,29,,182633,8,0,151,0,66,,182632,8,0,151,0,25,,182652,8,0,151,0,65,,182670,8,0,151,0
