300,'Saturday',631,,169849,43,,,0,18,,169858,43,,,0,60,,169865,43,,,0,20,,169819,43,,,0,20,,169826,43,,,0,60,,169834,43,,,0,20,,169842,43,,,0,20,,169851,43,,,0,60,,169859,43,,,0,20,,169868,43,,,0,21,,169820,43,,,0,59,,169827,43,,,0,21,,169835,43,,,0,20,,169843,43,,,0,60,,169853,43,,,0,20,,169860,43,,,0,20,,169869,43,,,0,61,,169821,43,,,0,21,,169829,43,,,0,21,,169836,43,,,0,60,,169844,43,,,0,20,,169852,43,,,0,20,,169861,43,,,0,60,,169870,43,,,0,20,,169822,43,,,0,21,,169828,43,,,0,60,,169838,43,,,0,20,,169845,43,,,0,20,,169854,43,,,0,60,,169862,43,,,0,20,,169871,43,,,0,20,,169823,43,,,0,60,,169830,43,,,0,20,,169837,43,,,0,20,,169850,43,,,0,59,,169855,43,,,0,20,,169863,43,,,0,19,,169873,43,,,0,60,,169824,43,,,0,21,,169831,43,,,0,20,,169840,43,,,0,60,,169846,43,,,0,20,,169856,43,,,0,20,,169864,43,,,0,60,,169872,43,,,0,20,,169825,43,,,0,20,,169832,43,,,0,60,,169839,43,,,0,20,,169847,43,,,0,20,,169857,43,,,0,60,,169866,43,,,0,20,,169874,43,,,0,25,,169833,43,,,0,74,,169841,43,,,0,25,,169848,43,,,0,75,,169867,43,,,0
300,'Sunday',631,,169906,43,,,0,18,,169916,43,,,0,60,,169923,43,,,0,20,,169875,43,,,0,20,,169882,43,,,0,60,,169890,43,,,0,20,,169899,43,,,0,20,,169908,43,,,0,60,,169914,43,,,0,20,,169924,43,,,0,21,,169876,43,,,0,59,,169883,43,,,0,21,,169891,43,,,0,20,,169898,43,,,0,60,,169907,43,,,0,20,,169915,43,,,0,20,,169925,43,,,0,61,,169877,43,,,0,21,,169884,43,,,0,21,,169892,43,,,0,60,,169900,43,,,0,20,,169909,43,,,0,20,,169917,43,,,0,60,,169926,43,,,0,20,,169879,43,,,0,21,,169885,43,,,0,60,,169893,43,,,0,20,,169902,43,,,0,20,,169910,43,,,0,60,,169918,43,,,0,20,,169927,43,,,0,20,,169878,43,,,0,60,,169887,43,,,0,20,,169895,43,,,0,20,,169901,43,,,0,59,,169911,43,,,0,20,,169919,43,,,0,19,,169928,43,,,0,60,,169880,43,,,0,21,,169886,43,,,0,20,,169894,43,,,0,60,,169903,43,,,0,20,,169913,43,,,0,20,,169921,43,,,0,60,,169929,43,,,0,20,,169881,43,,,0,20,,169888,43,,,0,60,,169896,43,,,0,20,,169904,43,,,0,20,,169912,43,,,0,60,,169920,43,,,0,20,,169930,43,,,0,25,,169889,43,,,0,74,,169897,43,,,0,25,,169905,43,,,0,75,,169922,43,,,0
300,'Weekday',509,,169960,43,,,0,20,,169965,43,,,0,20,,169979,43,,,0,60,,169932,43,,,0,27,,169985,43,,,0,19,,169968,43,,,0,56,,169948,43,,,0,15,,169992,43,,,0,13,,169961,43,,,0,7,,170023,43,,,0,6,,170001,43,,,0,7,,169934,43,,,0,46,,169966,43,,,0,7,,169931,43,,,0,6,,169980,43,,,0,7,,170009,43,,,0,6,,169933,43,,,0,13,,169993,43,,,0,13,,169986,43,,,0,55,,169953,43,,,0,12,,169969,43,,,0,17,,169949,43,,,0,16,,169962,43,,,0,55,,170002,43,,,0,15,,169935,43,,,0,15,,169981,43,,,0,15,,170010,43,,,0,55,,169994,43,,,0,15,,169987,43,,,0,15,,169954,43,,,0,15,,169970,43,,,0,55,,169950,43,,,0,15,,169963,43,,,0,15,,170003,43,,,0,15,,169936,43,,,0,55,,169982,43,,,0,15,,170011,43,,,0,15,,169995,43,,,0,15,,169988,43,,,0,55,,169955,43,,,0,15,,169971,43,,,0,15,,169951,43,,,0,16,,169964,43,,,0,47,,170018,43,,,0,8,,169941,43,,,0,4,,170004,43,,,0,6,,169942,43,,,0,8,,169937,43,,,0,7,,169943,43,,,0,8,,169983,43,,,0,7,,169944,43,,,0,47,,170012,43,,,0,6,,169945,32,,,0,7,,169996,43,,,0,6,,169946,32,,,0,7,,169967,43,,,0,6,,169947,32,0,117,0,7,,169989,43,,,0,6,,170008,16,0,117,0,7,,169956,43,,,0,6,,170024,16,0,117,0,47,,169972,43,,,0,6,,170017,16,0,117,0,7,,169952,43,,,0,13,,169976,43,,,0,13,,170019,43,,,0,12,,170005,43,,,0,51,,169938,43,,,0,15,,169984,43,,,0,11,,170013,43,,,0,12,,169997,43,,,0,55,,169990,43,,,0,15,,169957,43,,,0,15,,169973,43,,,0,15,,169977,43,,,0,55,,170020,43,,,0,15,,170006,43,,,0,15,,169939,43,,,0,15,,170014,43,,,0,55,,169998,43,,,0,15,,169991,43,,,0,15,,169958,43,,,0,15,,169974,43,,,0,55,,169978,43,,,0,15,,170021,43,,,0,21,,170007,43,,,0,20,,170015,43,,,0,64,,169999,43,,,0,24,,169959,43,,,0,15,,169975,43,,,0,73,,170022,43,,,0,25,,170016,43,,,0,75,,170000,43,,,0
300,'pB3Sep30-Saturday',606,,170062,43,,,0,25,,170046,43,,,0,23,,170051,43,,,0,55,,170055,43,,,0,15,,170063,43,,,0,15,,170064,43,,,0,15,,170065,43,,,0,55,,170066,43,,,0,15,,170067,43,,,0,15,,170068,43,,,0,15,,170069,43,,,0,55,,170070,43,,,0,15,,170071,43,,,0,15,,170072,43,,,0,16,,170025,43,,,0,54,,170030,43,,,0,21,,170036,43,,,0,20,,170041,43,,,0,60,,170048,43,,,0,20,,170052,43,,,0,20,,170058,43,,,0,61,,170026,43,,,0,21,,170032,43,,,0,21,,170037,43,,,0,60,,170042,43,,,0,20,,170047,43,,,0,20,,170053,43,,,0,60,,170059,43,,,0,20,,170027,43,,,0,21,,170031,43,,,0,54,,170085,43,,,0,14,,170086,43,,,0,14,,170087,43,,,0,14,,170088,43,,,0,54,,170089,43,,,0,14,,170083,43,,,0,14,,170084,43,,,0,14,,170078,43,,,0,54,,170080,43,,,0,14,,170073,43,,,0,14,,170074,43,,,0,14,,170075,43,,,0,14,,170076,43,,,0,53,,170077,43,,,0,15,,170079,43,,,0,13,,170081,43,,,0,14,,170082,43,,,0,61,,170028,43,,,0,21,,170033,43,,,0,20,,170039,43,,,0,60,,170043,43,,,0,20,,170049,43,,,0,20,,170054,43,,,0,60,,170060,43,,,0,20,,170029,43,,,0,20,,170034,43,,,0,60,,170038,43,,,0,20,,170045,43,,,0,20,,170050,43,,,0,60,,170056,43,,,0,20,,170061,43,,,0,25,,170035,43,,,0,74,,170040,43,,,0,25,,170044,43,,,0,75,,170057,43,,,0
30100,'Saturday',653,,197042,8,,,0,59,,197056,8,,,0,16,,197068,8,,,0,16,,197081,8,,,0,56,,197094,8,,,0,16,,197043,8,,,0,16,,197055,8,,,0,16,,197069,8,,,0,56,,197082,8,,,0,16,,197095,8,,,0,16,,197044,8,,,0,16,,197057,8,,,0,57,,197070,8,,,0,18,,197083,8,,,0,16,,197097,8,,,0,16,,197045,8,,,0,56,,197058,8,,,0,16,,197072,8,,,0,16,,197084,8,,,0,56,,197096,8,,,0,20,,197046,8,,,0,16,,197059,8,,,0,16,,197071,8,,,0,56,,197085,8,,,0,16,,197098,8,,,0,16,,197047,8,,,0,16,,197061,8,,,0,56,,197073,8,,,0,16,,197086,8,,,0,16,,197099,8,,,0,56,,197049,8,,,0,16,,197060,8,,,0,16,,197076,8,,,0,16,,197087,8,,,0,56,,197100,8,,,0,16,,197050,8,,,0,16,,197062,8,,,0,16,,197074,8,,,0,56,,197088,8,,,0,16,,197101,8,,,0,16,,197051,8,,,0,16,,197063,8,,,0,56,,197075,8,,,0,16,,197089,8,,,0,13,,197102,8,,,0,56,,197048,8,,,0,15,,197064,8,,,0,16,,197077,8,,,0,16,,197090,8,,,0,56,,197103,8,,,0,16,,197052,8,,,0,16,,197065,8,,,0,15,,197078,8,,,0,56,,197092,8,,,0,16,,197104,8,,,0,16,,197054,8,,,0,16,,197066,8,,,0,55,,197079,8,,,0,16,,197091,8,,,0,16,,197105,8,,,0,16,,197053,8,,,0,56,,197067,8,,,0,16,,197080,8,,,0,16,,197093,8,,,0,55,,197106,8,,,0,15,,197108,8,,,0,20,,197041,8,,,0,65,,197107,8,,,0
30100,'Sunday',653,,197110,8,,,0,59,,197123,8,,,0,16,,197136,8,,,0,16,,197147,8,,,0,56,,197159,8,,,0,16,,197109,8,,,0,16,,197121,8,,,0,16,,197135,8,,,0,56,,197149,8,,,0,16,,197163,8,,,0,16,,197112,8,,,0,16,,197124,8,,,0,57,,197138,8,,,0,18,,197148,8,,,0,16,,197162,8,,,0,16,,197111,8,,,0,56,,197126,8,,,0,16,,197139,8,,,0,16,,197150,8,,,0,56,,197164,8,,,0,20,,197113,8,,,0,16,,197127,8,,,0,16,,197140,8,,,0,56,,197151,8,,,0,16,,197160,8,,,0,16,,197114,8,,,0,16,,197128,8,,,0,56,,197137,8,,,0,16,,197152,8,,,0,16,,197165,8,,,0,56,,197115,8,,,0,16,,197125,8,,,0,16,,197142,8,,,0,16,,197153,8,,,0,56,,197161,8,,,0,16,,197116,8,,,0,16,,197129,8,,,0,16,,197143,8,,,0,56,,197154,8,,,0,16,,197170,8,,,0,16,,197117,8,,,0,16,,197130,8,,,0,56,,197141,8,,,0,16,,197156,8,,,0,13,,197169,8,,,0,56,,197118,8,,,0,15,,197132,8,,,0,16,,197144,8,,,0,16,,197155,8,,,0,56,,197167,8,,,0,16,,197119,8,,,0,16,,197131,8,,,0,15,,197146,8,,,0,56,,197157,8,,,0,16,,197168,8,,,0,16,,197120,8,,,0,16,,197133,8,,,0,55,,197145,8,,,0,16,,197158,8,,,0,16,,197166,8,,,0,16,,197122,8,,,0,56,,197134,8,,,0,16,,197172,8,,,0,16,,197171,8,,,0,55,,197173,8,,,0,15,,197174,8,,,0,20,,197176,8,,,0,65,,197175,8,,,0
30100,'Weekday',535,,197192,8,,,0,20,,197177,8,,,0,60,,197183,8,,,0,20,,197203,8,,,0,20,,197205,8,,,0,45,,197251,8,,,0,5,,197207,8,,,0,5,,197253,8,,,0,5,,197193,8,,,0,2,,197289,8,,,0,3,,197254,8,,,0,5,,197218,8,,,0,5,,197252,8,,,0,5,,197178,8,,,0,5,,197249,8,,,0,5,,197184,8,,,0,5,,197255,8,,,0,5,,197223,8,,,0,45,,197250,8,,,0,7,,197204,8,,,0,8,,197227,8,,,0,10,,197206,8,,,0,10,,197208,8,,,0,5,,197266,8,,,0,5,,197194,8,,,0,10,,197217,8,,,0,50,,197179,8,,,0,14,,197269,8,,,0,14,,197270,8,,,0,14,,197277,8,,,0,54,,197286,8,,,0,14,,197272,8,,,0,14,,197280,8,,,0,14,,197275,8,,,0,14,,197287,8,,,0,54,,197279,8,,,0,14,,197285,8,,,0,14,,197274,8,,,0,14,,197281,8,,,0,54,,197276,8,,,0,14,,197288,8,,,0,14,,197278,8,,,0,14,,197284,8,,,0,54,,197273,8,,,0,14,,197282,8,,,0,14,,197283,8,,,0,15,,197271,8,,,0,13,,197228,8,,,0,54,,197209,8,,,0,12,,197195,8,,,0,12,,197219,8,,,0,12,,197180,8,,,0,52,,197185,8,,,0,10,,197242,8,,,0,10,,197224,8,,,0,5,,197244,8,,,0,5,,197229,8,,,0,5,,197246,8,,,0,5,,197210,8,,,0,5,,197245,8,,,0,5,,197237,8,,,0,5,,197267,8,,,0,46,,197197,8,,,0,5,,197268,8,,,0,6,,197221,8,,,0,5,,197291,8,,,0,5,,197181,8,,,0,5,,197247,8,,,0,5,,197186,8,,,0,2,,197263,5,,,0,3,,197243,8,,,0,5,,197238,8,,,0,5,,197248,8,,,0,5,,197225,8,,,0,5,,197257,8,,,0,45,,197230,8,,,0,5,,197258,8,,,0,5,,197240,8,,,0,4,,197256,8,,,0,5,,197212,8,,,0,5,,197259,8,,,0,5,,197239,8,,,0,5,,197260,8,,,0,5,,197196,8,,,0,5,,197264,8,,,0,5,,197220,8,,,0,5,,197265,8,,,0,2,,197290,8,,,0,43,,197182,8,,,0,10,,197187,8,,,0,10,,197236,8,,,0,9,,197226,8,,,0,9,,197231,8,,,0,10,,197241,8,,,0,52,,197211,8,,,0,12,,197198,8,,,0,12,,197222,8,,,0,12,,197189,8,,,0,20,,197232,8,,,0,60,,197213,8,,,0,20,,197199,8,,,0,20,,197188,8,,,0,60,,197233,8,,,0,20,,197214,8,,,0,20,,197200,8,,,0,60,,197190,8,,,0,20,,197234,8,,,0,20,,197215,8,,,0,60,,197201,8,,,0,22,,197191,8,,,0,61,,197235,8,,,0,19,,197216,8,,,0,18,,197202,8,,,0,65,,197262,8,,,0,35,,197261,8,,,0
30100,'Weekday1111000',1611,,197292,3,,,0
30100,'pB3Sep30-Saturday',551,,197361,8,,,0,57,,197362,8,,,0,16,,197364,8,,,0,16,,197363,8,,,0,16,,197295,8,,,0,48,,197365,8,,,0,8,,197308,8,,,0,8,,197366,8,,,0,8,,197320,8,,,0,8,,197367,8,,,0,8,,197333,8,,,0,8,,197368,8,,,0,48,,197346,8,,,0,8,,197369,8,,,0,8,,197294,8,,,0,8,,197370,8,,,0,8,,197307,8,,,0,16,,197321,8,,,0,56,,197334,8,,,0,16,,197347,8,,,0,16,,197296,8,,,0,16,,197309,8,,,0,57,,197322,8,,,0,18,,197335,8,,,0,16,,197349,8,,,0,16,,197297,8,,,0,56,,197310,8,,,0,16,,197324,8,,,0,16,,197336,8,,,0,56,,197348,8,,,0,20,,197298,8,,,0,16,,197311,8,,,0,16,,197323,8,,,0,56,,197337,8,,,0,16,,197350,8,,,0,16,,197299,8,,,0,16,,197313,8,,,0,56,,197325,8,,,0,16,,197338,8,,,0,16,,197351,8,,,0,8,,197371,8,,,0,48,,197301,8,,,0,8,,197372,8,,,0,8,,197312,8,,,0,8,,197373,8,,,0,8,,197328,8,,,0,8,,197374,8,,,0,8,,197339,8,,,0,8,,197375,8,,,0,48,,197353,8,,,0,8,,197376,8,,,0,8,,197302,8,,,0,8,,197377,8,,,0,8,,197314,8,,,0,8,,197378,8,,,0,8,,197326,8,,,0,48,,197379,8,,,0,8,,197340,8,,,0,8,,197380,8,,,0,8,,197352,8,,,0,8,,197381,8,,,0,8,,197303,8,,,0,8,,197382,8,,,0,8,,197315,8,,,0,48,,197383,8,,,0,8,,197327,8,,,0,8,,197384,8,,,0,8,,197341,8,,,0,7,,197385,8,,,0,6,,197354,8,,,0,56,,197300,8,,,0,15,,197316,8,,,0,16,,197329,8,,,0,16,,197342,8,,,0,56,,197355,8,,,0,16,,197304,8,,,0,16,,197317,8,,,0,15,,197330,8,,,0,56,,197344,8,,,0,16,,197356,8,,,0,16,,197306,8,,,0,16,,197318,8,,,0,55,,197331,8,,,0,16,,197343,8,,,0,16,,197357,8,,,0,16,,197305,8,,,0,56,,197319,8,,,0,16,,197332,8,,,0,16,,197345,8,,,0,55,,197358,8,,,0,15,,197360,8,,,0,20,,197293,8,,,0,65,,197359,8,,,0
50000,'Saturday',503,,200345,11,,,0,30,,200356,11,,,0,70,,200364,11,,,0,29,,200347,11,,,0,72,,200355,11,,,0,31,,200363,11,,,0,71,,200346,11,,,0,32,,200357,11,,,0,73,,200365,11,,,0,33,,200348,11,,,0,74,,200359,11,,,0,33,,200366,11,,,0,73,,200349,11,,,0,33,,200358,11,,,0,73,,200367,11,,,0,73,,200351,11,,,0,33,,200369,11,,,0,73,,200352,11,,,0,33,,200360,11,,,0,73,,200368,11,,,0,33,,200350,11,,,0,73,,200361,11,,,0,33,,200370,11,,,0,73,,200354,11,,,0,73,,200371,11,,,0,33,,200353,11,,,0,73,,200362,11,,,0,33,,200372,11,,,0,73,,200373,11,,,0,33,,200374,11,,,0,72,,200375,11,,,0,31,,200376,11,,,0,72,,200377,11,,,0,32,,200379,11,,,0,72,,200378,11,,,0,32,,200380,11,,,0
50000,'Sunday',503,,200421,11,,,0,30,,200422,11,,,0,70,,200420,11,,,0,29,,200419,11,,,0,72,,200417,11,,,0,31,,200418,11,,,0,71,,200415,11,,,0,32,,200416,11,,,0,73,,200414,11,,,0,33,,200413,11,,,0,74,,200411,11,,,0,33,,200412,11,,,0,73,,200408,11,,,0,33,,200410,11,,,0,73,,200409,11,,,0,73,,200407,11,,,0,33,,200405,11,,,0,73,,200406,11,,,0,33,,200404,11,,,0,73,,200402,11,,,0,33,,200400,11,,,0,73,,200401,11,,,0,33,,200403,11,,,0,73,,200397,11,,,0,73,,200399,11,,,0,33,,200396,11,,,0,73,,200398,11,,,0,33,,200393,11,,,0,73,,200394,11,,,0,33,,200395,11,,,0,72,,200391,11,,,0,31,,200392,11,,,0,72,,200387,11,,,0,32,,200388,11,,,0,72,,200385,11,,,0,32,,200389,11,,,0
50000,'Weekday',449,,200424,11,,,0,63,,200458,11,,,0,23,,200459,11,,,0,22,,200460,11,,,0,61,,200462,11,,,0,22,,200463,11,,,0,65,,200464,11,,,0,23,,200461,11,,,0,72,,200465,11,,,0,26,,200466,11,,,0,26,,200467,11,,,0,66,,200468,11,,,0,27,,200469,11,,,0,64,,200470,11,,,0,25,,200471,11,,,0,25,,200442,11,,,0,67,,200432,11,,,0,26,,200443,11,,,0,65,,200447,11,,,0,25,,200433,11,,,0,66,,200444,11,,,0,26,,200448,11,,,0,67,,200434,11,,,0,27,,200445,11,,,0,27,,200452,11,,,0,66,,200435,11,,,0,27,,200455,11,,,0,69,,200446,11,,,0,29,,200456,11,,,0,67,,200437,11,,,0,28,,200427,11,,,0,67,,200453,11,,,0,23,,200436,11,,,0,24,,200454,11,,,0,64,,200472,11,,,0,24,,200457,11,,,0,64,,200429,11,,,0,24,,200439,11,,,0,24,,200428,11,,,0,62,,200449,11,,,0,24,,200440,11,,,0,64,,200430,11,,,0,24,,200450,11,,,0,23,,200441,11,,,0,63,,200431,11,,,0,24,,200451,11,,,0,64,,200438,11,,,0,23,,200426,11,,,0,23,,200473,11,,,0
50000,'pB3Sep30-Saturday',503,,200476,11,,,0,30,,200487,11,,,0,70,,200495,11,,,0,29,,200478,11,,,0,72,,200486,11,,,0,31,,200494,11,,,0,71,,200477,11,,,0,32,,200488,11,,,0,73,,200496,11,,,0,33,,200479,11,,,0,74,,200490,11,,,0,33,,200497,11,,,0,73,,200480,11,,,0,33,,200489,11,,,0,73,,200498,11,,,0,73,,200482,11,,,0,33,,200500,11,,,0,73,,200483,11,,,0,33,,200491,11,,,0,73,,200499,11,,,0,33,,200481,11,,,0,73,,200492,11,,,0,33,,200501,11,,,0,73,,200485,11,,,0,73,,200502,11,,,0,33,,200484,11,,,0,73,,200493,11,,,0,33,,200503,11,,,0,73,,200505,11,,,0,33,,200506,11,,,0,72,,200504,11,,,0,31,,200507,11,,,0,72,,200508,11,,,0,32,,200510,11,,,0,72,,200509,11,,,0,32,,200511,11,,,0
50300,'Saturday',606,,200672,6,,,0,37,,200674,6,,,0,77,,200673,6,,,0,37,,200683,6,,,0,77,,200686,6,,,0,77,,200677,6,,,0,37,,200684,6,,,0,77,,200675,6,,,0,77,,200679,6,,,0,37,,200682,6,,,0,77,,200681,6,,,0,37,,200680,6,,,0,77,,200685,6,,,0,77,,200676,6,,,0,37,,200678,6,,,0,77,,200688,6,,,0,37,,200687,6,,,0,77,,200689,6,,,0,77,,200693,6,,,0,37,,200690,6,,,0,77,,200691,6,,,0,77,,200692,6,,,0,37,,200695,6,,,0,77,,200694,6,,,0,37,,200697,6,,,0,77,,200696,6,,,0,77,,200698,6,,,0
50300,'Sunday',606,,200710,6,,,0,37,,200713,6,,,0,77,,200701,6,,,0,37,,200711,6,,,0,77,,200716,6,,,0,77,,200703,6,,,0,37,,200712,6,,,0,77,,200700,6,,,0,77,,200705,6,,,0,37,,200709,6,,,0,77,,200708,6,,,0,37,,200707,6,,,0,77,,200715,6,,,0,77,,200702,6,,,0,37,,200704,6,,,0,77,,200714,6,,,0,37,,200699,6,,,0,77,,200706,6,,,0,77,,200717,6,,,0,37,,200718,6,,,0,77,,200719,6,,,0,77,,200721,6,,,0,37,,200720,6,,,0,77,,200722,6,,,0,37,,200723,6,,,0,77,,200724,6,,,0,77,,200725,6,,,0
50300,'Weekday',606,,200726,6,,,0,32,,200728,6,,,0,16,,200732,6,,,0,56,,200730,6,,,0,16,,200731,6,,,0,16,,200734,6,,,0,16,,200727,6,,,0,56,,200735,6,,,0,16,,200729,6,,,0,16,,200733,6,,,0,55,,200740,6,,,0,24,,200742,6,,,0,28,,200736,6,,,0,68,,200739,6,,,0,28,,200741,6,,,0,68,,200743,6,,,0,28,,200737,6,,,0,68,,200738,6,,,0,28,,200744,6,,,0,68,,200749,6,,,0,28,,200745,6,,,0,68,,200747,6,,,0,28,,200748,6,,,0,69,,200750,6,,,0,16,,200751,6,,,0,16,,200746,6,,,0,16,,200752,6,,,0,56,,200755,6,,,0,16,,200756,6,,,0,16,,200761,6,,,0,16,,200758,6,,,0,56,,200759,6,,,0,16,,200753,6,,,0,16,,200760,6,,,0,16,,200754,6,,,0,55,,200757,6,,,0,16,,200762,6,,,0,21,,200767,6,,,0,68,,200763,6,,,0,28,,200764,6,,,0,68,,200765,6,,,0,28,,200766,6,,,0,68,,200768,6,,,0,28,,200770,6,,,0,68,,200769,6,,,0
50300,'pB3Sep30-Saturday',606,,200771,6,,,0,37,,200773,6,,,0,77,,200772,6,,,0,37,,200782,6,,,0,77,,200785,6,,,0,77,,200776,6,,,0,37,,200783,6,,,0,77,,200774,6,,,0,77,,200778,6,,,0,37,,200781,6,,,0,77,,200780,6,,,0,37,,200779,6,,,0,77,,200784,6,,,0,77,,200775,6,,,0,37,,200777,6,,,0,77,,200787,6,,,0,37,,200786,6,,,0,77,,200788,6,,,0,77,,200792,6,,,0,37,,200789,6,,,0,77,,200790,6,,,0,77,,200791,6,,,0,37,,200794,6,,,0,77,,200793,6,,,0,37,,200796,6,,,0,77,,200795,6,,,0,77,,200797,6,,,0
