501,'Saturday',558,,170545,18,,,0,64,,170544,18,,,0,24,,170546,18,,,0,64,,170547,18,,,0,25,,170548,18,,,0,65,,170549,18,,,0,24,,170551,18,,,0,24,,170553,18,,,0,64,,170550,18,,,0,24,,170554,18,,,0,64,,170555,18,,,0,24,,170552,18,,,0,25,,170556,18,,,0,65,,170558,18,,,0,26,,170559,18,,,0,65,,170560,18,,,0,25,,170557,18,,,0,26,,170561,18,,,0,65,,170562,18,,,0,25,,170563,18,,,0,66,,170564,18,,,0,26,,170565,18,,,0,66,,170569,18,,,0,26,,170566,18,,,0,26,,170568,18,,,0,66,,170567,18,,,0,26,,170570,18,,,0,65,,170571,18,,,0,26,,170572,18,,,0,65,,170575,18,,,0,25,,170574,18,,,0,25,,170573,18,,,0,65,,170577,18,,,0,25,,170578,18,,,0,63,,170579,18,,,0,24,,170576,18,,,0,24,,170580,18,,,0,64,,170581,18,,,0,24,,170582,18,,,0,64,,170583,18,,,0,24,,170587,18,,,0,24,,170584,18,,,0,69,,170585,18,,,0,35,,170586,18,,,0
501,'Sunday',558,,170588,18,,,0,64,,170589,18,,,0,24,,170590,18,,,0,64,,170591,18,,,0,25,,170592,18,,,0,65,,170593,18,,,0,24,,170594,18,,,0,24,,170596,18,,,0,64,,170597,18,,,0,24,,170598,18,,,0,64,,170595,18,,,0,24,,170599,18,,,0,25,,170600,18,,,0,65,,170630,18,,,0,26,,170601,18,,,0,65,,170602,18,,,0,25,,170603,18,,,0,26,,170604,18,,,0,65,,170605,18,,,0,25,,170606,18,,,0,66,,170607,18,,,0,26,,170608,18,,,0,66,,170609,18,,,0,26,,170610,18,,,0,26,,170612,18,,,0,66,,170613,18,,,0,26,,170614,18,,,0,65,,170611,18,,,0,26,,170617,18,,,0,65,,170618,18,,,0,25,,170615,18,,,0,25,,170616,18,,,0,65,,170619,18,,,0,25,,170620,18,,,0,63,,170621,18,,,0,24,,170622,18,,,0,24,,170624,18,,,0,64,,170626,18,,,0,24,,170623,18,,,0,64,,170627,18,,,0,24,,170629,18,,,0,24,,170625,18,,,0,69,,170628,18,,,0
501,'Weekday',530,,170632,18,,,0,19,,170633,18,,,0,59,,170634,18,,,0,19,,170631,18,,,0,19,,170635,18,,,0,59,,170636,18,,,0,19,,170680,18,,,0,21,,170637,18,,,0,61,,170639,18,,,0,21,,170640,18,,,0,21,,170641,18,,,0,60,,170638,18,,,0,22,,170642,18,,,0,22,,170643,18,,,0,62,,170645,18,,,0,22,,170646,18,,,0,22,,170647,18,,,0,62,,170644,18,,,0,22,,170648,18,,,0,61,,170649,18,,,0,21,,170651,18,,,0,21,,170652,18,,,0,61,,170653,18,,,0,21,,170650,18,,,0,21,,170655,18,,,0,61,,170656,18,,,0,21,,170657,18,,,0,21,,170654,18,,,0,62,,170658,18,,,0,23,,170660,18,,,0,23,,170661,18,,,0,64,,170662,18,,,0,23,,170679,18,,,0,63,,170659,18,,,0,24,,170663,18,,,0,23,,170664,18,,,0,63,,170665,18,,,0,20,,170667,18,,,0,61,,170668,18,,,0,20,,170669,18,,,0,20,,170666,18,,,0,19,,170682,18,,,0,58,,170670,18,,,0,18,,170671,18,,,0,22,,170672,18,,,0,63,,170681,18,,,0,24,,170674,18,,,0,64,,170675,18,,,0,23,,170676,18,,,0,21,,170677,18,,,0,70,,170678,18,,,0,78,,170673,18,,,0
501,'pB3Sep30-Saturday',558,,170684,18,,,0,64,,170683,18,,,0,24,,170685,18,,,0,64,,170686,18,,,0,25,,170687,18,,,0,65,,170688,18,,,0,24,,170690,18,,,0,24,,170692,18,,,0,64,,170689,18,,,0,24,,170693,18,,,0,64,,170694,18,,,0,24,,170691,18,,,0,25,,170695,18,,,0,65,,170697,18,,,0,26,,170698,18,,,0,65,,170699,18,,,0,25,,170696,18,,,0,26,,170700,18,,,0,65,,170701,18,,,0,25,,170702,18,,,0,66,,170703,18,,,0,26,,170704,18,,,0,66,,170708,18,,,0,26,,170705,18,,,0,26,,170707,18,,,0,66,,170706,18,,,0,26,,170709,18,,,0,65,,170710,18,,,0,26,,170711,18,,,0,65,,170714,18,,,0,25,,170713,18,,,0,25,,170712,18,,,0,65,,170716,18,,,0,25,,170717,18,,,0,63,,170718,18,,,0,24,,170715,18,,,0,24,,170719,18,,,0,64,,170720,18,,,0,24,,170721,18,,,0,64,,170722,18,,,0,24,,170726,18,,,0,24,,170723,18,,,0,69,,170724,18,,,0,35,,170725,18,,,0
8901,'Weekday',622,,186775,12,,,0,34,,186771,12,,,0,74,,186773,12,,,0,74,,186772,12,,,0,34,,186774,12,,,0,74,,186769,12,,,0,34,,186776,12,,,0,74,,186770,12,,,0,34,,186777,12,,,0,74,,186768,12,,,0,74,,186780,12,,,0,34,,186767,12,,,0,74,,186781,12,,,0,34,,186766,12,,,0,74,,186782,12,,,0,34,,186765,12,,,0,74,,186783,12,,,0,74,,186764,12,,,0,34,,186778,12,,,0,74,,186763,12,,,0,34,,186779,12,,,0,74,,186762,12,,,0,34,,186784,12,,,0
41401,'Saturday',839,,200138,5,0,194 12 119,0,100,,200137,5,0,194 12 119,0,100,,200145,5,0,194 12 119,0,100,,200140,5,0,194 12 119,0,100,,200144,5,0,194 12 119,0,100,,200136,5,0,194 12 119,0,100,,200143,5,0,194 12 119,0,100,,200142,5,0,194 12 119,0,100,,200141,5,0,194 12 119,0,100,,200139,5,0,194 12 119,0,100,,200135,5,0,194 12 119,0
41401,'Sunday',939,,200150,5,0,194 12 119,0,100,,200149,5,0,194 12 119,0,100,,200147,5,0,194 12 119,0,100,,200148,5,0,194 12 119,0,100,,200153,5,0,194 12 119,0,100,,200151,5,0,194 12 119,0,100,,200154,5,0,194 12 119,0,100,,200155,5,0,194 12 119,0,100,,200152,5,0,194 12 119,0,100,,200146,5,0,194 12 119,0
41401,'Weekday',638,,200156,5,0,194 12 119,0,70,,200168,5,0,194 12 119,0,30,,200157,5,0,194 12 119,0,70,,200169,5,0,194 12 119,0,30,,200158,5,0,194 12 119,0,70,,200171,5,0,194 12 119,0,30,,200159,5,0,194 12 119,0,100,,200161,5,0,194 12 119,0,100,,200160,5,0,194 12 119,0,100,,200163,5,0,194 12 119,0,100,,200162,5,0,194 12 119,0,100,,200164,5,0,194 12 119,0,74,,200170,5,0,194 12 119,0,29,,200165,5,0,194 12 119,0,78,,200172,5,0,194 12 119,0,29,,200166,5,0,194 12 119,0,83,,200173,5,0,194 12 119,0,73,,200167,5,0,194 12 119,0
41401,'pB3Sep30-Saturday',839,,200177,5,0,194 12 119,0,100,,200176,5,0,194 12 119,0,100,,200184,5,0,194 12 119,0,100,,200179,5,0,194 12 119,0,100,,200183,5,0,194 12 119,0,100,,200175,5,0,194 12 119,0,100,,200182,5,0,194 12 119,0,100,,200181,5,0,194 12 119,0,100,,200180,5,0,194 12 119,0,100,,200178,5,0,194 12 119,0,100,,200174,5,0,194 12 119,0
83201,'Weekday',835,,201263,15,0,137 138 1 119 139,0
