800,'Saturday',745,,171327,46,4,,0,67,,171324,46,4,,0,27,,171325,46,4,,0,67,,171328,46,4,,0,27,,171329,46,4,,0,67,,171330,46,4,,0,27,,171331,46,4,,0,27,,171332,46,4,,0,67,,171334,46,4,,0,27,,171335,46,4,,0,67,,171336,46,4,,0,27,,171333,46,4,,0,67,,171337,46,4,,0,27,,171338,46,4,,0,67,,171339,46,4,,0,27,,171340,46,4,,0,27,,171341,46,4,,0,67,,171342,46,4,,0,27,,171343,46,4,,0,67,,171344,46,4,,0,27,,171326,46,4,,0,67,,171345,46,4,,0,27,,171346,46,4,,0,67,,171347,46,4,,0,27,,171348,46,4,,0,67,,171349,46,4,,0,27,,171350,46,4,,0,27,,171351,46,4,,0,67,,171352,46,4,,0,37,,171353,46,4,,0,77,,171354,46,4,,0,75,,171355,46,4,,0,35,,171356,46,4,,0,75,,171357,46,4,,0,35,,171358,46,4,,0,75,,171359,46,4,,0,75,,171360,46,4,,0
800,'Sunday',745,,171362,46,4,,0,67,,171361,46,4,,0,27,,171364,46,4,,0,67,,171363,46,4,,0,27,,171365,46,4,,0,67,,171366,46,4,,0,27,,171367,46,4,,0,27,,171369,46,4,,0,67,,171368,46,4,,0,27,,171370,46,4,,0,67,,171371,46,4,,0,27,,171372,46,4,,0,67,,171374,46,4,,0,27,,171376,46,4,,0,67,,171375,46,4,,0,27,,171373,46,4,,0,27,,171378,46,4,,0,67,,171377,46,4,,0,27,,171379,46,4,,0,67,,171381,46,4,,0,27,,171383,46,4,,0,67,,171382,46,4,,0,27,,171384,46,4,,0,67,,171385,46,4,,0,27,,171380,46,4,,0,67,,171386,46,4,,0,27,,171388,46,4,,0,27,,171387,46,4,,0,67,,171389,46,4,,0,37,,171390,46,4,,0,77,,171391,46,4,,0,75,,171392,46,4,,0,35,,171393,46,4,,0,75,,171395,46,4,,0,35,,171394,46,4,,0,75,,171396,46,4,,0,75,,171397,46,4,,0
800,'Weekday',529,,171398,46,4,,0,17,,171401,46,4,,0,57,,171413,46,4,,0,17,,171433,46,4,,0,17,,171443,46,4,,0,17,,171462,46,4,,0,57,,171425,46,4,,0,17,,171399,46,4,,0,17,,171402,46,4,,0,57,,171414,46,4,,0,17,,171434,46,4,,0,17,,171441,46,4,,0,5,,171456,46,4,,0,6,,171457,46,4,,0,6,,171463,46,4,,0,49,,171458,46,4,,0,7,,171426,46,4,,0,14,,171400,46,4,,0,15,,171403,46,4,,0,16,,171415,46,4,,0,61,,171435,46,4,,0,21,,171464,46,4,,0,21,,171427,46,4,,0,61,,171404,46,4,,0,21,,171416,46,4,,0,61,,171436,46,4,,0,21,,171465,46,4,,0,21,,171428,46,4,,0,61,,171405,46,4,,0,21,,171417,46,4,,0,23,,171438,46,4,,0,64,,171466,46,4,,0,22,,171430,46,4,,0,20,,171473,23,4,,0,1,,171406,46,4,,0,64,,171418,46,4,,0,17,,171437,46,4,,0,5,,171448,46,4,,0,5,,171450,46,4,,0,7,,171444,46,4,,0,5,,171451,33,4,,0,45,,171447,46,4,,0,7,,171467,46,4,,0,5,,171459,46,4,,0,5,,171452,33,4,,0,7,,171429,46,4,,0,5,,171460,46,4,,0,5,,171453,33,4,,0,7,,171407,46,4,,0,5,,171461,46,4,,0,5,,171454,33,4,,0,47,,171446,46,4,,0,5,,171455,33,4,,0,5,,171449,46,4,,0,7,,171419,46,4,,0,17,,171439,46,4,,0,17,,171445,46,4,,0,57,,171468,46,4,,0,17,,171431,46,4,,0,24,,171408,46,4,,0,60,,171420,46,4,,0,21,,171440,46,4,,0,19,,171469,46,4,,0,59,,171432,46,4,,0,21,,171409,46,4,,0,19,,171421,46,4,,0,61,,171442,46,4,,0,21,,171472,46,4,,0,72,,171410,46,4,,0,34,,171422,46,4,,0,73,,171470,46,4,,0,33,,171411,46,4,,0,73,,171423,46,4,,0,33,,171471,46,4,,0,73,,171412,46,4,,0,26,,171424,46,4,,0
800,'Weekday1111000',1458,,171474,20,4,,0
800,'pB3Sep30-Saturday',745,,171478,46,4,,0,67,,171475,46,4,,0,27,,171476,46,4,,0,67,,171479,46,4,,0,27,,171480,46,4,,0,67,,171481,46,4,,0,27,,171482,46,4,,0,27,,171483,46,4,,0,67,,171485,46,4,,0,27,,171486,46,4,,0,67,,171487,46,4,,0,27,,171484,46,4,,0,67,,171488,46,4,,0,27,,171489,46,4,,0,67,,171490,46,4,,0,27,,171491,46,4,,0,27,,171492,46,4,,0,67,,171493,46,4,,0,27,,171494,46,4,,0,67,,171495,46,4,,0,27,,171477,46,4,,0,67,,171496,46,4,,0,27,,171497,46,4,,0,67,,171498,46,4,,0,27,,171499,46,4,,0,67,,171500,46,4,,0,27,,171501,46,4,,0,27,,171502,46,4,,0,67,,171503,46,4,,0,37,,171504,46,4,,0,77,,171505,46,4,,0,75,,171506,46,4,,0,35,,171507,46,4,,0,75,,171508,46,4,,0,35,,171509,46,4,,0,75,,171510,46,4,,0,75,,171511,46,4,,0
801,'Saturday',635,,171512,1,,,0,67,,171513,1,,,0,27,,171514,1,,,0,27,,171515,1,,,0,67,,171516,1,,,0,27,,171517,1,,,0,67,,171518,1,,,0,27,,171519,1,,,0,67,,171520,1,,,0,27,,171521,1,,,0,67,,171522,1,,,0,27,,171523,1,,,0,27,,171524,1,,,0,67,,171525,1,,,0,27,,171526,1,,,0,67,,171527,1,,,0,27,,171529,1,,,0,67,,171530,1,,,0,27,,171531,1,,,0,67,,171528,1,,,0,27,,171532,1,,,0,67,,171533,1,,,0,27,,171534,1,,,0,27,,171535,1,,,0,67,,171536,1,,,0,27,,171538,1,,,0,67,,171539,1,,,0,27,,171540,1,,,0,67,,171537,1,,,0,27,,171541,1,,,0,67,,171542,1,,,0,30,,171543,1,,,0,75,,171544,1,,,0,35,,171545,1,,,0,75,,171546,1,,,0,35,,171547,1,,,0,75,,171548,1,,,0
801,'Sunday',635,,171550,1,,,0,67,,171549,1,,,0,27,,171551,1,,,0,27,,171552,1,,,0,67,,171553,1,,,0,27,,171554,1,,,0,67,,171556,1,,,0,27,,171555,1,,,0,67,,171557,1,,,0,27,,171558,1,,,0,67,,171559,1,,,0,27,,171560,1,,,0,27,,171561,1,,,0,67,,171562,1,,,0,27,,171563,1,,,0,67,,171564,1,,,0,27,,171565,1,,,0,67,,171566,1,,,0,27,,171567,1,,,0,67,,171568,1,,,0,27,,171569,1,,,0,67,,171570,1,,,0,27,,171572,1,,,0,27,,171574,1,,,0,67,,171573,1,,,0,27,,171575,1,,,0,67,,171571,1,,,0,27,,171578,1,,,0,67,,171576,1,,,0,27,,171577,1,,,0,67,,171579,1,,,0,30,,171580,1,,,0,75,,171581,1,,,0,35,,171582,1,,,0,75,,171583,1,,,0,35,,171584,1,,,0,75,,171585,1,,,0
801,'Weekday',502,,171647,1,,,0,18,,171610,1,,,0,17,,171589,1,,,0,17,,171591,1,,,0,57,,171601,1,,,0,17,,171618,1,,,0,17,,171626,1,,,0,5,,171634,1,,,0,5,,171635,1,,,0,47,,171648,1,,,0,5,,171636,1,,,0,5,,171637,1,,,0,7,,171611,1,,,0,5,,171638,1,,,0,5,,171639,1,,,0,7,,171590,1,,,0,5,,171640,1,,,0,5,,171641,1,,,0,7,,171593,1,,,0,5,,171642,1,,,0,52,,171602,1,,,0,17,,171619,1,,,0,17,,171627,1,,,0,13,,171649,1,,,0,61,,171612,1,,,0,21,,171592,1,,,0,61,,171603,1,,,0,21,,171620,1,,,0,21,,171650,1,,,0,61,,171613,1,,,0,21,,171594,1,,,0,21,,171604,1,,,0,61,,171622,1,,,0,21,,171651,1,,,0,21,,171614,1,,,0,61,,171595,1,,,0,21,,171605,1,,,0,21,,171621,1,,,0,63,,171652,1,,,0,12,,171643,1,,,0,10,,171615,1,,,0,10,,171644,1,,,0,10,,171596,1,,,0,45,,171645,1,,,0,9,,171629,1,,,0,17,,171606,1,,,0,5,,171646,1,,,0,8,,171632,1,,,0,5,,171623,1,,,0,5,,171631,1,,,0,5,,171633,1,,,0,46,,171628,1,,,0,17,,171653,1,,,0,17,,171616,1,,,0,17,,171597,1,,,0,57,,171630,1,,,0,17,,171587,1,,,0,22,,171624,1,,,0,63,,171654,1,,,0,21,,171617,1,,,0,21,,171598,1,,,0,61,,171607,1,,,0,21,,171625,1,,,0,21,,171655,1,,,0,75,,171588,1,,,0,69,,171608,1,,,0,35,,171657,1,,,0,71,,171599,1,,,0,33,,171609,1,,,0,73,,171656,1,,,0,33,,171600,1,,,0,73,,171586,1,,,0,85,,171658,1,,,0
801,'Weekday0000100',1340,,171659,1,,,0,77,,171660,1,,,0
801,'Weekday1111000',1520,,171661,1,,,0
801,'pB3Sep30-Saturday',635,,171662,1,,,0,67,,171663,1,,,0,27,,171664,1,,,0,27,,171665,1,,,0,67,,171666,1,,,0,27,,171667,1,,,0,67,,171668,1,,,0,27,,171669,1,,,0,67,,171670,1,,,0,27,,171671,1,,,0,67,,171672,1,,,0,27,,171673,1,,,0,27,,171674,1,,,0,67,,171675,1,,,0,27,,171676,1,,,0,67,,171677,1,,,0,27,,171679,1,,,0,67,,171680,1,,,0,27,,171681,1,,,0,67,,171678,1,,,0,27,,171682,1,,,0,67,,171683,1,,,0,27,,171684,1,,,0,27,,171685,1,,,0,67,,171686,1,,,0,27,,171688,1,,,0,67,,171689,1,,,0,27,,171690,1,,,0,67,,171687,1,,,0,27,,171691,1,,,0,67,,171692,1,,,0,30,,171693,1,,,0,75,,171695,1,,,0,35,,171696,1,,,0,75,,171697,1,,,0,35,,171694,1,,,0,75,,171698,1,,,0
