7801,'Saturday',658,,185153,34,,,0,75,,185156,34,,,0,76,,185157,34,,,0,37,,185158,34,,,0,75,,185155,34,,,0,35,,185160,34,,,0,75,,185161,34,,,0,75,,185162,34,,,0,35,,185159,34,,,0,75,,185163,34,,,0,35,,185164,34,,,0,75,,185166,34,,,0,75,,185167,34,,,0,35,,185168,34,,,0,75,,185165,34,,,0,35,,185169,34,,,0,75,,185170,34,,,0,35,,185171,34,,,0,75,,185172,34,,,0,75,,185173,34,,,0,35,,185176,34,,,0,75,,185177,34,,,0,35,,185178,34,,,0,75,,185174,34,,,0,75,,185175,34,,,0,33,,185179,34,,,0,75,,185180,34,,,0,35,,185181,34,,,0,75,,185182,34,,,0,35,,185183,34,,,0,75,,185154,34,,,0
7801,'Sunday',658,,185184,34,,,0,75,,185200,34,,,0,76,,185185,34,,,0,37,,185201,34,,,0,75,,185186,34,,,0,35,,185202,34,,,0,75,,185187,34,,,0,75,,185203,34,,,0,35,,185188,34,,,0,75,,185204,34,,,0,35,,185189,34,,,0,75,,185205,34,,,0,75,,185190,34,,,0,35,,185206,34,,,0,75,,185191,34,,,0,35,,185207,34,,,0,75,,185192,34,,,0,35,,185208,34,,,0,75,,185193,34,,,0,75,,185210,34,,,0,35,,185194,34,,,0,75,,185209,34,,,0,35,,185195,34,,,0,75,,185211,34,,,0,75,,185196,34,,,0,33,,185212,34,,,0,75,,185197,34,,,0,35,,185213,34,,,0,75,,185198,34,,,0,35,,185214,34,,,0,75,,185199,34,,,0
7801,'Weekday',517,,185228,34,,,0,32,,185215,34,,,0,74,,185229,34,,,0,21,,185246,34,,,0,60,,185216,34,,,0,20,,185226,34,,,0,20,,185230,34,,,0,60,,185247,34,,,0,20,,185217,34,,,0,20,,185227,34,,,0,60,,185231,34,,,0,24,,185248,34,,,0,25,,185218,34,,,0,65,,185232,34,,,0,25,,185249,34,,,0,65,,185219,34,,,0,25,,185233,34,,,0,25,,185250,34,,,0,65,,185220,34,,,0,25,,185234,34,,,0,65,,185251,34,,,0,25,,185221,34,,,0,65,,185235,34,,,0,23,,185252,34,,,0,24,,185222,34,,,0,64,,185262,34,,,0,20,,185236,34,,,0,20,,185253,34,,,0,60,,185223,34,,,0,20,,185260,34,,,0,20,,185237,34,,,0,60,,185254,34,,,0,20,,185225,34,,,0,20,,185245,34,,,0,60,,185238,34,,,0,19,,185255,34,,,0,20,,185224,34,,,0,69,,185240,34,,,0,35,,185256,34,,,0,75,,185241,34,,,0,75,,185257,34,,,0,35,,185239,34,,,0,75,,185258,34,,,0,35,,185242,34,,,0,75,,185259,34,,,0,75,,185243,34,,,0,37,,185261,34,,,0,76,,185244,34,,,0
7801,'pB3Sep30-Saturday',658,,185263,34,,,0,75,,185266,34,,,0,76,,185267,34,,,0,37,,185268,34,,,0,75,,185265,34,,,0,35,,185270,34,,,0,75,,185271,34,,,0,75,,185272,34,,,0,35,,185269,34,,,0,75,,185273,34,,,0,35,,185274,34,,,0,75,,185276,34,,,0,75,,185277,34,,,0,35,,185279,34,,,0,75,,185275,34,,,0,35,,185280,34,,,0,75,,185281,34,,,0,35,,185278,34,,,0,75,,185282,34,,,0,75,,185283,34,,,0,35,,185286,34,,,0,75,,185287,34,,,0,35,,185288,34,,,0,75,,185284,34,,,0,75,,185285,34,,,0,33,,185289,34,,,0,75,,185290,34,,,0,35,,185291,34,,,0,75,,185292,34,,,0,35,,185293,34,,,0,75,,185264,34,,,0
10201,'Saturday',703,,189639,20,,,0,30,,189641,20,,,0,70,,189642,20,,,0,30,,189643,20,,,0,70,,189640,20,,,0,30,,189644,20,,,0,70,,189645,20,,,0,30,,189646,20,,,0,70,,189648,20,,,0,30,,189649,20,,,0,70,,189652,20,,,0,30,,189647,20,,,0,70,,189653,20,,,0,30,,189654,20,,,0,70,,189650,20,,,0,30,,189651,20,,,0,70,,189656,20,,,0,30,,189657,20,,,0,70,,189658,20,,,0,30,,189655,20,,,0,70,,189659,20,,,0,30,,189660,20,,,0,70,,189661,20,,,0,30,,189662,20,,,0,70,,189663,20,,,0,30,,189664,20,,,0,70,,189665,20,,,0,30,,189666,20,,,0,70,,189667,20,,,0,30,,189669,20,,,0,70,,189670,20,,,0,30,,189671,20,,,0,70,,189668,20,,,0,30,,189672,20,,,0,70,,189673,20,,,0
10201,'Sunday',703,,189676,20,,,0,30,,189689,20,,,0,70,,189678,20,,,0,30,,189691,20,,,0,70,,189677,20,,,0,30,,189690,20,,,0,70,,189679,20,,,0,30,,189692,20,,,0,70,,189680,20,,,0,30,,189693,20,,,0,70,,189681,20,,,0,30,,189694,20,,,0,70,,189682,20,,,0,30,,189695,20,,,0,70,,189683,20,,,0,30,,189697,20,,,0,70,,189684,20,,,0,30,,189696,20,,,0,70,,189685,20,,,0,30,,189698,20,,,0,70,,189686,20,,,0,30,,189700,20,,,0,70,,189687,20,,,0,30,,189699,20,,,0,70,,189688,20,,,0,30,,189701,20,,,0,70,,189702,20,,,0,30,,189703,20,,,0,70,,189704,20,,,0,30,,189705,20,,,0,70,,189706,20,,,0,30,,189707,20,,,0,70,,189708,20,,,0,30,,189709,20,,,0
10201,'Weekday',503,,189714,20,,,0,30,,189715,20,,,0,25,,189716,20,,,0,62,,189717,20,,,0,20,,189718,20,,,0,60,,189719,20,,,0,20,,189720,20,,,0,20,,189721,20,,,0,60,,189722,20,,,0,20,,189723,20,,,0,20,,189724,20,,,0,65,,189725,20,,,0,29,,189727,20,,,0,70,,189728,20,,,0,30,,189729,20,,,0,70,,189726,20,,,0,30,,189730,20,,,0,70,,189731,20,,,0,30,,189732,20,,,0,70,,189733,20,,,0,30,,189736,20,,,0,70,,189737,20,,,0,31,,189734,20,,,0,22,,189739,20,,,0,60,,189740,20,,,0,20,,189735,20,,,0,20,,189738,20,,,0,60,,189741,20,,,0,20,,189742,20,,,0,20,,189743,20,,,0,60,,189745,20,,,0,20,,189747,20,,,0,20,,189744,20,,,0,60,,189748,20,,,0,20,,189746,20,,,0,20,,189749,20,,,0,61,,189750,20,,,0,24,,189751,20,,,0,70,,189752,20,,,0,30,,189753,20,,,0,70,,189754,20,,,0,30,,189755,20,,,0,70,,189756,20,,,0,30,,189757,20,,,0,70,,189758,20,,,0,30,,189712,20,,,0,70,,189713,20,,,0,30,,189711,20,,,0
10201,'pB3Sep30-Saturday',703,,189760,20,,,0,30,,189762,20,,,0,70,,189763,20,,,0,30,,189764,20,,,0,70,,189761,20,,,0,30,,189765,20,,,0,70,,189766,20,,,0,30,,189767,20,,,0,70,,189769,20,,,0,30,,189770,20,,,0,70,,189773,20,,,0,30,,189768,20,,,0,70,,189774,20,,,0,30,,189775,20,,,0,70,,189771,20,,,0,30,,189772,20,,,0,70,,189777,20,,,0,30,,189778,20,,,0,70,,189779,20,,,0,30,,189776,20,,,0,70,,189780,20,,,0,30,,189781,20,,,0,70,,189782,20,,,0,30,,189783,20,,,0,70,,189784,20,,,0,30,,189785,20,,,0,70,,189786,20,,,0,30,,189787,20,,,0,70,,189788,20,,,0,30,,189790,20,,,0,70,,189791,20,,,0,30,,189793,20,,,0,70,,189789,20,,,0,30,,189794,20,,,0,70,,189792,20,,,0
86501,'Weekday0000100',1442,,201309,7,0,17 18 19 1 51,0
86501,'Weekday1111000',1558,,201311,7,0,17 18 19 1 51,0
