701,'Saturday',617,,171186,2,,,0,34,,171203,2,,,0,75,,171185,2,,,0,75,,171204,2,,,0,36,,171205,2,,,0,76,,171187,2,,,0,36,,171194,2,,,0,76,,171188,2,,,0,76,,171195,2,,,0,36,,171206,2,,,0,76,,171196,2,,,0,36,,171207,2,,,0,76,,171197,2,,,0,76,,171208,2,,,0,36,,171190,2,,,0,76,,171210,2,,,0,36,,171191,2,,,0,76,,171211,2,,,0,76,,171192,2,,,0,36,,171198,2,,,0,76,,171189,2,,,0,36,,171200,2,,,0,76,,171193,2,,,0,76,,171201,2,,,0,36,,171209,2,,,0,76,,171202,2,,,0,36,,171212,2,,,0,76,,171214,2,,,0,76,,171199,2,,,0,45,,171213,2,,,0
701,'Sunday',620,,171215,2,,,0,30,,171236,2,,,0,75,,171216,2,,,0,76,,171233,2,,,0,36,,171235,2,,,0,76,,171217,2,,,0,36,,171227,2,,,0,76,,171234,2,,,0,76,,171226,2,,,0,36,,171237,2,,,0,76,,171228,2,,,0,36,,171239,2,,,0,76,,171218,2,,,0,76,,171238,2,,,0,36,,171219,2,,,0,76,,171240,2,,,0,36,,171220,2,,,0,76,,171229,2,,,0,76,,171222,2,,,0,36,,171230,2,,,0,76,,171221,2,,,0,36,,171231,2,,,0,76,,171223,2,,,0,76,,171232,2,,,0,36,,171241,2,,,0,76,,171242,2,,,0,36,,171224,2,,,0,76,,171243,2,,,0,76,,171225,2,,,0,45,,171244,2,,,0
701,'Weekday',607,,171246,2,,,0,22,,171276,2,,,0,22,,171279,2,,,0,63,,171259,2,,,0,22,,171247,2,,,0,22,,171277,2,,,0,62,,171281,2,,,0,22,,171260,2,,,0,62,,171245,2,,,0,21,,171278,2,,,0,20,,171280,2,,,0,62,,171261,2,,,0,22,,171248,2,,,0,25,,171282,2,,,0,65,,171262,2,,,0,25,,171249,2,,,0,65,,171283,2,,,0,25,,171263,2,,,0,25,,171250,2,,,0,65,,171285,2,,,0,25,,171264,2,,,0,65,,171251,2,,,0,25,,171284,2,,,0,65,,171265,2,,,0,20,,171268,2,,,0,20,,171252,2,,,0,62,,171286,2,,,0,22,,171266,2,,,0,22,,171269,2,,,0,62,,171253,2,,,0,22,,171287,2,,,0,22,,171267,2,,,0,60,,171270,2,,,0,20,,171254,2,,,0,22,,171288,2,,,0,65,,171271,2,,,0,25,,171255,2,,,0,65,,171289,2,,,0,25,,171272,2,,,0,65,,171256,2,,,0,25,,171290,2,,,0,25,,171274,2,,,0,65,,171257,2,,,0,25,,171291,2,,,0,65,,171273,2,,,0,25,,171258,2,,,0,13,,171292,2,,,0,75,,171275,2,,,0
701,'pB3Sep30-Saturday',617,,171295,2,,,0,34,,171312,2,,,0,75,,171294,2,,,0,75,,171313,2,,,0,36,,171314,2,,,0,76,,171296,2,,,0,36,,171303,2,,,0,76,,171297,2,,,0,76,,171304,2,,,0,36,,171315,2,,,0,76,,171305,2,,,0,36,,171316,2,,,0,76,,171306,2,,,0,76,,171317,2,,,0,36,,171298,2,,,0,76,,171319,2,,,0,36,,171300,2,,,0,76,,171320,2,,,0,76,,171301,2,,,0,36,,171307,2,,,0,76,,171299,2,,,0,36,,171309,2,,,0,76,,171302,2,,,0,76,,171310,2,,,0,36,,171318,2,,,0,76,,171311,2,,,0,36,,171321,2,,,0,76,,171323,2,,,0,76,,171308,2,,,0,45,,171322,2,,,0
1300,'Saturday',624,,172526,5,,,0,131,,172528,53,,,0,74,,172536,53,,,0,75,,172546,53,,,0,35,,172527,53,,,0,74,,172537,53,,,0,34,,172547,53,,,0,74,,172530,53,,,0,34,,172538,53,,,0,74,,172529,53,,,0,74,,172541,53,,,0,34,,172548,53,,,0,74,,172531,53,,,0,34,,172540,53,,,0,76,,172549,53,,,0,36,,172532,53,,,0,74,,172539,53,,,0,74,,172550,53,,,0,34,,172533,53,,,0,71,,172542,53,,,0,32,,172552,53,,,0,73,,172534,53,,,0,34,,172543,53,,,0,74,,172551,53,,,0,34,,172544,53,,,0,74,,172553,53,,,0,74,,172535,53,,,0,34,,172545,53,,,0,74,,172554,53,,,0,34,,172555,53,,,0
1300,'Sunday',624,,172556,5,,,0,132,,172557,53,,,0,74,,172568,53,,,0,74,,172578,53,,,0,36,,172558,53,,,0,74,,172569,53,,,0,34,,172579,53,,,0,74,,172559,53,,,0,34,,172570,53,,,0,74,,172581,53,,,0,74,,172561,53,,,0,34,,172571,53,,,0,74,,172580,53,,,0,34,,172560,53,,,0,74,,172572,53,,,0,35,,172582,53,,,0,74,,172562,53,,,0,74,,172573,53,,,0,34,,172583,53,,,0,73,,172563,53,,,0,32,,172574,53,,,0,73,,172584,53,,,0,34,,172565,53,,,0,74,,172575,53,,,0,34,,172585,53,,,0,74,,172566,53,,,0,74,,172576,53,,,0,34,,172586,53,,,0,74,,172564,53,,,0,34,,172577,53,,,0,74,,172587,53,,,0,34,,172567,53,,,0
1300,'Weekday',629,,172589,53,,,0,79,,172597,53,,,0,29,,172615,53,,,0,69,,172606,53,,,0,29,,172591,53,,,0,69,,172598,53,,,0,30,,172616,53,,,0,70,,172607,53,,,0,30,,172588,53,,,0,71,,172599,53,,,0,30,,172618,53,,,0,70,,172608,53,,,0,30,,172590,53,,,0,70,,172600,53,,,0,30,,172617,53,,,0,70,,172609,53,,,0,30,,172592,53,,,0,71,,172601,53,,,0,31,,172619,53,,,0,71,,172610,53,,,0,30,,172593,53,,,0,70,,172602,53,,,0,30,,172620,53,,,0,68,,172611,53,,,0,23,,172594,53,,,0,24,,172603,53,,,0,70,,172622,53,,,0,30,,172612,53,,,0,70,,172595,53,,,0,30,,172604,53,,,0,70,,172621,53,,,0,30,,172613,53,,,0,70,,172596,53,,,0,30,,172605,53,,,0,70,,172623,53,,,0,24,,172614,53,,,0
1300,'pB3Sep30-Saturday',624,,172624,5,,,0,131,,172626,53,,,0,74,,172634,53,,,0,75,,172644,53,,,0,35,,172625,53,,,0,74,,172635,53,,,0,34,,172645,53,,,0,74,,172628,53,,,0,34,,172636,53,,,0,74,,172627,53,,,0,74,,172639,53,,,0,34,,172646,53,,,0,74,,172629,53,,,0,34,,172638,53,,,0,76,,172647,53,,,0,36,,172630,53,,,0,74,,172637,53,,,0,74,,172648,53,,,0,34,,172631,53,,,0,71,,172640,53,,,0,32,,172650,53,,,0,73,,172632,53,,,0,34,,172641,53,,,0,74,,172649,53,,,0,34,,172642,53,,,0,74,,172651,53,,,0,74,,172633,53,,,0,34,,172643,53,,,0,74,,172652,53,,,0,34,,172653,53,,,0
9001,'Saturday',618,,186911,14,,,0,32,,186921,14,,,0,72,,186931,14,,,0,32,,186912,14,,,0,72,,186922,14,,,0,32,,186932,14,,,0,72,,186914,14,,,0,72,,186924,14,,,0,32,,186933,14,,,0,72,,186915,14,,,0,32,,186923,14,,,0,74,,186934,14,,,0,32,,186916,14,,,0,72,,186925,14,,,0,32,,186935,14,,,0,72,,186913,14,,,0,32,,186926,14,,,0,72,,186936,14,,,0,32,,186917,14,,,0,72,,186927,14,,,0,72,,186937,14,,,0,32,,186918,14,,,0,71,,186930,14,,,0,31,,186938,14,,,0,72,,186920,14,,,0,32,,186929,14,,,0,72,,186939,14,,,0,32,,186919,14,,,0,72,,186928,14,,,0
9001,'Sunday',612,,186940,14,,,0,32,,186950,14,,,0,78,,186961,14,,,0,32,,186941,14,,,0,72,,186951,14,,,0,32,,186960,14,,,0,72,,186943,14,,,0,72,,186953,14,,,0,32,,186963,14,,,0,72,,186942,14,,,0,32,,186952,14,,,0,74,,186962,14,,,0,32,,186944,14,,,0,72,,186954,14,,,0,32,,186964,14,,,0,72,,186945,14,,,0,32,,186955,14,,,0,72,,186966,14,,,0,32,,186946,14,,,0,72,,186956,14,,,0,72,,186965,14,,,0,32,,186947,14,,,0,71,,186957,14,,,0,31,,186967,14,,,0,72,,186948,14,,,0,32,,186958,14,,,0,72,,186968,14,,,0,32,,186949,14,,,0,72,,186959,14,,,0
9001,'Weekday',614,,186969,14,,,0,35,,186979,14,,,0,70,,186988,14,,,0,30,,186997,14,,,0,70,,186970,14,,,0,30,,186978,14,,,0,70,,186989,14,,,0,30,,186998,14,,,0,70,,186972,14,,,0,30,,186980,14,,,0,70,,186990,14,,,0,30,,186999,14,,,0,70,,186971,14,,,0,30,,186981,14,,,0,70,,186991,14,,,0,30,,187000,14,,,0,70,,186974,14,,,0,30,,186982,14,,,0,69,,186992,14,,,0,30,,187001,14,,,0,70,,186973,14,,,0,30,,186983,14,,,0,70,,186993,14,,,0,30,,187002,14,,,0,70,,186975,14,,,0,25,,186984,14,,,0,70,,186994,14,,,0,30,,187003,14,,,0,15,,186976,14,,,0,70,,186985,14,,,0,30,,186995,14,,,0,70,,187004,14,,,0,10,,186977,14,,,0,70,,186986,14,,,0,30,,186996,14,,,0,70,,187005,14,,,0,35,,186987,14,,,0
9001,'pB3Sep30-Saturday',618,,187006,14,,,0,32,,187016,14,,,0,72,,187026,14,,,0,32,,187007,14,,,0,72,,187017,14,,,0,32,,187027,14,,,0,72,,187010,14,,,0,72,,187019,14,,,0,32,,187028,14,,,0,72,,187008,14,,,0,32,,187018,14,,,0,74,,187029,14,,,0,32,,187011,14,,,0,72,,187020,14,,,0,32,,187030,14,,,0,72,,187009,14,,,0,32,,187021,14,,,0,72,,187031,14,,,0,32,,187012,14,,,0,72,,187022,14,,,0,72,,187032,14,,,0,32,,187013,14,,,0,71,,187025,14,,,0,31,,187033,14,,,0,72,,187015,14,,,0,32,,187024,14,,,0,72,,187034,14,,,0,32,,187014,14,,,0,72,,187023,14,,,0
