1000,'Saturday',852,,172038,2,,,0,70,,172048,2,,,0,30,,172026,2,,,0,70,,172039,2,,,0,30,,172049,2,,,0,70,,172028,2,,,0,30,,172040,2,,,0,70,,172050,2,,,0,30,,172027,2,,,0,70,,172041,2,,,0,30,,172052,2,,,0,70,,172029,2,,,0,30,,172042,2,,,0,70,,172051,2,,,0,30,,172030,2,,,0,70,,172043,2,,,0,30,,172053,2,,,0,70,,172031,2,,,0,30,,172044,2,,,0,70,,172054,2,,,0,30,,172033,2,,,0,70,,172045,2,,,0,30,,172055,2,,,0,70,,172032,2,,,0,30,,172046,2,,,0,70,,172037,2,,,0,30,,172035,2,,,0,70,,172047,2,,,0,30,,172034,2,,,0,70,,172036,2,,,0
1000,'Sunday',852,,172060,2,,,0,70,,172067,2,,,0,30,,172074,2,,,0,70,,172059,2,,,0,30,,172069,2,,,0,70,,172075,2,,,0,30,,172061,2,,,0,70,,172068,2,,,0,30,,172076,2,,,0,70,,172062,2,,,0,30,,172071,2,,,0,70,,172078,2,,,0,30,,172063,2,,,0,70,,172073,2,,,0,30,,172077,2,,,0,70,,172065,2,,,0,30,,172070,2,,,0,70,,172079,2,,,0,30,,172064,2,,,0,70,,172072,2,,,0,30,,172081,2,,,0,70,,172066,2,,,0,30,,172057,2,,,0,70,,172080,2,,,0,30,,172058,2,,,0,70,,172056,2,,,0,30,,172082,2,,,0
1000,'Weekday',542,,172083,2,,,0,72,,172095,2,,,0,32,,172105,2,,,0,72,,172085,2,,,0,32,,172096,2,,,0,72,,172108,2,,,0,32,,172084,2,,,0,72,,172097,2,,,0,32,,172109,2,,,0,72,,172086,2,,,0,72,,172098,2,,,0,32,,172110,2,,,0,72,,172087,2,,,0,32,,172099,2,,,0,72,,172111,2,,,0,32,,172088,2,,,0,72,,172101,2,,,0,29,,172112,2,,,0,72,,172089,2,,,0,35,,172100,2,,,0,72,,172113,2,,,0,32,,172090,2,,,0,72,,172103,2,,,0,32,,172114,2,,,0,72,,172091,2,,,0,72,,172102,2,,,0,32,,172115,2,,,0,72,,172092,2,,,0,32,,172104,2,,,0,72,,172116,2,,,0,32,,172093,2,,,0,72,,172106,2,,,0,32,,172117,2,,,0,72,,172094,2,,,0,29,,172107,2,,,0
1000,'pB3Sep30-Saturday',852,,172130,2,,,0,70,,172140,2,,,0,30,,172118,2,,,0,70,,172131,2,,,0,30,,172141,2,,,0,70,,172120,2,,,0,30,,172132,2,,,0,70,,172142,2,,,0,30,,172119,2,,,0,70,,172133,2,,,0,30,,172144,2,,,0,70,,172121,2,,,0,30,,172134,2,,,0,70,,172143,2,,,0,30,,172122,2,,,0,70,,172135,2,,,0,30,,172145,2,,,0,70,,172123,2,,,0,30,,172136,2,,,0,70,,172146,2,,,0,30,,172125,2,,,0,70,,172137,2,,,0,30,,172147,2,,,0,70,,172124,2,,,0,30,,172138,2,,,0,70,,172129,2,,,0,30,,172127,2,,,0,70,,172139,2,,,0,30,,172126,2,,,0,70,,172128,2,,,0
2901,'Saturday',628,,175815,2,,,0,87,,175816,2,,,0,87,,175817,2,,,0,47,,175818,2,,,0,87,,175819,2,,,0,87,,175820,2,,,0,87,,175821,2,,,0,47,,175822,2,,,0,87,,175823,2,,,0,87,,175824,2,,,0,87,,175827,2,,,0,87,,175828,2,,,0,47,,175829,2,,,0,87,,175825,2,,,0,87,,175826,2,,,0,87,,175830,2,,,0,87,,175831,2,,,0,47,,175832,2,,,0,87,,175833,2,,,0,87,,175834,2,,,0,87,,175835,2,,,0,47,,175836,2,,,0
2901,'Sunday',628,,175838,2,,,0,87,,175839,2,,,0,87,,175841,2,,,0,47,,175837,2,,,0,87,,175843,2,,,0,87,,175844,2,,,0,87,,175842,2,,,0,47,,175845,2,,,0,87,,175840,2,,,0,87,,175847,2,,,0,87,,175849,2,,,0,87,,175850,2,,,0,47,,175848,2,,,0,87,,175852,2,,,0,87,,175846,2,,,0,87,,175851,2,,,0,87,,175853,2,,,0,47,,175854,2,,,0,87,,175855,2,,,0,87,,175856,2,,,0,87,,175857,2,,,0,47,,175858,2,,,0
2901,'Weekday',516,,175882,2,,,0,35,,175881,2,,,0,76,,175884,2,,,0,75,,175883,2,,,0,35,,175886,2,,,0,75,,175887,2,,,0,35,,175885,2,,,0,75,,175863,2,,,0,35,,175861,2,,,0,75,,175877,2,,,0,75,,175878,2,,,0,35,,175879,2,,,0,75,,175876,2,,,0,35,,175880,2,,,0,75,,175866,2,,,0,75,,175871,2,,,0,35,,175865,2,,,0,75,,175869,2,,,0,35,,175859,2,,,0,75,,175888,2,,,0,35,,175889,2,,,0,75,,175890,2,,,0,76,,175891,2,,,0,34,,175862,2,,,0,74,,175873,2,,,0,35,,175874,2,,,0,75,,175875,2,,,0,75,,175868,2,,,0,35,,175864,2,,,0,75,,175867,2,,,0,35,,175872,2,,,0,75,,175870,2,,,0
2901,'pB3Sep30-Saturday',628,,175892,2,,,0,87,,175893,2,,,0,87,,175894,2,,,0,47,,175895,2,,,0,87,,175896,2,,,0,87,,175897,2,,,0,87,,175898,2,,,0,47,,175899,2,,,0,87,,175900,2,,,0,87,,175901,2,,,0,87,,175904,2,,,0,87,,175905,2,,,0,47,,175906,2,,,0,87,,175902,2,,,0,87,,175903,2,,,0,87,,175907,2,,,0,87,,175908,2,,,0,47,,175909,2,,,0,87,,175910,2,,,0,87,,175911,2,,,0,87,,175912,2,,,0,47,,175913,2,,,0
3500,'Saturday',626,,176582,2,,,0,100,,176596,2,,,0,100,,176595,2,,,0,100,,176593,2,,,0,100,,176594,2,,,0,100,,176592,2,,,0,100,,176591,2,,,0,100,,176590,2,,,0,100,,176589,2,,,0,100,,176588,2,,,0,100,,176587,2,,,0,100,,176586,2,,,0,100,,176585,2,,,0,100,,176584,2,,,0,100,,176583,2,,,0
3500,'Sunday',726,,176609,2,,,0,100,,176608,2,,,0,100,,176607,2,,,0,100,,176606,2,,,0,100,,176605,2,,,0,100,,176604,2,,,0,100,,176603,2,,,0,100,,176602,2,,,0,100,,176601,2,,,0,100,,176600,2,,,0,100,,176599,2,,,0,100,,176597,2,,,0,100,,176598,2,,,0
3500,'Weekday',551,,176610,2,,,0,70,,176630,2,,,0,30,,176611,2,,,0,70,,176631,2,,,0,27,,176612,2,,,0,70,,176629,2,,,0,33,,176613,2,,,0,101,,176614,2,,,0,100,,176615,2,,,0,100,,176616,2,,,0,100,,176617,2,,,0,100,,176618,2,,,0,100,,176619,2,,,0,70,,176632,2,,,0,30,,176620,2,,,0,70,,176633,2,,,0,30,,176621,2,,,0,70,,176634,2,,,0,30,,176623,2,,,0,100,,176624,2,,,0,99,,176625,2,,,0,100,,176626,2,,,0,100,,176627,2,,,0,100,,176628,2,,,0,100,,176622,2,,,0
3500,'pB3Sep30-Saturday',626,,176635,2,,,0,100,,176649,2,,,0,100,,176648,2,,,0,100,,176646,2,,,0,100,,176647,2,,,0,100,,176645,2,,,0,100,,176644,2,,,0,100,,176643,2,,,0,100,,176642,2,,,0,100,,176641,2,,,0,100,,176640,2,,,0,100,,176639,2,,,0,100,,176638,2,,,0,100,,176637,2,,,0,100,,176636,2,,,0
