8700,'Saturday',622,,186458,15,0,106 107 108,0,30,,186446,15,0,106 107 108,0,70,,186438,15,0,106 107 108,0,30,,186459,15,0,106 107 108,0,72,,186447,15,0,106 107 108,0,30,,186439,15,0,106 107 108,0,70,,186460,15,0,106 107 108,0,30,,186448,15,0,106 107 108,0,70,,186440,15,0,106 107 108,0,30,,186461,15,0,106 107 108,0,70,,186449,15,0,106 107 108,0,30,,186441,15,0,106 107 108,0,69,,186462,15,0,106 107 108,0,30,,186450,15,0,106 107 108,0,70,,186442,15,0,106 107 108,0,30,,186463,15,0,106 107 108,0,70,,186451,15,0,106 107 108,0,30,,186444,15,0,106 107 108,0,70,,186464,15,0,106 107 108,0,30,,186452,15,0,106 107 108,0,70,,186443,15,0,106 107 108,0,30,,186465,15,0,106 107 108,0,70,,186453,15,0,106 107 108,0,30,,186445,15,0,106 107 108,0,70,,186454,15,0,106 107 108,0,30,,186466,15,0,106 107 108,0,70,,186473,15,0,106 107 108,0,30,,186455,15,0,106 107 108,0,70,,186467,15,0,106 107 108,0,30,,186471,15,0,106 107 108,0,70,,186456,15,0,106 107 108,0,30,,186468,15,0,106 107 108,0,70,,186472,15,0,106 107 108,0,30,,186457,15,0,106 107 108,0,70,,186469,15,0,106 107 108,0,30,,186470,15,0,106 107 108,0
8700,'Sunday',622,,186498,15,0,106 107 108,0,30,,186486,15,0,106 107 108,0,70,,186474,15,0,106 107 108,0,30,,186499,15,0,106 107 108,0,72,,186487,15,0,106 107 108,0,30,,186475,15,0,106 107 108,0,70,,186500,15,0,106 107 108,0,30,,186488,15,0,106 107 108,0,70,,186476,15,0,106 107 108,0,30,,186501,15,0,106 107 108,0,70,,186489,15,0,106 107 108,0,30,,186477,15,0,106 107 108,0,69,,186502,15,0,106 107 108,0,30,,186490,15,0,106 107 108,0,70,,186478,15,0,106 107 108,0,30,,186503,15,0,106 107 108,0,70,,186491,15,0,106 107 108,0,30,,186479,15,0,106 107 108,0,70,,186504,15,0,106 107 108,0,30,,186492,15,0,106 107 108,0,70,,186480,15,0,106 107 108,0,30,,186505,15,0,106 107 108,0,70,,186493,15,0,106 107 108,0,30,,186481,15,0,106 107 108,0,70,,186506,15,0,106 107 108,0,30,,186494,15,0,106 107 108,0,70,,186482,15,0,106 107 108,0,30,,186507,15,0,106 107 108,0,70,,186495,15,0,106 107 108,0,30,,186483,15,0,106 107 108,0,70,,186508,15,0,106 107 108,0,30,,186496,15,0,106 107 108,0,70,,186484,15,0,106 107 108,0,30,,186509,15,0,106 107 108,0,70,,186497,15,0,106 107 108,0,30,,186485,15,0,106 107 108,0
8700,'Weekday',521,,186510,15,0,106 107 108,0,30,,186533,15,0,106 107 108,0,70,,186511,15,0,106 107 108,0,30,,186534,15,0,106 107 108,0,70,,186536,15,0,106 107 108,0,31,,186512,15,0,106 107 108,0,71,,186535,15,0,106 107 108,0,30,,186537,15,0,106 107 108,0,70,,186513,15,0,106 107 108,0,30,,186523,15,0,106 107 108,0,70,,186538,15,0,106 107 108,0,30,,186514,15,0,106 107 108,0,70,,186524,15,0,106 107 108,0,30,,186539,15,0,106 107 108,0,70,,186515,15,0,106 107 108,0,30,,186525,15,0,106 107 108,0,70,,186540,15,0,106 107 108,0,30,,186516,15,0,106 107 108,0,70,,186526,15,0,106 107 108,0,32,,186541,15,0,106 107 108,0,71,,186517,15,0,106 107 108,0,31,,186527,15,0,106 107 108,0,71,,186542,15,0,106 107 108,0,72,,186518,15,0,106 107 108,0,30,,186528,15,0,106 107 108,0,71,,186543,15,0,106 107 108,0,32,,186519,15,0,106 107 108,0,71,,186529,15,0,106 107 108,0,29,,186544,15,0,106 107 108,0,71,,186520,15,0,106 107 108,0,30,,186530,15,0,106 107 108,0,69,,186545,15,0,106 107 108,0,28,,186521,15,0,106 107 108,0,28,,186531,15,0,106 107 108,0,68,,186546,15,0,106 107 108,0,29,,186522,15,0,106 107 108,0,68,,186532,15,0,106 107 108,0,29,,186547,15,0,106 107 108,0
8700,'Weekday0000100',1433,,186548,15,0,106 107 108,0
8700,'Weekday1111000',1547,,186549,15,0,106 107 108,0
8700,'pB3Sep30-Saturday',622,,186570,15,0,106 107 108,0,30,,186558,15,0,106 107 108,0,70,,186550,15,0,106 107 108,0,30,,186571,15,0,106 107 108,0,72,,186559,15,0,106 107 108,0,30,,186551,15,0,106 107 108,0,70,,186572,15,0,106 107 108,0,30,,186560,15,0,106 107 108,0,70,,186552,15,0,106 107 108,0,30,,186573,15,0,106 107 108,0,70,,186561,15,0,106 107 108,0,30,,186553,15,0,106 107 108,0,69,,186574,15,0,106 107 108,0,30,,186562,15,0,106 107 108,0,70,,186554,15,0,106 107 108,0,30,,186575,15,0,106 107 108,0,70,,186563,15,0,106 107 108,0,30,,186556,15,0,106 107 108,0,70,,186576,15,0,106 107 108,0,30,,186564,15,0,106 107 108,0,70,,186555,15,0,106 107 108,0,30,,186577,15,0,106 107 108,0,70,,186565,15,0,106 107 108,0,30,,186557,15,0,106 107 108,0,70,,186566,15,0,106 107 108,0,30,,186578,15,0,106 107 108,0,70,,186585,15,0,106 107 108,0,30,,186567,15,0,106 107 108,0,70,,186579,15,0,106 107 108,0,30,,186583,15,0,106 107 108,0,70,,186568,15,0,106 107 108,0,30,,186580,15,0,106 107 108,0,70,,186584,15,0,106 107 108,0,30,,186569,15,0,106 107 108,0,70,,186581,15,0,106 107 108,0,30,,186582,15,0,106 107 108,0
15500,'Saturday',611,,195050,11,,,0,36,,195036,11,,,0,76,,195051,11,,,0,36,,195037,11,,,0,76,,195052,11,,,0,76,,195040,11,,,0,36,,195053,11,,,0,76,,195038,11,,,0,36,,195054,11,,,0,76,,195039,11,,,0,76,,195055,11,,,0,36,,195041,11,,,0,76,,195056,11,,,0,36,,195043,11,,,0,76,,195057,11,,,0,76,,195046,11,,,0,36,,195058,11,,,0,76,,195042,11,,,0,36,,195059,11,,,0,76,,195044,11,,,0,76,,195060,11,,,0,36,,195047,11,,,0,76,,195061,11,,,0,36,,195045,11,,,0,76,,195063,11,,,0,76,,195048,11,,,0,36,,195062,11,,,0,76,,195049,11,,,0,36,,195064,11,,,0
15500,'Sunday',611,,195093,11,,,0,36,,195092,11,,,0,76,,195091,11,,,0,36,,195090,11,,,0,76,,195089,11,,,0,76,,195088,11,,,0,36,,195087,11,,,0,76,,195084,11,,,0,36,,195085,11,,,0,76,,195083,11,,,0,76,,195086,11,,,0,36,,195080,11,,,0,76,,195079,11,,,0,36,,195082,11,,,0,76,,195081,11,,,0,76,,195076,11,,,0,36,,195077,11,,,0,76,,195075,11,,,0,36,,195078,11,,,0,76,,195074,11,,,0,76,,195073,11,,,0,36,,195071,11,,,0,76,,195072,11,,,0,36,,195070,11,,,0,76,,195069,11,,,0,76,,195068,11,,,0,36,,195067,11,,,0,76,,195066,11,,,0,36,,195065,11,,,0
15500,'Weekday',453,,195130,11,,,0,64,,195095,11,,,0,23,,195098,11,,,0,64,,195127,11,,,0,24,,195094,11,,,0,24,,195099,11,,,0,64,,195128,11,,,0,24,,195096,11,,,0,64,,195100,11,,,0,24,,195129,11,,,0,23,,195097,11,,,0,66,,195101,11,,,0,36,,195134,11,,,0,76,,195102,11,,,0,76,,195114,11,,,0,36,,195103,11,,,0,76,,195115,11,,,0,36,,195104,11,,,0,76,,195117,11,,,0,76,,195105,11,,,0,36,,195116,11,,,0,67,,195106,11,,,0,26,,195124,11,,,0,24,,195133,11,,,0,65,,195108,11,,,0,25,,195125,11,,,0,65,,195132,11,,,0,25,,195107,11,,,0,65,,195126,11,,,0,24,,195131,11,,,0,22,,195135,11,,,0,74,,195118,11,,,0,34,,195109,11,,,0,73,,195120,11,,,0,74,,195110,11,,,0,34,,195119,11,,,0,73,,195111,11,,,0,33,,195121,11,,,0,73,,195112,11,,,0,33,,195122,11,,,0,73,,195113,11,,,0,33,,195123,11,,,0
15500,'pB3Sep30-Saturday',611,,195150,11,,,0,36,,195136,11,,,0,76,,195151,11,,,0,36,,195137,11,,,0,76,,195152,11,,,0,76,,195140,11,,,0,36,,195153,11,,,0,76,,195138,11,,,0,36,,195154,11,,,0,76,,195139,11,,,0,76,,195155,11,,,0,36,,195141,11,,,0,76,,195156,11,,,0,36,,195143,11,,,0,76,,195157,11,,,0,76,,195146,11,,,0,36,,195158,11,,,0,76,,195142,11,,,0,36,,195159,11,,,0,76,,195144,11,,,0,76,,195160,11,,,0,36,,195147,11,,,0,76,,195161,11,,,0,36,,195145,11,,,0,76,,195163,11,,,0,76,,195148,11,,,0,36,,195162,11,,,0,76,,195149,11,,,0,36,,195164,11,,,0
44000,'Weekday',557,,200322,11,,,0,92,,200323,11,,,0,94,,200324,11,,,0,94,,200325,11,,,0,94,,200326,11,,,0,485,,200327,11,,,0,101,,200328,11,,,0,100,,200329,11,,,0,100,,200330,11,,,0,99,,200332,11,,,0,99,,200331,11,,,0
