13801,'Saturday',602,,193509,10,,,0,34,,193484,10,,,0,80,,193483,10,,,0,40,,193485,10,,,0,80,,193488,10,,,0,80,,193489,10,,,0,40,,193490,10,,,0,80,,193487,10,,,0,80,,193491,10,,,0,40,,193486,10,,,0,80,,193493,10,,,0,80,,193494,10,,,0,40,,193495,10,,,0,80,,193492,10,,,0,80,,193496,10,,,0,40,,193497,10,,,0,80,,193498,10,,,0,80,,193499,10,,,0,40,,193500,10,,,0,80,,193501,10,,,0,80,,193502,10,,,0,40,,193503,10,,,0,80,,193504,10,,,0,80,,193506,10,,,0,40,,193505,10,,,0,80,,193508,10,,,0,80,,193507,10,,,0,40,,193510,10,,,0
13801,'Sunday',602,,193511,10,,,0,34,,193520,10,,,0,80,,193530,10,,,0,40,,193512,10,,,0,80,,193521,10,,,0,80,,193531,10,,,0,40,,193513,10,,,0,80,,193522,10,,,0,80,,193532,10,,,0,40,,193514,10,,,0,80,,193523,10,,,0,80,,193533,10,,,0,40,,193515,10,,,0,80,,193524,10,,,0,80,,193534,10,,,0,40,,193516,10,,,0,80,,193525,10,,,0,80,,193535,10,,,0,40,,193517,10,,,0,80,,193526,10,,,0,80,,193536,10,,,0,40,,193518,10,,,0,80,,193527,10,,,0,80,,193537,10,,,0,40,,193519,10,,,0,80,,193528,10,,,0,80,,193529,10,,,0
13801,'Weekday',452,,193554,10,,,0,70,,193562,10,,,0,30,,193538,10,,,0,69,,193544,10,,,0,30,,193555,10,,,0,70,,193563,10,,,0,16,,193576,10,,,0,15,,193539,10,,,0,70,,193545,10,,,0,30,,193556,10,,,0,70,,193564,10,,,0,32,,193540,10,,,0,70,,193546,10,,,0,30,,193557,10,,,0,70,,193565,10,,,0,30,,193541,10,,,0,70,,193547,10,,,0,30,,193558,10,,,0,70,,193566,10,,,0,30,,193542,10,,,0,70,,193548,10,,,0,30,,193559,10,,,0,72,,193567,10,,,0,32,,193543,10,,,0,70,,193549,10,,,0,30,,193560,10,,,0,72,,193568,10,,,0,27,,193550,10,,,0,68,,193561,10,,,0,29,,193571,10,,,0,70,,193551,10,,,0,30,,193574,10,,,0,70,,193569,10,,,0,30,,193572,10,,,0,70,,193552,10,,,0,30,,193575,10,,,0,70,,193570,10,,,0,30,,193573,10,,,0,70,,193553,10,,,0,30,,193577,10,,,0
13801,'pB3Sep30-Saturday',602,,193604,10,,,0,34,,193579,10,,,0,80,,193578,10,,,0,40,,193580,10,,,0,80,,193583,10,,,0,80,,193584,10,,,0,40,,193585,10,,,0,80,,193582,10,,,0,80,,193586,10,,,0,40,,193581,10,,,0,80,,193588,10,,,0,80,,193589,10,,,0,40,,193590,10,,,0,80,,193587,10,,,0,80,,193591,10,,,0,40,,193592,10,,,0,80,,193593,10,,,0,80,,193594,10,,,0,40,,193596,10,,,0,80,,193597,10,,,0,80,,193598,10,,,0,40,,193595,10,,,0,80,,193599,10,,,0,80,,193601,10,,,0,40,,193600,10,,,0,80,,193603,10,,,0,80,,193602,10,,,0,40,,193605,10,,,0
77400,'Weekday',746,,201146,18,0,125 6 128 129,0
80100,'Weekday',820,,201206,31,0,127 128 129 126 31,0
80101,'Weekday',1558,,201207,30,0,127 128 129 126 31,0
81400,'Weekday',816,,201225,9,0,12 13 128 129,0
81401,'Weekday0000100',1458,,201226,16,0,12 13 128 129,0
81401,'Weekday1111000',1558,,201227,16,0,12 13 128 129,0
