2300,'Saturday',547,,174582,53,0,80 12 53,0,59,,174589,53,0,80 12 53,0,19,,174591,53,0,80 12 53,0,19,,174592,53,0,80 12 53,0,59,,174590,53,0,80 12 53,0,19,,174593,53,0,80 12 53,0,19,,174594,53,0,80 12 53,0,60,,174595,53,0,80 12 53,0,19,,174596,53,0,80 12 53,0,19,,174597,53,0,80 12 53,0,19,,174598,53,0,80 12 53,0,59,,174599,53,0,80 12 53,0,19,,174600,53,0,80 12 53,0,19,,174601,53,0,80 12 53,0,59,,174602,53,0,80 12 53,0,19,,174603,53,0,80 12 53,0,19,,174604,53,0,80 12 53,0,59,,174605,53,0,80 12 53,0,20,,174606,53,0,80 12 53,0,20,,174607,53,0,80 12 53,0,66,,174608,53,0,80 12 53,0,23,,174609,53,0,80 12 53,0,19,,174610,53,0,80 12 53,0,61,,174611,53,0,80 12 53,0,19,,174612,53,0,80 12 53,0,19,,174613,53,0,80 12 53,0,59,,174614,53,0,80 12 53,0,19,,174615,53,0,80 12 53,0,19,,174616,53,0,80 12 53,0,59,,174618,53,0,80 12 53,0,19,,174619,53,0,80 12 53,0,19,,174620,53,0,80 12 53,0,59,,174617,53,0,80 12 53,0,19,,174621,53,0,80 12 53,0,18,,174622,53,0,80 12 53,0,58,,174623,53,0,80 12 53,0,18,,174624,53,0,80 12 53,0,18,,174625,53,0,80 12 53,0,59,,174626,53,0,80 12 53,0,19,,174627,53,0,80 12 53,0,19,,174628,53,0,80 12 53,0,19,,174629,53,0,80 12 53,0,59,,174630,53,0,80 12 53,0,19,,174631,53,0,80 12 53,0,19,,174632,53,0,80 12 53,0,57,,174633,53,0,80 12 53,0,18,,174634,53,0,80 12 53,0,18,,174635,53,0,80 12 53,0,56,,174639,53,0,80 12 53,0,19,,174636,53,0,80 12 53,0,18,,174637,53,0,80 12 53,0,18,,174638,53,0,80 12 53,0,58,,174641,53,0,80 12 53,0,18,,174640,53,0,80 12 53,0,19,,174642,53,0,80 12 53,0,59,,174643,53,0,80 12 53,0,19,,174644,53,0,80 12 53,0,17,,174645,53,0,80 12 53,0,58,,174585,53,0,80 12 53,0,19,,174586,53,0,80 12 53,0,19,,174584,53,0,80 12 53,0,59,,174587,53,0,80 12 53,0,19,,174588,53,0,80 12 53,0,19,,174583,53,0,80 12 53,0
2300,'Sunday',547,,174646,53,0,80 12 53,0,59,,174647,53,0,80 12 53,0,19,,174648,53,0,80 12 53,0,19,,174649,53,0,80 12 53,0,59,,174650,53,0,80 12 53,0,19,,174651,53,0,80 12 53,0,19,,174652,53,0,80 12 53,0,60,,174655,53,0,80 12 53,0,19,,174653,53,0,80 12 53,0,19,,174654,53,0,80 12 53,0,19,,174656,53,0,80 12 53,0,59,,174657,53,0,80 12 53,0,19,,174658,53,0,80 12 53,0,19,,174659,53,0,80 12 53,0,59,,174660,53,0,80 12 53,0,19,,174661,53,0,80 12 53,0,19,,174662,53,0,80 12 53,0,59,,174663,53,0,80 12 53,0,20,,174664,53,0,80 12 53,0,20,,174665,53,0,80 12 53,0,66,,174666,53,0,80 12 53,0,23,,174667,53,0,80 12 53,0,19,,174668,53,0,80 12 53,0,61,,174669,53,0,80 12 53,0,19,,174670,53,0,80 12 53,0,19,,174671,53,0,80 12 53,0,59,,174672,53,0,80 12 53,0,19,,174673,53,0,80 12 53,0,19,,174674,53,0,80 12 53,0,59,,174675,53,0,80 12 53,0,19,,174677,53,0,80 12 53,0,19,,174676,53,0,80 12 53,0,59,,174678,53,0,80 12 53,0,19,,174680,53,0,80 12 53,0,18,,174679,53,0,80 12 53,0,58,,174681,53,0,80 12 53,0,18,,174682,53,0,80 12 53,0,18,,174683,53,0,80 12 53,0,59,,174684,53,0,80 12 53,0,19,,174685,53,0,80 12 53,0,19,,174688,53,0,80 12 53,0,19,,174687,53,0,80 12 53,0,59,,174686,53,0,80 12 53,0,19,,174690,53,0,80 12 53,0,19,,174689,53,0,80 12 53,0,57,,174691,53,0,80 12 53,0,18,,174692,53,0,80 12 53,0,18,,174693,53,0,80 12 53,0,56,,174695,53,0,80 12 53,0,19,,174694,53,0,80 12 53,0,18,,174696,53,0,80 12 53,0,18,,174697,53,0,80 12 53,0,58,,174698,53,0,80 12 53,0,18,,174699,53,0,80 12 53,0,19,,174700,53,0,80 12 53,0,59,,174701,53,0,80 12 53,0,19,,174702,53,0,80 12 53,0,17,,174703,53,0,80 12 53,0,58,,174704,53,0,80 12 53,0,19,,174705,53,0,80 12 53,0,19,,174706,53,0,80 12 53,0,59,,174707,53,0,80 12 53,0,19,,174709,53,0,80 12 53,0,19,,174708,53,0,80 12 53,0
2300,'Weekday',511,,174718,53,0,80 12 53,0,17,,174772,53,0,80 12 53,0,16,,174724,53,0,80 12 53,0,57,,174712,53,0,80 12 53,0,18,,174771,53,0,80 12 53,0,15,,174714,53,0,80 12 53,0,15,,174713,53,0,80 12 53,0,52,,174730,53,0,80 12 53,0,11,,174716,53,0,80 12 53,0,11,,174778,53,0,81 47,0,13,,174773,53,0,80 12 53,0,12,,174719,53,0,80 12 53,0,53,,174715,53,0,80 12 53,0,12,,174725,53,0,80 12 53,0,11,,174736,53,0,80 12 53,0,11,,174717,53,0,80 12 53,0,10,,174774,53,0,80 12 53,0,11,,174741,53,0,80 12 53,0,52,,174775,53,0,80 12 53,0,12,,174731,53,0,80 12 53,0,13,,174776,53,0,80 12 53,0,12,,174750,53,0,80 12 53,0,11,,174777,53,0,80 12 53,0,51,,174720,53,0,80 12 53,0,20,,174726,53,0,80 12 53,0,21,,174735,53,0,80 12 53,0,61,,174740,53,0,80 12 53,0,22,,174745,53,0,80 12 53,0,23,,174749,53,0,80 12 53,0,62,,174721,53,0,80 12 53,0,22,,174738,53,0,80 12 53,0,21,,174742,53,0,80 12 53,0,62,,174769,53,0,80 12 53,0,24,,174746,53,0,80 12 53,0,65,,174734,53,0,80 12 53,0,21,,174770,53,0,80 12 53,0,15,,174751,53,0,80 12 53,0,11,,174753,53,0,80 12 53,0,51,,174722,53,0,80 12 53,0,12,,174759,53,0,80 12 53,0,13,,174727,53,0,80 12 53,0,13,,174758,53,0,80 12 53,0,12,,174737,53,0,80 12 53,0,52,,174757,53,0,80 12 53,0,13,,174743,53,0,80 12 53,0,11,,174710,53,0,80 12 53,0,11,,174747,53,0,80 12 53,0,11,,174763,53,0,80 12 53,0,50,,174760,53,0,80 12 53,0,11,,174732,53,0,80 12 53,0,10,,174752,53,0,80 12 53,0,10,,174754,53,0,80 12 53,0,10,,174764,53,0,80 12 53,0,11,,174723,53,0,80 12 53,0,51,,174728,53,0,80 12 53,0,11,,174765,53,0,80 12 53,0,10,,174711,53,0,80 12 53,0,10,,174739,53,0,80 12 53,0,10,,174766,53,0,80 12 53,0,8,,174744,53,0,80 12 53,0,49,,174756,53,0,80 12 53,0,10,,174748,53,0,80 12 53,0,9,,174767,53,0,80 12 53,0,9,,174761,53,0,80 12 53,0,13,,174768,53,0,80 12 53,0,55,,174733,53,0,80 12 53,0,15,,174755,53,0,80 12 53,0,16,,174729,53,0,80 12 53,0,15,,174762,53,0,80 12 53,0,62,,174780,53,0,80 12 53,0,23,,174779,53,0,80 12 53,0,19,,174781,53,0,80 12 53,0,60,,174782,53,0,80 12 53,0,21,,174783,53,0,80 12 53,0,21,,174784,53,0,80 12 53,0,65,,174785,53,0,80 12 53,0,25,,174786,53,0,80 12 53,0,65,,174787,53,0,80 12 53,0,25,,174788,53,0,80 12 53,0,65,,174789,53,0,80 12 53,0,25,,174790,53,0,80 12 53,0,25,,174791,53,0,80 12 53,0
2300,'Weekday0000100',1403,,174792,20,0,80 12 53,0,13,,174794,8,0,80 12 53,0,6,,174795,10,0,81 47,0
2300,'Weekday1111000',1549,,174798,20,0,80 12 53,0,4,,174797,8,0,80 12 53,0,58,,174799,20,0,80 12 53,0
2300,'pB3Sep30-Saturday',511,,174872,53,0,80 12 53,0,17,,174871,53,0,80 12 53,0,19,,174870,53,0,80 12 53,0,63,,174869,53,0,80 12 53,0,17,,174865,53,0,80 12 53,0,17,,174867,53,0,80 12 53,0,57,,174868,53,0,80 12 53,0,17,,174866,53,0,80 12 53,0,21,,174860,53,0,80 12 53,0,14,,174863,53,0,80 12 53,0,55,,174859,53,0,80 12 53,0,14,,174864,53,0,80 12 53,0,14,,174862,53,0,80 12 53,0,14,,174861,53,0,80 12 53,0,54,,174855,53,0,80 12 53,0,14,,174857,53,0,80 12 53,0,14,,174858,53,0,80 12 53,0,14,,174856,53,0,80 12 53,0,54,,174853,53,0,80 12 53,0,12,,174854,53,0,80 12 53,0,20,,174850,53,0,80 12 53,0,20,,174851,53,0,80 12 53,0,59,,174849,53,0,80 12 53,0,20,,174852,53,0,80 12 53,0,20,,174848,53,0,80 12 53,0,66,,174847,53,0,80 12 53,0,23,,174845,53,0,80 12 53,0,19,,174846,53,0,80 12 53,0,61,,174844,53,0,80 12 53,0,19,,174843,53,0,80 12 53,0,19,,174842,53,0,80 12 53,0,59,,174841,53,0,80 12 53,0,19,,174840,53,0,80 12 53,0,15,,174839,53,0,80 12 53,0,55,,174838,53,0,80 12 53,0,15,,174837,53,0,80 12 53,0,15,,174836,53,0,80 12 53,0,10,,174835,53,0,80 12 53,0,10,,174873,53,0,80 12 53,0,50,,174833,53,0,80 12 53,0,10,,174834,53,0,80 12 53,0,10,,174874,53,0,80 12 53,0,9,,174832,53,0,80 12 53,0,10,,174831,53,0,80 12 53,0,9,,174875,53,0,80 12 53,0,50,,174830,53,0,80 12 53,0,10,,174876,53,0,80 12 53,0,9,,174829,53,0,80 12 53,0,10,,174828,53,0,80 12 53,0,9,,174877,53,0,80 12 53,0,10,,174826,53,0,80 12 53,0,50,,174827,53,0,80 12 53,0,15,,174824,53,0,80 12 53,0,15,,174825,53,0,80 12 53,0,15,,174823,53,0,80 12 53,0,55,,174822,53,0,80 12 53,0,15,,174821,53,0,80 12 53,0,19,,174820,53,0,80 12 53,0,19,,174818,53,0,80 12 53,0,57,,174819,53,0,80 12 53,0,18,,174817,53,0,80 12 53,0,18,,174816,53,0,80 12 53,0,56,,174815,53,0,80 12 53,0,19,,174814,53,0,80 12 53,0,18,,174813,53,0,80 12 53,0,18,,174812,53,0,80 12 53,0,58,,174811,53,0,80 12 53,0,18,,174810,53,0,80 12 53,0,19,,174809,53,0,80 12 53,0,59,,174808,53,0,80 12 53,0,19,,174807,53,0,80 12 53,0,17,,174806,53,0,80 12 53,0,58,,174805,53,0,80 12 53,0,19,,174804,53,0,80 12 53,0,19,,174803,53,0,80 12 53,0,59,,174802,53,0,80 12 53,0,19,,174801,53,0,80 12 53,0,19,,174800,53,0,80 12 53,0
3800,'Saturday',517,,177268,41,,,0,23,,177269,41,,,0,63,,177270,41,,,0,23,,177272,41,,,0,23,,177273,41,,,0,63,,177271,41,,,0,23,,177274,41,,,0,23,,177276,41,,,0,63,,177275,41,,,0,23,,177277,41,,,0,63,,177278,41,,,0,23,,177280,41,,,0,27,,177279,41,,,0,66,,177284,41,,,0,22,,177285,41,,,0,62,,177286,41,,,0,23,,177283,41,,,0,21,,177282,41,,,0,61,,177281,41,,,0,21,,177287,41,,,0,22,,177289,41,,,0,62,,177288,41,,,0,22,,177290,41,,,0,62,,177244,41,,,0,21,,177239,41,,,0,21,,177291,41,,,0,62,,177266,41,,,0,22,,177293,41,,,0,22,,177292,41,,,0,62,,177245,41,,,0,21,,177246,41,,,0,20,,177257,41,,,0,62,,177254,41,,,0,22,,177240,41,,,0,22,,177250,41,,,0,62,,177247,41,,,0,21,,177251,41,,,0,60,,177241,41,,,0,20,,177262,41,,,0,22,,177267,41,,,0,59,,177258,41,,,0,18,,177255,41,,,0,24,,177242,41,,,0,64,,177248,41,,,0,24,,177256,41,,,0,25,,177263,41,,,0,64,,177252,41,,,0,24,,177259,41,,,0,64,,177249,41,,,0,24,,177243,41,,,0,24,,177265,41,,,0,64,,177260,41,,,0,24,,177264,41,,,0,64,,177253,41,,,0,24,,177261,41,,,0
3800,'Sunday',517,,177294,41,,,0,23,,177295,41,,,0,63,,177296,41,,,0,23,,177297,41,,,0,23,,177298,41,,,0,63,,177299,41,,,0,23,,177300,41,,,0,23,,177301,41,,,0,63,,177302,41,,,0,23,,177303,41,,,0,63,,177304,41,,,0,23,,177305,41,,,0,27,,177306,41,,,0,66,,177307,41,,,0,22,,177308,41,,,0,62,,177309,41,,,0,23,,177310,41,,,0,21,,177311,41,,,0,61,,177312,41,,,0,21,,177313,41,,,0,22,,177314,41,,,0,62,,177315,41,,,0,22,,177316,41,,,0,62,,177317,41,,,0,21,,177318,41,,,0,21,,177319,41,,,0,62,,177320,41,,,0,22,,177321,41,,,0,22,,177322,41,,,0,62,,177323,41,,,0,21,,177348,41,,,0,20,,177324,41,,,0,62,,177325,41,,,0,22,,177326,41,,,0,22,,177327,41,,,0,62,,177328,41,,,0,21,,177329,41,,,0,60,,177330,41,,,0,20,,177331,41,,,0,21,,177332,41,,,0,60,,177333,41,,,0,19,,177334,41,,,0,23,,177335,41,,,0,64,,177336,41,,,0,24,,177337,41,,,0,25,,177338,41,,,0,64,,177339,41,,,0,24,,177340,41,,,0,64,,177341,41,,,0,24,,177342,41,,,0,24,,177343,41,,,0,64,,177344,41,,,0,24,,177345,41,,,0,64,,177346,41,,,0,24,,177347,41,,,0
3800,'Weekday',502,,177350,41,,,0,13,,177351,41,,,0,13,,177352,41,,,0,13,,177353,41,,,0,14,,177354,41,,,0,54,,177355,41,,,0,13,,177369,41,,,0,15,,177356,41,,,0,15,,177357,41,,,0,56,,177358,41,,,0,17,,177359,41,,,0,19,,177360,41,,,0,15,,177361,41,,,0,55,,177362,41,,,0,15,,177363,41,,,0,15,,177364,41,,,0,56,,177365,41,,,0,17,,177366,41,,,0,18,,177367,41,,,0,19,,177368,41,,,0,60,,177371,41,,,0,20,,177382,41,,,0,18,,177374,41,,,0,58,,177378,41,,,0,19,,177380,41,,,0,19,,177384,41,,,0,60,,177376,41,,,0,18,,177372,41,,,0,18,,177383,41,,,0,60,,177379,41,,,0,20,,177377,41,,,0,19,,177373,41,,,0,59,,177381,41,,,0,17,,177370,41,,,0,17,,177375,41,,,0,15,,177385,41,,,0,57,,177388,41,,,0,16,,177390,41,,,0,16,,177391,41,,,0,16,,177392,41,,,0,55,,177393,41,,,0,5,,177424,41,,,0,10,,177394,41,,,0,14,,177395,41,,,0,13,,177396,41,,,0,55,,177397,41,,,0,14,,177398,41,,,0,16,,177399,41,,,0,15,,177400,41,,,0,56,,177401,41,,,0,15,,177402,41,,,0,14,,177403,41,,,0,15,,177386,41,,,0,54,,177387,41,,,0,15,,177389,41,,,0,20,,177404,41,,,0,60,,177405,41,,,0,20,,177406,41,,,0,18,,177407,41,,,0,17,,177408,41,,,0,58,,177409,41,,,0,21,,177410,41,,,0,20,,177411,41,,,0,60,,177412,41,,,0,20,,177413,41,,,0,19,,177414,41,,,0,60,,177415,41,,,0,20,,177416,41,,,0,20,,177417,41,,,0,60,,177418,41,,,0,20,,177419,41,,,0,20,,177420,41,,,0,60,,177421,41,,,0,20,,177422,41,,,0,20,,177423,41,,,0
3800,'Weekday0000100',1427,,177427,41,,,0,84,,177426,41,,,0
3800,'Weekday1111000',1610,,177430,41,,,0,6,,177429,41,,,0
3800,'pB3Sep30-Saturday',517,,177460,41,,,0,23,,177461,41,,,0,63,,177462,41,,,0,23,,177464,41,,,0,23,,177465,41,,,0,63,,177463,41,,,0,23,,177466,41,,,0,23,,177468,41,,,0,63,,177467,41,,,0,23,,177469,41,,,0,63,,177470,41,,,0,23,,177472,41,,,0,27,,177471,41,,,0,66,,177476,41,,,0,22,,177477,41,,,0,62,,177478,41,,,0,23,,177475,41,,,0,21,,177474,41,,,0,61,,177473,41,,,0,21,,177479,41,,,0,22,,177481,41,,,0,62,,177480,41,,,0,22,,177482,41,,,0,62,,177436,41,,,0,21,,177432,41,,,0,21,,177483,41,,,0,62,,177458,41,,,0,22,,177485,41,,,0,22,,177484,41,,,0,62,,177437,41,,,0,21,,177438,41,,,0,20,,177449,41,,,0,62,,177446,41,,,0,22,,177433,41,,,0,22,,177442,41,,,0,62,,177439,41,,,0,21,,177443,41,,,0,60,,177431,41,,,0,20,,177454,41,,,0,22,,177459,41,,,0,59,,177450,41,,,0,18,,177447,41,,,0,24,,177434,41,,,0,64,,177440,41,,,0,24,,177448,41,,,0,25,,177455,41,,,0,64,,177444,41,,,0,24,,177451,41,,,0,64,,177441,41,,,0,24,,177435,41,,,0,24,,177457,41,,,0,64,,177452,41,,,0,24,,177456,41,,,0,64,,177445,41,,,0,24,,177453,41,,,0
30300,'Saturday',611,,198119,18,,,0,20,,198120,18,,,0,20,,198121,18,,,0,60,,198128,18,,,0,20,,198122,18,,,0,20,,198123,18,,,0,60,,198124,18,,,0,20,,198125,18,,,0,20,,198129,18,,,0,60,,198130,18,,,0,20,,198131,18,,,0,20,,198132,18,,,0,60,,198135,18,,,0,21,,198136,18,,,0,24,,198169,18,,,0,66,,198170,18,,,0,21,,198172,18,,,0,60,,198173,18,,,0,20,,198174,18,,,0,20,,198171,18,,,0,60,,198175,18,,,0,20,,198164,18,,,0,20,,198168,18,,,0,60,,198151,18,,,0,19,,198162,18,,,0,18,,198149,18,,,0,16,,198158,18,,,0,58,,198150,18,,,0,18,,198163,18,,,0,18,,198154,18,,,0,59,,198157,18,,,0,19,,198153,18,,,0,19,,198165,18,,,0,56,,198155,18,,,0,13,,198160,18,,,0,19,,198147,18,,,0,19,,198166,18,,,0,59,,198156,18,,,0,19,,198161,18,,,0,20,,198148,18,,,0,60,,198167,18,,,0,19,,198152,18,,,0,17,,198159,18,,,0,59,,198137,18,,,0,17,,198133,18,,,0,18,,198134,18,,,0,58,,198138,18,,,0,19,,198139,18,,,0,20,,198140,18,,,0,20,,198141,18,,,0,60,,198142,18,,,0,20,,198143,18,,,0,20,,198144,18,,,0,60,,198145,18,,,0,20,,198146,18,,,0,20,,198126,18,,,0,60,,198127,18,,,0,20,,198177,18,,,0,20,,198178,18,,,0,60,,198176,18,,,0
30300,'Sunday',611,,198186,18,,,0,20,,198204,18,,,0,20,,198179,18,,,0,60,,198195,18,,,0,20,,198213,18,,,0,20,,198222,18,,,0,60,,198187,18,,,0,20,,198205,18,,,0,20,,198181,18,,,0,60,,198196,18,,,0,20,,198214,18,,,0,20,,198223,18,,,0,60,,198188,18,,,0,21,,198206,18,,,0,24,,198180,18,,,0,66,,198197,18,,,0,21,,198216,18,,,0,60,,198224,18,,,0,20,,198190,18,,,0,20,,198208,18,,,0,60,,198227,18,,,0,20,,198182,18,,,0,20,,198198,18,,,0,60,,198215,18,,,0,19,,198233,18,,,0,18,,198225,18,,,0,16,,198189,18,,,0,58,,198210,18,,,0,18,,198228,18,,,0,18,,198183,18,,,0,59,,198199,18,,,0,19,,198217,18,,,0,19,,198234,18,,,0,56,,198226,18,,,0,13,,198191,18,,,0,19,,198209,18,,,0,19,,198229,18,,,0,59,,198184,18,,,0,19,,198200,18,,,0,20,,198218,18,,,0,60,,198235,18,,,0,19,,198192,18,,,0,17,,198207,18,,,0,59,,198230,18,,,0,17,,198185,18,,,0,18,,198201,18,,,0,58,,198219,18,,,0,19,,198236,18,,,0,20,,198193,18,,,0,20,,198211,18,,,0,60,,198231,18,,,0,20,,198202,18,,,0,20,,198220,18,,,0,60,,198237,18,,,0,20,,198194,18,,,0,20,,198212,18,,,0,60,,198232,18,,,0,20,,198203,18,,,0,20,,198221,18,,,0,60,,198238,18,,,0
30300,'Weekday',558,,198276,18,,,0,54,,198302,18,,,0,12,,198290,18,,,0,13,,198303,18,,,0,13,,198267,18,,,0,52,,198304,18,,,0,13,,198283,18,,,0,14,,198247,18,,,0,15,,198305,18,,,0,13,,198301,18,,,0,52,,198277,18,,,0,12,,198239,18,,,0,12,,198307,18,,,0,12,,198257,18,,,0,11,,198309,18,,,0,50,,198268,18,,,0,10,,198310,18,,,0,11,,198285,18,,,0,12,,198306,18,,,0,11,,198248,18,,,0,50,,198311,18,,,0,11,,198279,18,,,0,11,,198308,18,,,0,11,,198259,18,,,0,11,,198312,18,,,0,11,,198295,18,,,0,51,,198313,18,,,0,11,,198269,18,,,0,11,,198315,18,,,0,11,,198286,18,,,0,11,,198317,18,,,0,51,,198250,18,,,0,11,,198318,18,,,0,11,,198278,18,,,0,11,,198319,18,,,0,11,,198296,18,,,0,12,,198316,18,,,0,51,,198258,18,,,0,11,,198320,18,,,0,11,,198270,18,,,0,11,,198314,18,,,0,11,,198287,18,,,0,51,,198321,18,,,0,11,,198249,18,,,0,11,,198322,18,,,0,12,,198280,18,,,0,12,,198254,18,,,0,53,,198260,18,,,0,11,,198272,18,,,0,9,,198338,18,,,0,8,,198271,18,,,0,8,,198261,18,,,0,7,,198337,18,,,0,8,,198289,18,,,0,49,,198294,18,,,0,8,,198251,18,,,0,8,,198323,18,,,0,8,,198298,18,,,0,8,,198253,18,,,0,8,,198282,18,,,0,7,,198297,18,,,0,8,,198281,18,,,0,47,,198291,18,,,0,7,,198328,18,,,0,7,,198293,18,,,0,6,,198329,18,,,0,6,,198273,18,,,0,6,,198330,18,,,0,6,,198275,18,,,0,6,,198331,18,,,0,5,,198262,18,,,0,6,,198332,18,,,0,46,,198299,18,,,0,8,,198288,18,,,0,7,,198300,18,,,0,9,,198252,18,,,0,8,,198333,18,,,0,8,,198324,18,,,0,11,,198284,18,,,0,51,,198334,18,,,0,12,,198292,18,,,0,18,,198274,18,,,0,18,,198325,18,,,0,58,,198263,18,,,0,20,,198244,18,,,0,20,,198264,18,,,0,60,,198241,18,,,0,20,,198255,18,,,0,20,,198326,18,,,0,60,,198240,18,,,0,20,,198245,18,,,0,20,,198265,18,,,0,60,,198242,18,,,0,19,,198327,18,,,0,20,,198256,18,,,0,60,,198246,18,,,0,20,,198335,18,,,0,20,,198266,18,,,0,60,,198336,18,,,0,20,,198243,18,,,0
30300,'pB3Sep30-Saturday',611,,198339,18,,,0,20,,198340,18,,,0,20,,198341,18,,,0,54,,198394,18,,,0,14,,198348,18,,,0,14,,198396,18,,,0,14,,198342,18,,,0,54,,198398,18,,,0,14,,198343,18,,,0,14,,198400,18,,,0,14,,198344,18,,,0,14,,198402,18,,,0,54,,198345,18,,,0,14,,198401,18,,,0,14,,198349,18,,,0,14,,198397,18,,,0,60,,198399,18,,,0,21,,198395,18,,,0,22,,198384,18,,,0,66,,198385,18,,,0,21,,198387,18,,,0,60,,198388,18,,,0,20,,198389,18,,,0,20,,198386,18,,,0,60,,198390,18,,,0,20,,198376,18,,,0,20,,198383,18,,,0,60,,198366,18,,,0,19,,198378,18,,,0,18,,198364,18,,,0,16,,198373,18,,,0,54,,198365,18,,,0,14,,198379,18,,,0,14,,198369,18,,,0,15,,198372,18,,,0,55,,198368,18,,,0,15,,198380,18,,,0,15,,198370,18,,,0,14,,198375,18,,,0,53,,198362,18,,,0,15,,198381,18,,,0,15,,198371,18,,,0,15,,198377,18,,,0,55,,198403,18,,,0,15,,198404,18,,,0,15,,198405,18,,,0,17,,198363,18,,,0,60,,198382,18,,,0,19,,198367,18,,,0,17,,198374,18,,,0,59,,198352,18,,,0,17,,198351,18,,,0,18,,198350,18,,,0,58,,198353,18,,,0,19,,198354,18,,,0,20,,198355,18,,,0,20,,198356,18,,,0,60,,198357,18,,,0,20,,198358,18,,,0,20,,198359,18,,,0,60,,198360,18,,,0,20,,198361,18,,,0,20,,198346,18,,,0,60,,198347,18,,,0,20,,198392,18,,,0,20,,198393,18,,,0,60,,198391,18,,,0
