3501,'Saturday',615,,176663,17,,,0,100,,176664,17,,,0,100,,176662,17,,,0,100,,176660,17,,,0,100,,176661,17,,,0,100,,176659,17,,,0,100,,176658,17,,,0,100,,176655,17,,,0,100,,176657,17,,,0,100,,176656,17,,,0,100,,176654,17,,,0,100,,176653,17,,,0,100,,176651,17,,,0,100,,176652,17,,,0,100,,176650,17,,,0
3501,'Sunday',715,,176677,17,,,0,100,,176676,17,,,0,100,,176675,17,,,0,100,,176674,17,,,0,100,,176673,17,,,0,100,,176672,17,,,0,100,,176671,17,,,0,100,,176670,17,,,0,100,,176669,17,,,0,100,,176668,17,,,0,100,,176667,17,,,0,100,,176666,17,,,0,100,,176665,17,,,0
3501,'Weekday',539,,176678,17,,,0,70,,176698,17,,,0,30,,176679,17,,,0,71,,176699,17,,,0,30,,176680,17,,,0,70,,176697,17,,,0,30,,176681,17,,,0,100,,176683,17,,,0,100,,176682,17,,,0,100,,176684,17,,,0,100,,176685,17,,,0,100,,176686,17,,,0,100,,176687,17,,,0,70,,176700,17,,,0,30,,176688,17,,,0,70,,176701,17,,,0,30,,176689,17,,,0,70,,176702,17,,,0,30,,176690,17,,,0,100,,176691,17,,,0,99,,176693,17,,,0,100,,176694,17,,,0,100,,176692,17,,,0,100,,176695,17,,,0,100,,176696,17,,,0
3501,'pB3Sep30-Saturday',615,,176716,17,,,0,100,,176717,17,,,0,100,,176715,17,,,0,100,,176713,17,,,0,100,,176714,17,,,0,100,,176712,17,,,0,100,,176711,17,,,0,100,,176708,17,,,0,100,,176710,17,,,0,100,,176709,17,,,0,100,,176707,17,,,0,100,,176706,17,,,0,100,,176704,17,,,0,100,,176705,17,,,0,100,,176703,17,,,0
3700,'Saturday',539,,176820,7,,,0,70,,176819,7,,,0,30,,176859,7,,,0,70,,176868,7,,,0,30,,176862,7,,,0,70,,176858,7,,,0,30,,176863,7,,,0,69,,176860,7,,,0,20,,176857,7,,,0,18,,176823,7,,,0,58,,176821,7,,,0,18,,176825,7,,,0,18,,176822,7,,,0,18,,176826,7,,,0,58,,176824,7,,,0,18,,176827,7,,,0,18,,176828,7,,,0,58,,176829,7,,,0,18,,176831,7,,,0,18,,176832,7,,,0,58,,176830,7,,,0,18,,176834,7,,,0,18,,176835,7,,,0,18,,176836,7,,,0,58,,176837,7,,,0,18,,176838,7,,,0,18,,176839,7,,,0,58,,176840,7,,,0,18,,176841,7,,,0,18,,176833,7,,,0,58,,176842,7,,,0,18,,176843,7,,,0,18,,176844,7,,,0,18,,176846,7,,,0,58,,176847,7,,,0,18,,176845,7,,,0,18,,176849,7,,,0,58,,176850,7,,,0,18,,176848,7,,,0,18,,176852,7,,,0,57,,176853,7,,,0,18,,176851,7,,,0,18,,176854,7,,,0,68,,176855,7,,,0,30,,176869,7,,,0,70,,176856,7,,,0,30,,176861,7,,,0,70,,176865,7,,,0,30,,176864,7,,,0,70,,176866,7,,,0,30,,176867,7,,,0
3700,'Sunday',539,,176870,7,,,0,70,,176872,7,,,0,30,,176909,7,,,0,70,,176908,7,,,0,30,,176911,7,,,0,70,,176912,7,,,0,30,,176913,7,,,0,69,,176871,7,,,0,20,,176891,7,,,0,18,,176874,7,,,0,58,,176890,7,,,0,18,,176873,7,,,0,18,,176892,7,,,0,18,,176875,7,,,0,58,,176893,7,,,0,18,,176876,7,,,0,18,,176894,7,,,0,58,,176877,7,,,0,18,,176896,7,,,0,18,,176879,7,,,0,58,,176895,7,,,0,18,,176878,7,,,0,18,,176897,7,,,0,18,,176880,7,,,0,58,,176898,7,,,0,18,,176881,7,,,0,18,,176900,7,,,0,58,,176882,7,,,0,18,,176899,7,,,0,18,,176883,7,,,0,58,,176901,7,,,0,18,,176884,7,,,0,18,,176902,7,,,0,18,,176885,7,,,0,58,,176903,7,,,0,18,,176886,7,,,0,18,,176904,7,,,0,58,,176888,7,,,0,18,,176905,7,,,0,18,,176887,7,,,0,57,,176906,7,,,0,18,,176889,7,,,0,18,,176907,7,,,0,68,,176917,7,,,0,30,,176914,7,,,0,70,,176910,7,,,0,30,,176918,7,,,0,70,,176916,7,,,0,30,,176919,7,,,0,70,,176920,7,,,0,30,,176915,7,,,0
3700,'Weekday',424,,176952,7,,,0,28,,176953,7,,,0,64,,176955,7,,,0,31,,176954,7,,,0,68,,176957,7,,,0,19,,176921,7,,,0,18,,176958,7,,,0,58,,176922,7,,,0,18,,176956,7,,,0,18,,176923,7,,,0,12,,176978,7,,,0,47,,176960,7,,,0,18,,176926,7,,,0,19,,176959,7,,,0,16,,176924,7,,,0,57,,176962,7,,,0,18,,176927,7,,,0,18,,176961,7,,,0,58,,176925,7,,,0,18,,176963,7,,,0,18,,176928,7,,,0,58,,176964,7,,,0,18,,176929,7,,,0,18,,176965,7,,,0,18,,176931,7,,,0,58,,176966,7,,,0,18,,176930,7,,,0,18,,176967,7,,,0,58,,176932,7,,,0,18,,176968,7,,,0,18,,176934,7,,,0,58,,176969,7,,,0,18,,176933,7,,,0,18,,176970,7,,,0,19,,176935,7,,,0,60,,176971,7,,,0,18,,176936,7,,,0,18,,176972,7,,,0,58,,176937,7,,,0,18,,176973,7,,,0,18,,176938,7,,,0,58,,176974,7,,,0,18,,176939,7,,,0,18,,176975,7,,,0,16,,176940,7,,,0,58,,176976,7,,,0,18,,176941,7,,,0,18,,176977,7,,,0,61,,176942,7,,,0,30,,176943,7,,,0,69,,176944,7,,,0,30,,176945,7,,,0,70,,176946,7,,,0,30,,176947,7,,,0,70,,176948,7,,,0,30,,176949,7,,,0,70,,176950,7,,,0,30,,176951,7,,,0
3700,'pB3Sep30-Saturday',539,,176980,7,,,0,70,,176979,7,,,0,30,,177019,7,,,0,70,,177028,7,,,0,30,,177022,7,,,0,70,,177018,7,,,0,30,,177023,7,,,0,69,,177020,7,,,0,20,,177017,7,,,0,18,,176983,7,,,0,58,,176981,7,,,0,18,,176985,7,,,0,18,,176982,7,,,0,18,,176986,7,,,0,58,,176984,7,,,0,18,,176987,7,,,0,18,,176988,7,,,0,58,,176989,7,,,0,18,,176991,7,,,0,18,,176992,7,,,0,58,,176990,7,,,0,18,,176994,7,,,0,18,,176995,7,,,0,18,,176996,7,,,0,58,,176997,7,,,0,18,,176998,7,,,0,18,,176999,7,,,0,58,,177000,7,,,0,18,,177001,7,,,0,18,,176993,7,,,0,58,,177002,7,,,0,18,,177003,7,,,0,18,,177004,7,,,0,18,,177006,7,,,0,58,,177007,7,,,0,18,,177005,7,,,0,18,,177009,7,,,0,58,,177010,7,,,0,18,,177008,7,,,0,18,,177012,7,,,0,57,,177013,7,,,0,18,,177011,7,,,0,18,,177014,7,,,0,68,,177015,7,,,0,30,,177029,7,,,0,70,,177016,7,,,0,30,,177021,7,,,0,70,,177025,7,,,0,30,,177024,7,,,0,70,,177026,7,,,0,30,,177027,7,,,0
76700,'Weekday0000100',1341,,201127,5,0,48 49 1 195,0
76700,'Weekday1111000',1546,,201128,5,0,48 49 1 195,0
76701,'Weekday',842,,201129,7,0,48 49 1 195,0
