2800,'Saturday',533,,175693,1,,,0,70,,175699,1,,,0,2,,175693,41,4,,0,28,,175691,1,,,0,2,,175699,41,4,,0,68,,175707,1,,,0,2,,175691,41,4,,0,28,,175697,1,,,0,2,,175707,41,4,,0,68,,175705,1,,,0,2,,175697,41,4,,0,28,,175690,1,,,0,2,,175705,41,4,,0,68,,175712,1,,,0,2,,175690,41,4,,0,28,,175692,1,,,0,2,,175712,41,4,,0,68,,175709,1,,,0,2,,175692,41,4,,0,28,,175694,1,,,0,2,,175709,41,4,,0,68,,175708,1,,,0,2,,175694,41,4,,0,28,,175695,1,,,0,2,,175708,41,4,,0,68,,175710,1,,,0,2,,175695,41,4,,0,28,,175696,1,,,0,2,,175710,41,4,,0,68,,175711,1,,,0,2,,175696,41,4,,0,28,,175681,1,,,0,2,,175711,41,4,,0,68,,175700,1,,,0,2,,175681,41,4,,0,28,,175682,1,,,0,2,,175700,41,4,,0,68,,175704,1,,,0,2,,175682,41,4,,0,28,,175683,1,,,0,2,,175704,41,4,,0,68,,175698,1,,,0,2,,175683,41,4,,0,28,,175684,1,,,0,2,,175698,41,4,,0,68,,175703,1,,,0,2,,175684,41,4,,0,28,,175685,1,,,0,2,,175703,41,4,,0,68,,175701,1,,,0,2,,175685,41,4,,0,28,,175686,1,,,0,2,,175701,41,4,,0,68,,175702,1,,,0,2,,175686,41,4,,0,28,,175687,1,,,0,2,,175702,41,4,,0,68,,175706,1,,,0,2,,175687,41,4,,0,28,,175688,1,,,0,2,,175706,41,4,,0,68,,175713,1,,,0,2,,175688,41,4,,0,30,,175713,41,4,,0,72,,175689,41,4,,0
2800,'Sunday',703,,175718,1,,,0,30,,175729,1,,,0,2,,175718,41,4,,0,68,,175723,1,,,0,2,,175729,41,4,,0,28,,175730,1,,,0,2,,175723,41,4,,0,68,,175724,1,,,0,2,,175730,41,4,,0,28,,175731,1,,,0,2,,175724,41,4,,0,68,,175725,1,,,0,2,,175731,41,4,,0,28,,175732,1,,,0,2,,175725,41,4,,0,68,,175721,1,,,0,2,,175732,41,4,,0,28,,175733,1,,,0,2,,175721,41,4,,0,68,,175714,1,,,0,2,,175733,41,4,,0,28,,175734,1,,,0,2,,175714,41,4,,0,68,,175715,1,,,0,2,,175734,41,4,,0,28,,175735,1,,,0,2,,175715,41,4,,0,68,,175716,1,,,0,2,,175735,41,4,,0,28,,175736,1,,,0,2,,175716,41,4,,0,68,,175717,1,,,0,2,,175736,41,4,,0,28,,175737,1,,,0,2,,175717,41,4,,0,68,,175719,1,,,0,2,,175737,41,4,,0,28,,175738,1,,,0,2,,175719,41,4,,0,68,,175722,1,,,0,2,,175738,41,4,,0,28,,175739,1,,,0,2,,175722,41,4,,0,68,,175720,1,,,0,2,,175739,41,4,,0,28,,175740,1,,,0,2,,175720,41,4,,0,68,,175727,1,,,0,2,,175740,41,4,,0,28,,175741,1,,,0,2,,175727,41,4,,0,68,,175728,1,,,0,2,,175741,41,4,,0,28,,175742,1,,,0,2,,175728,41,4,,0,70,,175742,41,4,,0,30,,175743,1,,,0,2,,175726,41,4,,0,70,,175743,41,4,,0
2800,'Weekday',535,,175745,24,4,,0,72,,175746,41,4,,0,6,,175747,1,,,0,30,,175763,1,,,0,2,,175747,41,4,,0,68,,175748,1,,,0,2,,175763,41,4,,0,28,,175764,1,,,0,2,,175748,41,4,,0,68,,175749,1,,,0,2,,175764,41,4,,0,28,,175766,1,,,0,2,,175749,41,4,,0,68,,175750,1,,,0,2,,175766,41,4,,0,28,,175765,1,,,0,2,,175750,41,4,,0,68,,175751,1,,,0,2,,175765,41,4,,0,28,,175767,1,,,0,2,,175751,41,4,,0,68,,175753,1,,,0,2,,175767,41,4,,0,28,,175768,1,,,0,2,,175753,41,4,,0,68,,175752,1,,,0,2,,175768,41,4,,0,28,,175770,1,,,0,2,,175752,41,4,,0,68,,175754,1,,,0,2,,175770,41,4,,0,28,,175769,1,,,0,2,,175754,41,4,,0,68,,175755,1,,,0,2,,175769,41,4,,0,28,,175772,1,,,0,2,,175755,41,4,,0,68,,175756,1,,,0,2,,175772,41,4,,0,28,,175773,1,,,0,2,,175756,41,4,,0,68,,175757,1,,,0,2,,175773,41,4,,0,28,,175771,1,,,0,2,,175757,41,4,,0,68,,175758,1,,,0,2,,175771,41,4,,0,28,,175774,1,,,0,2,,175758,41,4,,0,68,,175759,1,,,0,2,,175774,41,4,,0,23,,175775,1,,,0,7,,175759,41,4,,0,61,,175744,1,,,0,4,,175775,41,4,,0,25,,175777,1,,,0,3,,175744,41,4,,0,67,,175760,1,,,0,2,,175777,41,4,,0,28,,175778,1,,,0,2,,175760,41,4,,0,68,,175761,1,,,0,2,,175778,41,4,,0,28,,175779,1,,,0,2,,175761,41,4,,0,68,,175762,1,,,0,2,,175779,41,4,,0,28,,175776,1,,,0,2,,175762,41,4,,0,68,,175781,1,,,0,2,,175776,41,4,,0,28,,175780,1,,,0,2,,175781,41,4,,0,70,,175780,41,4,,0
2800,'pB3Sep30-Saturday',533,,175791,1,,,0,70,,175801,1,,,0,2,,175791,41,4,,0,28,,175793,1,,,0,2,,175801,41,4,,0,68,,175808,1,,,0,2,,175793,41,4,,0,28,,175798,1,,,0,2,,175808,41,4,,0,68,,175806,1,,,0,2,,175798,41,4,,0,28,,175792,1,,,0,2,,175806,41,4,,0,68,,175813,1,,,0,2,,175792,41,4,,0,28,,175794,1,,,0,2,,175813,41,4,,0,68,,175810,1,,,0,2,,175794,41,4,,0,28,,175795,1,,,0,2,,175810,41,4,,0,68,,175809,1,,,0,2,,175795,41,4,,0,28,,175796,1,,,0,2,,175809,41,4,,0,68,,175811,1,,,0,2,,175796,41,4,,0,28,,175797,1,,,0,2,,175811,41,4,,0,68,,175812,1,,,0,2,,175797,41,4,,0,28,,175782,1,,,0,2,,175812,41,4,,0,68,,175799,1,,,0,2,,175782,41,4,,0,28,,175783,1,,,0,2,,175799,41,4,,0,68,,175805,1,,,0,2,,175783,41,4,,0,28,,175784,1,,,0,2,,175805,41,4,,0,68,,175800,1,,,0,2,,175784,41,4,,0,28,,175785,1,,,0,2,,175800,41,4,,0,68,,175804,1,,,0,2,,175785,41,4,,0,28,,175786,1,,,0,2,,175804,41,4,,0,68,,175802,1,,,0,2,,175786,41,4,,0,28,,175787,1,,,0,2,,175802,41,4,,0,68,,175803,1,,,0,2,,175787,41,4,,0,28,,175788,1,,,0,2,,175803,41,4,,0,68,,175807,1,,,0,2,,175788,41,4,,0,28,,175789,1,,,0,2,,175807,41,4,,0,68,,175814,1,,,0,2,,175789,41,4,,0,30,,175814,41,4,,0,72,,175790,41,4,,0
4400,'Saturday',640,,178618,1,,,0,80,,178619,1,,,0,80,,178620,1,,,0,40,,178621,1,,,0,80,,178622,1,,,0,80,,178623,1,,,0,40,,178624,1,,,0,80,,178626,1,,,0,80,,178628,1,,,0,40,,178627,1,,,0,80,,178629,1,,,0,80,,178625,1,,,0,40,,178630,1,,,0,80,,178631,1,,,0,80,,178632,1,,,0,40,,178633,1,,,0,80,,178634,1,,,0,80,,178635,1,,,0,40,,178636,1,,,0,82,,178637,1,,,0
4400,'Weekday',522,,178638,1,,,0,80,,178639,1,,,0,40,,178640,1,,,0,78,,178641,1,,,0,33,,178642,1,,,0,80,,178644,1,,,0,89,,178645,1,,,0,80,,178643,1,,,0,40,,178647,1,,,0,80,,178648,1,,,0,80,,178646,1,,,0,40,,178649,1,,,0,80,,178650,1,,,0,80,,178651,1,,,0,48,,178653,1,,,0,74,,178654,1,,,0,78,,178655,1,,,0,40,,178652,1,,,0,80,,178656,1,,,0,80,,178657,1,,,0,40,,178658,1,,,0,80,,178659,1,,,0
4400,'pB3Sep30-Saturday',640,,178660,1,,,0,80,,178661,1,,,0,80,,178662,1,,,0,40,,178663,1,,,0,80,,178664,1,,,0,80,,178665,1,,,0,40,,178666,1,,,0,80,,178668,1,,,0,80,,178670,1,,,0,40,,178669,1,,,0,80,,178671,1,,,0,80,,178667,1,,,0,40,,178672,1,,,0,80,,178673,1,,,0,80,,178674,1,,,0,40,,178675,1,,,0,80,,178676,1,,,0,80,,178677,1,,,0,40,,178678,1,,,0,82,,178679,1,,,0
4401,'Saturday',638,,178681,12,4,,0,76,,178680,12,4,,0,40,,178682,12,4,,0,80,,178683,12,4,,0,80,,178684,12,4,,0,40,,178686,12,4,,0,80,,178685,12,4,,0,80,,178687,12,4,,0,40,,178689,12,4,,0,80,,178688,12,4,,0,80,,178692,12,4,,0,40,,178690,12,4,,0,80,,178691,12,4,,0,80,,178693,12,4,,0,40,,178695,12,4,,0,80,,178694,12,4,,0,80,,178696,12,4,,0,40,,178697,12,4,,0,80,,178698,12,4,,0,80,,178699,12,4,,0,41,,178700,12,4,,0
4401,'Weekday',556,,178702,12,4,,0,80,,178703,12,4,,0,80,,178704,12,4,,0,36,,178706,12,4,,0,76,,178707,12,4,,0,79,,178708,12,4,,0,49,,178705,12,4,,0,80,,178709,12,4,,0,80,,178710,12,4,,0,40,,178711,12,4,,0,80,,178713,12,4,,0,80,,178714,12,4,,0,40,,178712,12,4,,0,80,,178715,12,4,,0,87,,178717,12,4,,0,33,,178718,12,4,,0,80,,178701,12,4,,0,80,,178719,12,4,,0,40,,178716,12,4,,0,80,,178720,12,4,,0,80,,178721,12,4,,0,40,,178722,12,4,,0
4401,'pB3Sep30-Saturday',638,,178724,12,4,,0,76,,178723,12,4,,0,40,,178725,12,4,,0,80,,178726,12,4,,0,80,,178727,12,4,,0,40,,178729,12,4,,0,80,,178728,12,4,,0,80,,178730,12,4,,0,40,,178732,12,4,,0,80,,178731,12,4,,0,80,,178735,12,4,,0,40,,178733,12,4,,0,80,,178734,12,4,,0,80,,178736,12,4,,0,40,,178738,12,4,,0,80,,178737,12,4,,0,80,,178739,12,4,,0,40,,178740,12,4,,0,80,,178741,12,4,,0,80,,178742,12,4,,0,41,,178743,12,4,,0
8300,'Saturday',606,,186030,1,,,0,21,,186030,30,4,,0,9,,186044,1,,,0,21,,186044,30,4,,0,49,,186029,1,,,0,21,,186029,30,4,,0,9,,186041,1,,,0,21,,186041,30,4,,0,49,,186023,1,,,0,21,,186023,30,4,,0,9,,186039,1,,,0,21,,186039,30,4,,0,49,,186025,1,,,0,21,,186025,30,4,,0,9,,186040,1,,,0,21,,186040,30,4,,0,49,,186024,1,,,0,21,,186024,30,4,,0,9,,186043,1,,,0,21,,186043,30,4,,0,49,,186026,1,,,0,21,,186026,30,4,,0,9,,186042,1,,,0,21,,186042,30,4,,0,49,,186027,1,,,0,21,,186027,30,4,,0,9,,186045,1,,,0,21,,186045,30,4,,0,49,,186028,1,,,0,21,,186028,30,4,,0,9,,186038,1,,,0,21,,186038,30,4,,0,49,,186015,1,,,0,21,,186015,30,4,,0,9,,186032,1,,,0,21,,186032,30,4,,0,49,,186016,1,,,0,21,,186016,30,4,,0,9,,186034,1,,,0,21,,186034,30,4,,0,49,,186018,1,,,0,21,,186018,30,4,,0,9,,186036,1,,,0,21,,186036,30,4,,0,49,,186019,1,,,0,21,,186019,30,4,,0,9,,186033,1,,,0,21,,186033,30,4,,0,49,,186020,1,,,0,21,,186020,30,4,,0,9,,186037,1,,,0,21,,186037,30,4,,0,49,,186021,1,,,0,21,,186021,30,4,,0,9,,186035,1,,,0,21,,186035,30,4,,0,49,,186022,1,,,0,21,,186022,30,4,,0,9,,186031,1,,,0,21,,186031,30,4,,0,49,,186017,1,,,0,21,,186017,30,4,,0,9,,186046,1,,,0,21,,186046,30,4,,0
8300,'Sunday',736,,186056,1,,,0,21,,186056,30,4,,0,49,,186063,1,,,0,21,,186063,30,4,,0,9,,186057,1,,,0,21,,186057,30,4,,0,49,,186062,1,,,0,21,,186062,30,4,,0,9,,186054,1,,,0,21,,186054,30,4,,0,49,,186065,1,,,0,21,,186065,30,4,,0,9,,186055,1,,,0,21,,186055,30,4,,0,49,,186064,1,,,0,21,,186064,30,4,,0,9,,186058,1,,,0,21,,186058,30,4,,0,49,,186066,1,,,0,21,,186066,30,4,,0,9,,186047,1,,,0,21,,186047,30,4,,0,49,,186068,1,,,0,21,,186068,30,4,,0,9,,186048,1,,,0,21,,186048,30,4,,0,49,,186067,1,,,0,21,,186067,30,4,,0,9,,186049,1,,,0,21,,186049,30,4,,0,49,,186070,1,,,0,21,,186070,30,4,,0,9,,186050,1,,,0,21,,186050,30,4,,0,49,,186069,1,,,0,21,,186069,30,4,,0,9,,186051,1,,,0,21,,186051,30,4,,0,49,,186071,1,,,0,21,,186071,30,4,,0,9,,186052,1,,,0,21,,186052,30,4,,0,49,,186072,1,,,0,21,,186072,30,4,,0,9,,186059,1,,,0,21,,186059,30,4,,0,49,,186073,1,,,0,21,,186073,30,4,,0,9,,186060,1,,,0,21,,186060,30,4,,0,49,,186074,1,,,0,21,,186074,30,4,,0,9,,186061,1,,,0,21,,186061,30,4,,0,49,,186075,1,,,0,21,,186075,30,4,,0,11,,186053,1,,,0,21,,186053,30,4,,0,49,,186076,1,,,0,21,,186076,30,4,,0
8300,'Weekday',555,,186094,15,4,,0,61,,186095,30,4,,0,1,,186096,1,,,0,21,,186096,30,4,,0,9,,186078,1,,,0,61,,186078,30,4,,0,9,,186098,1,,,0,21,,186098,30,4,,0,9,,186079,1,,,0,61,,186079,30,4,,0,9,,186097,1,,,0,21,,186097,30,4,,0,9,,186080,1,,,0,61,,186080,30,4,,0,9,,186100,1,,,0,21,,186100,30,4,,0,9,,186081,1,,,0,61,,186081,30,4,,0,9,,186099,1,,,0,21,,186099,30,4,,0,9,,186082,1,,,0,61,,186082,30,4,,0,9,,186101,1,,,0,21,,186101,30,4,,0,9,,186083,1,,,0,61,,186083,30,4,,0,9,,186102,1,,,0,21,,186102,30,4,,0,9,,186084,1,,,0,61,,186084,30,4,,0,9,,186103,1,,,0,21,,186103,30,4,,0,9,,186085,1,,,0,61,,186085,30,4,,0,9,,186105,1,,,0,21,,186105,30,4,,0,14,,186086,1,,,0,60,,186086,30,4,,0,5,,186104,1,,,0,21,,186104,30,4,,0,9,,186087,1,,,0,61,,186087,30,4,,0,9,,186106,1,,,0,21,,186106,30,4,,0,9,,186089,1,,,0,61,,186089,30,4,,0,9,,186107,1,,,0,21,,186107,30,4,,0,9,,186088,1,,,0,61,,186088,30,4,,0,9,,186108,1,,,0,21,,186108,30,4,,0,7,,186077,1,,,0,61,,186077,30,4,,0,4,,186109,1,,,0,21,,186109,30,4,,0,9,,186090,1,,,0,61,,186090,30,4,,0,9,,186110,1,,,0,21,,186110,30,4,,0,9,,186091,1,,,0,61,,186091,30,4,,0,9,,186111,1,,,0,21,,186111,30,4,,0,9,,186092,1,,,0,61,,186092,30,4,,0,9,,186112,1,,,0,21,,186112,30,4,,0,9,,186093,1,,,0,61,,186093,30,4,,0,9,,186113,1,,,0,21,,186113,30,4,,0
8300,'pB3Sep30-Saturday',606,,186129,1,,,0,21,,186129,30,4,,0,9,,186143,1,,,0,21,,186143,30,4,,0,49,,186128,1,,,0,21,,186128,30,4,,0,9,,186140,1,,,0,21,,186140,30,4,,0,49,,186122,1,,,0,21,,186122,30,4,,0,9,,186138,1,,,0,21,,186138,30,4,,0,49,,186124,1,,,0,21,,186124,30,4,,0,9,,186139,1,,,0,21,,186139,30,4,,0,49,,186123,1,,,0,21,,186123,30,4,,0,9,,186142,1,,,0,21,,186142,30,4,,0,49,,186125,1,,,0,21,,186125,30,4,,0,9,,186141,1,,,0,21,,186141,30,4,,0,49,,186126,1,,,0,21,,186126,30,4,,0,9,,186144,1,,,0,21,,186144,30,4,,0,49,,186127,1,,,0,21,,186127,30,4,,0,9,,186137,1,,,0,21,,186137,30,4,,0,49,,186114,1,,,0,21,,186114,30,4,,0,9,,186131,1,,,0,21,,186131,30,4,,0,49,,186115,1,,,0,21,,186115,30,4,,0,9,,186133,1,,,0,21,,186133,30,4,,0,49,,186117,1,,,0,21,,186117,30,4,,0,9,,186135,1,,,0,21,,186135,30,4,,0,49,,186118,1,,,0,21,,186118,30,4,,0,9,,186132,1,,,0,21,,186132,30,4,,0,49,,186119,1,,,0,21,,186119,30,4,,0,9,,186136,1,,,0,21,,186136,30,4,,0,49,,186120,1,,,0,21,,186120,30,4,,0,9,,186134,1,,,0,21,,186134,30,4,,0,49,,186121,1,,,0,21,,186121,30,4,,0,9,,186130,1,,,0,21,,186130,30,4,,0,49,,186116,1,,,0,21,,186116,30,4,,0,9,,186145,1,,,0,21,,186145,30,4,,0
