800,'Saturday',719,,171327,20,,,0,27,,171324,20,,,0,67,,171325,20,,,0,27,,171328,20,,,0,67,,171329,20,,,0,27,,171330,20,,,0,67,,171331,20,,,0,27,,171332,20,,,0,27,,171334,20,,,0,67,,171335,20,,,0,27,,171336,20,,,0,67,,171333,20,,,0,27,,171337,20,,,0,67,,171338,20,,,0,27,,171339,20,,,0,67,,171340,20,,,0,27,,171341,20,,,0,27,,171342,20,,,0,67,,171343,20,,,0,27,,171344,20,,,0,67,,171326,20,,,0,27,,171345,20,,,0,67,,171346,20,,,0,27,,171347,20,,,0,67,,171348,20,,,0,27,,171349,20,,,0,67,,171350,20,,,0,27,,171351,20,,,0,27,,171352,20,,,0,77,,171353,20,,,0,77,,171354,20,,,0,35,,171355,20,,,0,75,,171356,20,,,0,35,,171357,20,,,0,75,,171358,20,,,0,75,,171359,20,,,0,35,,171360,20,,,0
800,'Sunday',719,,171362,20,,,0,27,,171361,20,,,0,67,,171364,20,,,0,27,,171363,20,,,0,67,,171365,20,,,0,27,,171366,20,,,0,67,,171367,20,,,0,27,,171369,20,,,0,27,,171368,20,,,0,67,,171370,20,,,0,27,,171371,20,,,0,67,,171372,20,,,0,27,,171374,20,,,0,67,,171376,20,,,0,27,,171375,20,,,0,67,,171373,20,,,0,27,,171378,20,,,0,27,,171377,20,,,0,67,,171379,20,,,0,27,,171381,20,,,0,67,,171383,20,,,0,27,,171382,20,,,0,67,,171384,20,,,0,27,,171385,20,,,0,67,,171380,20,,,0,27,,171386,20,,,0,67,,171388,20,,,0,27,,171387,20,,,0,27,,171389,20,,,0,77,,171390,20,,,0,77,,171391,20,,,0,35,,171392,20,,,0,75,,171393,20,,,0,35,,171395,20,,,0,75,,171394,20,,,0,75,,171396,20,,,0,35,,171397,20,,,0
800,'Weekday',504,,171398,20,,,0,17,,171401,20,,,0,17,,171413,20,,,0,17,,171433,20,,,0,57,,171443,20,,,0,17,,171462,20,,,0,17,,171425,20,,,0,57,,171399,20,,,0,17,,171402,20,,,0,17,,171414,20,,,0,17,,171434,20,,,0,57,,171441,20,,,0,5,,171456,20,,,0,6,,171457,20,,,0,6,,171463,20,,,0,9,,171458,20,,,0,8,,171426,20,,,0,56,,171400,20,,,0,15,,171403,20,,,0,16,,171415,20,,,0,21,,171435,20,,,0,61,,171464,20,,,0,21,,171427,20,,,0,21,,171404,20,,,0,61,,171416,20,,,0,21,,171436,20,,,0,21,,171465,20,,,0,61,,171428,20,,,0,21,,171405,20,,,0,61,,171417,20,,,0,21,,171438,20,,,0,23,,171466,20,,,0,62,,171430,20,,,0,21,,171406,20,,,0,24,,171418,20,,,0,57,,171437,20,,,0,5,,171448,20,,,0,5,,171450,20,,,0,7,,171444,20,,,0,5,,171451,7,,,0,5,,171447,20,,,0,7,,171467,20,,,0,5,,171459,20,,,0,5,,171452,7,,,0,47,,171429,20,,,0,5,,171460,20,,,0,5,,171453,7,,,0,7,,171407,20,,,0,5,,171461,20,,,0,5,,171454,7,,,0,7,,171446,20,,,0,5,,171455,7,,,0,5,,171449,20,,,0,7,,171419,20,,,0,57,,171439,20,,,0,17,,171445,20,,,0,17,,171468,20,,,0,57,,171431,20,,,0,24,,171408,20,,,0,21,,171420,20,,,0,62,,171440,20,,,0,19,,171469,20,,,0,19,,171432,20,,,0,61,,171409,20,,,0,21,,171421,20,,,0,21,,171442,20,,,0,61,,171472,20,,,0,32,,171410,20,,,0,74,,171422,20,,,0,33,,171470,20,,,0,73,,171411,20,,,0,33,,171423,20,,,0,73,,171471,20,,,0,73,,171412,20,,,0,26,,171424,20,,,0
800,'pB3Sep30-Saturday',719,,171478,20,,,0,27,,171475,20,,,0,67,,171476,20,,,0,27,,171479,20,,,0,67,,171480,20,,,0,27,,171481,20,,,0,67,,171482,20,,,0,27,,171483,20,,,0,27,,171485,20,,,0,67,,171486,20,,,0,27,,171487,20,,,0,67,,171484,20,,,0,27,,171488,20,,,0,67,,171489,20,,,0,27,,171490,20,,,0,67,,171491,20,,,0,27,,171492,20,,,0,27,,171493,20,,,0,67,,171494,20,,,0,27,,171495,20,,,0,67,,171477,20,,,0,27,,171496,20,,,0,67,,171497,20,,,0,27,,171498,20,,,0,67,,171499,20,,,0,27,,171500,20,,,0,67,,171501,20,,,0,27,,171502,20,,,0,27,,171503,20,,,0,77,,171504,20,,,0,77,,171505,20,,,0,35,,171506,20,,,0,75,,171507,20,,,0,35,,171508,20,,,0,75,,171509,20,,,0,75,,171510,20,,,0,35,,171511,20,,,0
8200,'Saturday',637,,185715,11,,,0,70,,185716,11,,,0,30,,185717,11,,,0,70,,185718,11,,,0,30,,185719,11,,,0,70,,185720,11,,,0,30,,185721,11,,,0,70,,185738,11,,,0,30,,185740,11,,,0,70,,185723,11,,,0,30,,185736,11,,,0,70,,185729,11,,,0,30,,185724,11,,,0,70,,185737,11,,,0,30,,185730,11,,,0,70,,185722,11,,,0,30,,185735,11,,,0,70,,185731,11,,,0,30,,185725,11,,,0,70,,185734,11,,,0,30,,185741,11,,,0,70,,185726,11,,,0,30,,185732,11,,,0,70,,185739,11,,,0,30,,185727,11,,,0,70,,185733,11,,,0,30,,185742,11,,,0,70,,185728,11,,,0,30,,185748,11,,,0,70,,185749,11,,,0,30,,185750,11,,,0,70,,185745,11,,,0,30,,185744,11,,,0,70,,185746,11,,,0,30,,185743,11,,,0,70,,185747,11,,,0
8200,'Sunday',637,,185751,11,,,0,70,,185763,11,,,0,30,,185775,11,,,0,70,,185752,11,,,0,30,,185764,11,,,0,70,,185776,11,,,0,30,,185753,11,,,0,70,,185765,11,,,0,30,,185777,11,,,0,70,,185754,11,,,0,30,,185766,11,,,0,70,,185778,11,,,0,30,,185755,11,,,0,70,,185767,11,,,0,30,,185779,11,,,0,70,,185756,11,,,0,30,,185768,11,,,0,70,,185780,11,,,0,30,,185757,11,,,0,70,,185769,11,,,0,30,,185781,11,,,0,70,,185758,11,,,0,30,,185770,11,,,0,70,,185782,11,,,0,30,,185759,11,,,0,70,,185771,11,,,0,30,,185784,11,,,0,70,,185760,11,,,0,30,,185772,11,,,0,70,,185785,11,,,0,30,,185761,11,,,0,70,,185773,11,,,0,30,,185783,11,,,0,70,,185762,11,,,0,30,,185774,11,,,0,70,,185786,11,,,0
8200,'Weekday',632,,185791,11,,,0,76,,185801,11,,,0,33,,185811,11,,,0,17,,185820,11,,,0,56,,185792,11,,,0,33,,185802,11,,,0,73,,185812,11,,,0,32,,185793,11,,,0,73,,185803,11,,,0,33,,185813,11,,,0,73,,185795,11,,,0,75,,185804,11,,,0,33,,185814,11,,,0,73,,185794,11,,,0,33,,185805,11,,,0,73,,185815,11,,,0,33,,185796,11,,,0,74,,185806,11,,,0,14,,185787,11,,,0,19,,185816,11,,,0,57,,185789,11,,,0,16,,185797,11,,,0,17,,185788,11,,,0,55,,185807,11,,,0,17,,185790,11,,,0,16,,185817,11,,,0,73,,185798,11,,,0,32,,185808,11,,,0,72,,185818,11,,,0,33,,185800,11,,,0,73,,185809,11,,,0,33,,185819,11,,,0,73,,185799,11,,,0,33,,185810,11,,,0,73,,185821,11,,,0,73,,185822,11,,,0,33,,185823,11,,,0,73,,185824,11,,,0
8200,'Weekday0000100',1324,,185825,11,,,0
8200,'pB3Sep30-Saturday',637,,185826,11,,,0,70,,185827,11,,,0,30,,185828,11,,,0,70,,185829,11,,,0,30,,185830,11,,,0,70,,185831,11,,,0,30,,185832,11,,,0,70,,185849,11,,,0,30,,185851,11,,,0,70,,185834,11,,,0,30,,185847,11,,,0,70,,185840,11,,,0,30,,185835,11,,,0,70,,185848,11,,,0,30,,185841,11,,,0,70,,185833,11,,,0,30,,185846,11,,,0,70,,185842,11,,,0,30,,185836,11,,,0,70,,185845,11,,,0,30,,185852,11,,,0,70,,185837,11,,,0,30,,185843,11,,,0,70,,185850,11,,,0,30,,185838,11,,,0,70,,185844,11,,,0,30,,185853,11,,,0,70,,185839,11,,,0,30,,185859,11,,,0,70,,185860,11,,,0,30,,185861,11,,,0,70,,185856,11,,,0,30,,185855,11,,,0,70,,185857,11,,,0,30,,185854,11,,,0,70,,185858,11,,,0
10500,'Saturday',654,,190061,23,,,0,80,,190052,23,,,0,80,,190067,23,,,0,40,,190056,23,,,0,80,,190062,23,,,0,80,,190051,23,,,0,40,,190069,23,,,0,80,,190057,23,,,0,82,,190063,23,,,0,40,,190054,23,,,0,80,,190070,23,,,0,80,,190058,23,,,0,40,,190065,23,,,0,80,,190053,23,,,0,80,,190071,23,,,0,40,,190059,23,,,0,80,,190064,23,,,0,79,,190055,23,,,0,40,,190068,23,,,0,80,,190060,23,,,0,80,,190066,23,,,0,40,,190050,23,,,0
10500,'Sunday',654,,190072,23,,,0,80,,190079,23,,,0,80,,190086,23,,,0,40,,190073,23,,,0,80,,190080,23,,,0,80,,190087,23,,,0,40,,190074,23,,,0,80,,190081,23,,,0,82,,190088,23,,,0,40,,190075,23,,,0,80,,190082,23,,,0,80,,190089,23,,,0,40,,190076,23,,,0,80,,190083,23,,,0,80,,190090,23,,,0,40,,190077,23,,,0,80,,190084,23,,,0,79,,190091,23,,,0,40,,190078,23,,,0,80,,190085,23,,,0,80,,190092,23,,,0,40,,190093,23,,,0
10500,'Weekday',548,,190119,23,,,0,71,,190110,23,,,0,33,,190102,23,,,0,70,,190094,23,,,0,30,,190120,23,,,0,70,,190111,23,,,0,30,,190103,23,,,0,70,,190095,23,,,0,30,,190121,23,,,0,70,,190113,23,,,0,30,,190104,23,,,0,70,,190096,23,,,0,30,,190122,23,,,0,70,,190112,23,,,0,30,,190105,23,,,0,70,,190097,23,,,0,30,,190123,23,,,0,70,,190114,23,,,0,31,,190106,23,,,0,66,,190098,23,,,0,4,,190128,10,,,0,30,,190124,23,,,0,70,,190115,23,,,0,30,,190107,23,,,0,69,,190099,23,,,0,30,,190125,23,,,0,70,,190116,23,,,0,28,,190108,23,,,0,70,,190100,23,,,0,30,,190126,23,,,0,70,,190117,23,,,0,29,,190109,23,,,0,70,,190101,23,,,0,30,,190127,23,,,0,83,,190118,23,,,0
10500,'Weekday0000100',1308,,190129,10,,,0
10500,'Weekday1111000',1509,,190130,23,,,0
10500,'pB3Sep30-Saturday',654,,190142,23,,,0,80,,190134,23,,,0,80,,190148,23,,,0,40,,190137,23,,,0,80,,190143,23,,,0,80,,190132,23,,,0,40,,190150,23,,,0,80,,190138,23,,,0,82,,190144,23,,,0,40,,190133,23,,,0,80,,190151,23,,,0,80,,190139,23,,,0,40,,190146,23,,,0,80,,190135,23,,,0,80,,190152,23,,,0,40,,190140,23,,,0,80,,190145,23,,,0,79,,190136,23,,,0,40,,190149,23,,,0,80,,190141,23,,,0,80,,190147,23,,,0,40,,190131,23,,,0
