1901,'Saturday',703,,173648,67,,,0,35,,173640,67,,,0,75,,173656,67,,,0,35,,173664,67,,,0,75,,173649,67,,,0,35,,173641,67,,,0,75,,173657,67,,,0,75,,173665,67,,,0,35,,173650,67,,,0,75,,173642,67,,,0,35,,173658,67,,,0,74,,173666,67,,,0,75,,173651,67,,,0,28,,173643,67,,,0,24,,173671,67,,,0,68,,173660,67,,,0,28,,173667,67,,,0,68,,173652,67,,,0,28,,173644,67,,,0,68,,173672,67,,,0,28,,173659,67,,,0,68,,173668,67,,,0,28,,173653,67,,,0,68,,173645,67,,,0,28,,173673,67,,,0,23,,173662,67,,,0,73,,173670,67,,,0,75,,173654,67,,,0,35,,173646,67,,,0,75,,173663,67,,,0,35,,173669,67,,,0,75,,173655,67,,,0,75,,173647,67,,,0
1901,'Sunday',703,,173682,67,,,0,35,,173674,67,,,0,75,,173690,67,,,0,35,,173697,67,,,0,75,,173683,67,,,0,35,,173675,67,,,0,75,,173691,67,,,0,75,,173699,67,,,0,35,,173684,67,,,0,75,,173676,67,,,0,35,,173692,67,,,0,74,,173701,67,,,0,75,,173686,67,,,0,28,,173677,67,,,0,24,,173705,67,,,0,68,,173693,67,,,0,28,,173700,67,,,0,68,,173688,67,,,0,28,,173678,67,,,0,68,,173706,67,,,0,28,,173694,67,,,0,68,,173702,67,,,0,28,,173687,67,,,0,68,,173679,67,,,0,28,,173707,67,,,0,23,,173695,67,,,0,73,,173703,67,,,0,75,,173685,67,,,0,35,,173680,67,,,0,75,,173696,67,,,0,35,,173704,67,,,0,75,,173689,67,,,0,75,,173681,67,,,0
1901,'Weekday',543,,173743,26,,,0,64,,173710,67,,,0,34,,173718,67,,,0,64,,173726,67,,,0,33,,173734,67,,,0,72,,173744,67,,,0,27,,173711,67,,,0,76,,173719,67,,,0,29,,173727,67,,,0,74,,173735,67,,,0,33,,173745,67,,,0,72,,173712,67,,,0,32,,173720,67,,,0,72,,173728,67,,,0,32,,173736,67,,,0,72,,173746,67,,,0,72,,173713,67,,,0,33,,173721,67,,,0,68,,173709,67,,,0,3,,173708,26,,,0,5,,173729,67,,,0,32,,173738,67,,,0,72,,173747,67,,,0,31,,173714,67,,,0,71,,173722,67,,,0,32,,173730,67,,,0,70,,173737,67,,,0,24,,173748,67,,,0,69,,173715,67,,,0,30,,173723,67,,,0,70,,173731,67,,,0,30,,173739,67,,,0,70,,173750,67,,,0,30,,173716,67,,,0,70,,173724,67,,,0,26,,173732,67,,,0,68,,173740,67,,,0,30,,173749,67,,,0,70,,173717,67,,,0,30,,173725,67,,,0,70,,173733,67,,,0,30,,173741,67,,,0,70,,173742,67,,,0
1901,'Weekday0000100',1217,,173751,12,,,0
1901,'pB3Sep30-Saturday',703,,173760,67,,,0,35,,173752,67,,,0,75,,173768,67,,,0,35,,173776,67,,,0,75,,173761,67,,,0,35,,173753,67,,,0,75,,173769,67,,,0,75,,173777,67,,,0,35,,173762,67,,,0,75,,173754,67,,,0,35,,173770,67,,,0,74,,173778,67,,,0,75,,173763,67,,,0,28,,173755,67,,,0,24,,173784,67,,,0,68,,173772,67,,,0,28,,173779,67,,,0,68,,173764,67,,,0,28,,173756,67,,,0,68,,173783,67,,,0,28,,173771,67,,,0,68,,173780,67,,,0,28,,173765,67,,,0,68,,173757,67,,,0,28,,173785,67,,,0,23,,173774,67,,,0,73,,173782,67,,,0,75,,173766,67,,,0,35,,173758,67,,,0,75,,173775,67,,,0,35,,173781,67,,,0,75,,173767,67,,,0,75,,173759,67,,,0
12000,'Saturday',710,,191342,20,,,0,46,,191341,20,,,0,86,,191343,20,,,0,86,,191344,20,,,0,86,,191345,20,,,0,86,,191346,20,,,0,46,,191347,20,,,0,88,,191348,20,,,0,86,,191350,20,,,0,86,,191349,20,,,0,46,,191351,20,,,0,86,,191352,20,,,0,86,,191353,20,,,0,86,,191354,20,,,0,46,,191355,20,,,0,86,,191356,20,,,0,86,,191357,20,,,0,86,,191358,20,,,0,86,,191359,20,,,0,43,,191360,20,,,0,86,,191361,20,,,0,86,,191362,20,,,0,86,,191363,20,,,0
12000,'Sunday',710,,191364,20,,,0,46,,191365,20,,,0,86,,191366,20,,,0,86,,191367,20,,,0,86,,191368,20,,,0,86,,191369,20,,,0,46,,191370,20,,,0,88,,191371,20,,,0,86,,191372,20,,,0,86,,191374,20,,,0,46,,191373,20,,,0,86,,191375,20,,,0,86,,191376,20,,,0,86,,191377,20,,,0,46,,191378,20,,,0,86,,191379,20,,,0,86,,191380,20,,,0,86,,191382,20,,,0,86,,191381,20,,,0,43,,191383,20,,,0,86,,191384,20,,,0,86,,191385,20,,,0,86,,191386,20,,,0
12000,'Weekday',535,,191387,20,,,0,85,,191388,20,,,0,23,,191413,20,,,0,62,,191391,20,,,0,23,,191414,20,,,0,22,,191390,20,,,0,63,,191415,20,,,0,22,,191392,20,,,0,85,,191393,20,,,0,85,,191394,20,,,0,45,,191395,20,,,0,85,,191396,20,,,0,85,,191397,20,,,0,85,,191398,20,,,0,45,,191399,20,,,0,85,,191400,20,,,0,87,,191401,20,,,0,23,,191418,20,,,0,62,,191403,20,,,0,23,,191417,20,,,0,22,,191404,20,,,0,63,,191416,20,,,0,22,,191405,20,,,0,85,,191402,20,,,0,83,,191406,20,,,0,45,,191407,20,,,0,85,,191408,20,,,0,85,,191409,20,,,0,83,,191410,20,,,0,45,,191411,20,,,0,85,,191412,20,,,0,85,,191389,20,,,0
12000,'pB3Sep30-Saturday',710,,191420,20,,,0,46,,191419,20,,,0,86,,191421,20,,,0,86,,191422,20,,,0,86,,191423,20,,,0,86,,191424,20,,,0,46,,191425,20,,,0,88,,191426,20,,,0,86,,191428,20,,,0,86,,191427,20,,,0,46,,191429,20,,,0,86,,191430,20,,,0,86,,191431,20,,,0,86,,191432,20,,,0,46,,191433,20,,,0,86,,191434,20,,,0,86,,191435,20,,,0,86,,191436,20,,,0,86,,191437,20,,,0,43,,191438,20,,,0,86,,191439,20,,,0,86,,191440,20,,,0,86,,191441,20,,,0
13400,'Weekday',544,,192836,17,,,0,90,,192837,17,,,0,25,,192870,17,,,0,65,,192838,17,,,0,25,,192869,17,,,0,65,,192839,17,,,0,22,,192868,17,,,0,68,,192840,17,,,0,23,,192871,17,,,0,25,,192841,17,,,0,65,,192873,17,,,0,25,,192842,17,,,0,65,,192861,17,,,0,25,,192843,17,,,0,25,,192862,17,,,0,65,,192844,17,,,0,25,,192863,17,,,0,65,,192845,17,,,0,25,,192872,17,,,0,65,,192846,17,,,0,25,,192860,17,,,0,25,,192847,17,,,0,67,,192865,17,,,0,25,,192848,17,,,0,65,,192864,17,,,0,25,,192849,17,,,0,25,,192866,17,,,0,65,,192850,17,,,0,25,,192867,17,,,0,65,,192851,17,,,0,88,,192852,17,,,0,50,,192853,17,,,0,90,,192854,17,,,0,90,,192855,17,,,0,90,,192856,17,,,0,90,,192857,17,,,0,90,,192858,17,,,0,50,,192859,17,,,0
42200,'Saturday',639,,200185,22,,,0,11,,200185,38,,,0,89,,200186,22,,,0,11,,200186,38,,,0,89,,200187,22,,,0,11,,200187,38,,,0,89,,200188,22,,,0,11,,200188,38,,,0,89,,200189,22,,,0,11,,200189,38,,,0,89,,200190,22,,,0,11,,200190,38,,,0,89,,200191,22,,,0,12,,200191,38,,,0,88,,200193,22,,,0,12,,200193,38,,,0,88,,200192,22,,,0,12,,200192,38,,,0,88,,200194,22,,,0,12,,200194,38,,,0,88,,200195,22,,,0,12,,200195,38,,,0,88,,200196,22,,,0,12,,200196,38,,,0,88,,200197,22,,,0,11,,200197,38,,,0
42200,'Sunday',639,,200198,22,,,0,11,,200198,38,,,0,89,,200199,22,,,0,11,,200199,38,,,0,89,,200200,22,,,0,11,,200200,38,,,0,89,,200201,22,,,0,11,,200201,38,,,0,89,,200202,22,,,0,11,,200202,38,,,0,89,,200203,22,,,0,11,,200203,38,,,0,89,,200204,22,,,0,12,,200204,38,,,0,88,,200205,22,,,0,12,,200205,38,,,0,88,,200206,22,,,0,12,,200206,38,,,0,88,,200207,22,,,0,12,,200207,38,,,0,88,,200208,22,,,0,12,,200208,38,,,0,88,,200209,22,,,0,12,,200209,38,,,0,88,,200210,22,,,0,11,,200210,38,,,0
42200,'Weekday',638,,200211,22,,,0,12,,200211,38,,,0,58,,200229,22,,,0,12,,200229,38,,,0,18,,200212,22,,,0,12,,200212,38,,,0,58,,200233,22,,,0,12,,200233,38,,,0,18,,200213,22,,,0,12,,200213,38,,,0,58,,200234,22,,,0,11,,200234,38,,,0,19,,200214,22,,,0,11,,200214,38,,,0,59,,200231,22,,,0,11,,200231,38,,,0,19,,200215,22,,,0,11,,200215,38,,,0,59,,200232,22,,,0,11,,200232,38,,,0,19,,200216,22,,,0,11,,200216,38,,,0,59,,200235,22,,,0,11,,200235,38,,,0,19,,200217,22,,,0,11,,200217,38,,,0,59,,200228,22,,,0,11,,200228,38,,,0,19,,200218,22,,,0,11,,200218,38,,,0,59,,200237,22,,,0,11,,200237,38,,,0,19,,200219,22,,,0,11,,200219,38,,,0,68,,200236,22,,,0,12,,200236,38,,,0,9,,200220,22,,,0,12,,200220,38,,,0,58,,200230,22,,,0,12,,200230,38,,,0,18,,200222,22,,,0,12,,200222,38,,,0,58,,200238,22,,,0,12,,200238,38,,,0,18,,200221,22,,,0,12,,200221,38,,,0,58,,200227,22,,,0,12,,200227,38,,,0,18,,200225,22,,,0,11,,200225,38,,,0,88,,200224,22,,,0,11,,200224,38,,,0,89,,200223,22,,,0,11,,200223,38,,,0,89,,200226,22,,,0,11,,200226,38,,,0
42200,'pB3Sep30-Saturday',639,,200239,22,,,0,11,,200239,38,,,0,89,,200240,22,,,0,11,,200240,38,,,0,89,,200241,22,,,0,11,,200241,38,,,0,89,,200242,22,,,0,11,,200242,38,,,0,89,,200243,22,,,0,11,,200243,38,,,0,89,,200244,22,,,0,11,,200244,38,,,0,89,,200245,22,,,0,12,,200245,38,,,0,88,,200247,22,,,0,12,,200247,38,,,0,88,,200246,22,,,0,12,,200246,38,,,0,88,,200248,22,,,0,12,,200248,38,,,0,88,,200249,22,,,0,12,,200249,38,,,0,88,,200250,22,,,0,12,,200250,38,,,0,88,,200251,22,,,0,11,,200251,38,,,0
