100,'Saturday',536,,169042,30,,,0,65,,169058,30,,,0,25,,169073,30,,,0,25,,169054,30,,,0,66,,169067,30,,,0,26,,169048,30,,,0,65,,169041,30,,,0,25,,169060,30,,,0,25,,169074,30,,,0,65,,169081,30,,,0,25,,169056,30,,,0,65,,169069,30,,,0,25,,169050,30,,,0,65,,169044,30,,,0,25,,169062,30,,,0,25,,169075,30,,,0,65,,169080,30,,,0,25,,169055,30,,,0,65,,169070,30,,,0,25,,169049,30,,,0,25,,169043,30,,,0,65,,169063,30,,,0,25,,169076,30,,,0,65,,169082,30,,,0,25,,169057,30,,,0,65,,169071,30,,,0,25,,169051,30,,,0,25,,169046,30,,,0,65,,169064,30,,,0,25,,169077,30,,,0,65,,169084,30,,,0,25,,169059,30,,,0,25,,169068,30,,,0,65,,169052,30,,,0,25,,169045,30,,,0,65,,169065,30,,,0,24,,169078,30,,,0,65,,169083,30,,,0,25,,169061,30,,,0,25,,169072,30,,,0,64,,169053,30,,,0,25,,169047,30,,,0,65,,169066,30,,,0,25,,169079,30,,,0,70,,169085,30,,,0
100,'Sunday',536,,169086,30,,,0,65,,169104,30,,,0,25,,169117,30,,,0,25,,169100,30,,,0,66,,169110,30,,,0,26,,169093,30,,,0,65,,169087,30,,,0,25,,169108,30,,,0,25,,169119,30,,,0,65,,169125,30,,,0,25,,169099,30,,,0,65,,169113,30,,,0,25,,169094,30,,,0,65,,169088,30,,,0,25,,169109,30,,,0,25,,169120,30,,,0,65,,169126,30,,,0,25,,169101,30,,,0,65,,169114,30,,,0,25,,169095,30,,,0,25,,169089,30,,,0,65,,169107,30,,,0,25,,169121,30,,,0,65,,169127,30,,,0,25,,169102,30,,,0,65,,169115,30,,,0,25,,169096,30,,,0,25,,169091,30,,,0,65,,169106,30,,,0,25,,169122,30,,,0,65,,169128,30,,,0,25,,169103,30,,,0,25,,169116,30,,,0,65,,169098,30,,,0,25,,169090,30,,,0,65,,169111,30,,,0,24,,169123,30,,,0,65,,169129,30,,,0,25,,169105,30,,,0,25,,169118,30,,,0,64,,169097,30,,,0,25,,169092,30,,,0,65,,169112,30,,,0,25,,169124,30,,,0,83,,169130,30,0,43 44,0
100,'Weekday',452,,169131,30,,,0,56,,169136,30,,,0,16,,169141,30,,,0,16,,169146,30,,,0,16,,169151,30,,,0,58,,169134,30,,,0,17,,169139,30,,,0,17,,169144,30,,,0,56,,169149,30,,,0,16,,169153,30,,,0,16,,169155,30,,,0,16,,169132,30,,,0,56,,169137,30,,,0,16,,169142,30,,,0,16,,169145,30,,,0,15,,169150,30,,,0,58,,169162,30,,,0,19,,169163,30,,,0,19,,169158,30,,,0,59,,169159,30,,,0,19,,169160,30,,,0,19,,169164,30,,,0,59,,169161,30,,,0,19,,169165,30,,,0,19,,169166,30,,,0,59,,169167,30,,,0,19,,169168,30,,,0,19,,169169,30,,,0,59,,169170,30,,,0,19,,169171,30,,,0,19,,169172,30,,,0,19,,169173,30,,,0,59,,169174,30,,,0,20,,169175,30,,,0,20,,169176,30,,,0,60,,169177,30,,,0,19,,169178,30,,,0,16,,169179,30,,,0,56,,169180,30,,,0,16,,169181,30,,,0,15,,169148,30,,,0,16,,169154,30,,,0,56,,169156,30,,,0,16,,169133,30,,,0,15,,169138,30,,,0,16,,169143,30,,,0,55,,169147,30,,,0,8,,169152,30,,,0,16,,169157,30,,,0,16,,169135,30,,,0,56,,169140,30,,,0,21,,169182,30,,,0,20,,169183,30,,,0,61,,169184,30,,,0,21,,169185,30,,,0,21,,169186,30,,,0,61,,169187,30,,,0,20,,169188,30,,,0,21,,169189,30,,,0,61,,169190,30,,,0,21,,169191,30,,,0,21,,169192,30,,,0,61,,169193,30,,,0,21,,169194,30,,,0,61,,169195,30,,,0,21,,169196,30,,,0,21,,169197,30,,,0,61,,169198,30,,,0
100,'pB3Sep30-Saturday',536,,169201,30,,,0,65,,169216,30,,,0,25,,169231,30,,,0,25,,169212,30,,,0,66,,169225,30,,,0,26,,169206,30,,,0,65,,169199,30,,,0,25,,169218,30,,,0,25,,169232,30,,,0,65,,169239,30,,,0,25,,169214,30,,,0,65,,169227,30,,,0,25,,169208,30,,,0,65,,169202,30,,,0,25,,169220,30,,,0,25,,169233,30,,,0,65,,169236,30,,,0,25,,169213,30,,,0,65,,169228,30,,,0,25,,169207,30,,,0,25,,169200,30,,,0,65,,169221,30,,,0,25,,169234,30,,,0,65,,169240,30,,,0,25,,169215,30,,,0,65,,169229,30,,,0,25,,169209,30,,,0,25,,169204,30,,,0,65,,169222,30,,,0,25,,169235,30,,,0,65,,169242,30,,,0,25,,169217,30,,,0,25,,169226,30,,,0,65,,169210,30,,,0,25,,169203,30,,,0,65,,169223,30,,,0,24,,169237,30,,,0,65,,169241,30,,,0,25,,169219,30,,,0,25,,169230,30,,,0,64,,169211,30,,,0,25,,169205,30,,,0,65,,169224,30,,,0,25,,169238,30,,,0,70,,169243,30,,,0
901,'Saturday',524,,171860,29,,,0,25,,171865,29,,,0,72,,171866,29,,,0,32,,171867,29,,,0,72,,171868,29,,,0,32,,171869,29,,,0,72,,171870,29,,,0,72,,171871,29,,,0,32,,171872,29,,,0,72,,171873,29,,,0,32,,171874,29,,,0,72,,171875,29,,,0,32,,171876,29,,,0,72,,171877,29,,,0,32,,171878,29,,,0,72,,171879,29,,,0,32,,171880,29,,,0,72,,171881,29,,,0,32,,171882,29,,,0,72,,171883,29,,,0,32,,171884,29,,,0,72,,171885,29,,,0,72,,171886,29,,,0,32,,171887,29,,,0,72,,171888,29,,,0,32,,171889,29,,,0,72,,171890,29,,,0,32,,171891,29,,,0,72,,171892,29,,,0,32,,171893,29,,,0,72,,171894,29,,,0,32,,171861,29,,,0,72,,171864,29,,,0,32,,171862,29,,,0,65,,171863,29,,,0
901,'Sunday',524,,171895,29,,,0,25,,171902,29,,,0,72,,171916,29,,,0,32,,171923,29,,,0,72,,171909,29,,,0,32,,171896,29,,,0,72,,171903,29,,,0,72,,171917,29,,,0,32,,171924,29,,,0,72,,171910,29,,,0,32,,171897,29,,,0,72,,171904,29,,,0,32,,171918,29,,,0,72,,171925,29,,,0,32,,171911,29,,,0,72,,171898,29,,,0,32,,171905,29,,,0,72,,171919,29,,,0,32,,171926,29,,,0,72,,171912,29,,,0,32,,171899,29,,,0,72,,171906,29,,,0,72,,171920,29,,,0,32,,171927,29,,,0,72,,171913,29,,,0,32,,171900,29,,,0,72,,171907,29,,,0,32,,171921,29,,,0,72,,171928,29,,,0,32,,171914,29,,,0,72,,171901,29,,,0,32,,171908,29,,,0,72,,171922,29,,,0,32,,171929,29,,,0,65,,171915,29,,,0
901,'Weekday',446,,171930,29,,,0,62,,171945,29,,,0,22,,171955,29,,,0,22,,171970,29,,,0,64,,171938,29,,,0,27,,171950,29,,,0,62,,171963,29,,,0,22,,171931,29,,,0,22,,171946,29,,,0,51,,171983,29,,,0,11,,171956,29,,,0,11,,171984,29,,,0,11,,171978,29,,,0,11,,171990,29,,,0,11,,171971,29,,,0,51,,171985,29,,,0,11,,171939,29,,,0,10,,171982,29,,,0,10,,171951,29,,,0,22,,171964,29,,,0,62,,171932,29,,,0,22,,171947,29,,,0,62,,171957,29,,,0,22,,171979,29,,,0,22,,171972,29,,,0,62,,171940,29,,,0,22,,171952,29,,,0,22,,171965,29,,,0,62,,171933,29,,,0,22,,171948,29,,,0,62,,171958,29,,,0,22,,171980,29,,,0,22,,171973,29,,,0,62,,171941,29,,,0,24,,171953,29,,,0,23,,171966,29,,,0,50,,171986,29,,,0,13,,171934,29,,,0,9,,171987,29,,,0,14,,171949,29,,,0,8,,171988,29,,,0,55,,171959,29,,,0,23,,171981,29,,,0,23,,171974,29,,,0,61,,171942,29,,,0,11,,171989,29,,,0,6,,171954,29,,,0,23,,171967,29,,,0,70,,171935,29,,,0,30,,171960,29,,,0,70,,171975,29,,,0,30,,171943,29,,,0,70,,171968,29,,,0,30,,171936,29,,,0,70,,171961,29,,,0,30,,171976,29,,,0,70,,171944,29,,,0,30,,171969,29,,,0,70,,171937,29,,,0,30,,171962,29,,,0,70,,171977,29,,,0
901,'pB3Sep30-Saturday',524,,171991,29,,,0,25,,171996,29,,,0,72,,171997,29,,,0,32,,171998,29,,,0,72,,171999,29,,,0,32,,172000,29,,,0,72,,172001,29,,,0,72,,172002,29,,,0,32,,172003,29,,,0,72,,172004,29,,,0,32,,172005,29,,,0,72,,172006,29,,,0,32,,172007,29,,,0,72,,172008,29,,,0,32,,172009,29,,,0,72,,172010,29,,,0,32,,172011,29,,,0,72,,172012,29,,,0,32,,172013,29,,,0,72,,172014,29,,,0,32,,172015,29,,,0,72,,172016,29,,,0,72,,172017,29,,,0,32,,172018,29,,,0,72,,172019,29,,,0,32,,172020,29,,,0,72,,172021,29,,,0,32,,172022,29,,,0,72,,172023,29,,,0,32,,172024,29,,,0,72,,172025,29,,,0,32,,171992,29,,,0,72,,171995,29,,,0,32,,171993,29,,,0,65,,171994,29,,,0
9000,'Saturday',635,,186805,15,,,0,72,,186785,15,,,0,32,,186794,15,,,0,72,,186807,15,,,0,32,,186786,15,,,0,72,,186795,15,,,0,32,,186806,15,,,0,72,,186787,15,,,0,32,,186797,15,,,0,72,,186808,15,,,0,34,,186789,15,,,0,72,,186798,15,,,0,72,,186809,15,,,0,32,,186790,15,,,0,72,,186796,15,,,0,32,,186812,15,,,0,72,,186788,15,,,0,32,,186799,15,,,0,72,,186810,15,,,0,31,,186791,15,,,0,73,,186800,15,,,0,31,,186813,15,,,0,71,,186792,15,,,0,32,,186802,15,,,0,72,,186811,15,,,0,32,,186793,15,,,0,72,,186801,15,,,0
9000,'Sunday',635,,186835,15,,,0,72,,186815,15,,,0,32,,186823,15,,,0,72,,186834,15,,,0,32,,186816,15,,,0,72,,186825,15,,,0,32,,186836,15,,,0,72,,186814,15,,,0,32,,186824,15,,,0,72,,186838,15,,,0,33,,186818,15,,,0,73,,186827,15,,,0,72,,186839,15,,,0,32,,186817,15,,,0,72,,186826,15,,,0,32,,186837,15,,,0,72,,186820,15,,,0,32,,186828,15,,,0,72,,186840,15,,,0,31,,186819,15,,,0,73,,186829,15,,,0,31,,186841,15,,,0,71,,186821,15,,,0,32,,186830,15,,,0,72,,186842,15,,,0,32,,186822,15,,,0,72,,186831,15,,,0
9000,'Weekday',615,,186863,15,,,0,30,,186873,15,,,0,69,,186844,15,,,0,30,,186854,15,,,0,70,,186864,15,,,0,30,,186874,15,,,0,69,,186845,15,,,0,30,,186855,15,,,0,70,,186865,15,,,0,30,,186875,15,,,0,70,,186846,15,,,0,30,,186856,15,,,0,70,,186866,15,,,0,30,,186876,15,,,0,70,,186849,15,,,0,30,,186857,15,,,0,70,,186867,15,,,0,30,,186877,15,,,0,71,,186847,15,,,0,30,,186858,15,,,0,70,,186868,15,,,0,30,,186878,15,,,0,70,,186848,15,,,0,27,,186859,15,,,0,70,,186869,15,,,0,30,,186879,15,,,0,60,,186850,15,,,0,30,,186860,15,,,0,70,,186870,15,,,0,30,,186880,15,,,0,16,,186851,15,,,0,70,,186861,15,,,0,30,,186871,15,,,0,70,,186881,15,,,0,10,,186852,15,,,0,30,,186862,15,,,0,65,,186872,15,,,0
9000,'pB3Sep30-Saturday',635,,186902,15,,,0,72,,186882,15,,,0,32,,186891,15,,,0,72,,186904,15,,,0,32,,186883,15,,,0,72,,186892,15,,,0,32,,186903,15,,,0,72,,186884,15,,,0,32,,186894,15,,,0,72,,186905,15,,,0,34,,186886,15,,,0,72,,186895,15,,,0,72,,186906,15,,,0,32,,186887,15,,,0,72,,186893,15,,,0,32,,186909,15,,,0,72,,186885,15,,,0,32,,186896,15,,,0,72,,186907,15,,,0,31,,186888,15,,,0,73,,186897,15,,,0,31,,186910,15,,,0,71,,186889,15,,,0,32,,186899,15,,,0,72,,186908,15,,,0,32,,186890,15,,,0,72,,186898,15,,,0
10400,'Saturday',610,,189797,12,,,0,32,,189812,12,,,0,72,,189798,12,,,0,32,,189813,12,,,0,72,,189800,12,,,0,32,,189814,12,,,0,72,,189802,12,,,0,32,,189815,12,,,0,72,,189801,12,,,0,32,,189816,12,,,0,72,,189799,12,,,0,72,,189817,12,,,0,32,,189803,12,,,0,72,,189818,12,,,0,32,,189805,12,,,0,72,,189819,12,,,0,32,,189804,12,,,0,72,,189820,12,,,0,32,,189806,12,,,0,72,,189823,12,,,0,32,,189808,12,,,0,72,,189821,12,,,0,32,,189807,12,,,0,72,,189822,12,,,0,32,,189809,12,,,0,72,,189824,12,,,0,72,,189811,12,,,0,32,,189825,12,,,0,72,,189810,12,,,0,34,,189826,12,,,0
10400,'Sunday',610,,189827,12,,,0,32,,189842,12,,,0,72,,189828,12,,,0,32,,189843,12,,,0,72,,189830,12,,,0,32,,189844,12,,,0,72,,189829,12,,,0,32,,189845,12,,,0,72,,189832,12,,,0,32,,189846,12,,,0,72,,189833,12,,,0,72,,189847,12,,,0,32,,189831,12,,,0,72,,189848,12,,,0,32,,189834,12,,,0,72,,189849,12,,,0,32,,189836,12,,,0,72,,189850,12,,,0,32,,189835,12,,,0,72,,189852,12,,,0,32,,189837,12,,,0,72,,189851,12,,,0,32,,189838,12,,,0,72,,189853,12,,,0,32,,189839,12,,,0,72,,189854,12,,,0,72,,189841,12,,,0,32,,189855,12,,,0,72,,189840,12,,,0,34,,189856,12,,,0
10400,'Weekday',550,,189857,12,,,0,71,,189875,12,,,0,33,,189858,12,,,0,72,,189877,12,,,0,74,,189859,12,,,0,33,,189878,12,,,0,71,,189860,12,,,0,32,,189879,12,,,0,72,,189861,12,,,0,32,,189880,12,,,0,72,,189862,12,,,0,32,,189881,12,,,0,72,,189863,12,,,0,32,,189882,12,,,0,72,,189864,12,,,0,32,,189883,12,,,0,72,,189865,12,,,0,32,,189884,12,,,0,73,,189866,12,,,0,72,,189885,12,,,0,33,,189867,12,,,0,71,,189887,12,,,0,32,,189868,12,,,0,70,,189886,12,,,0,31,,189869,12,,,0,72,,189888,12,,,0,32,,189870,12,,,0,72,,189889,12,,,0,32,,189871,12,,,0,72,,189890,12,,,0,32,,189872,12,,,0,72,,189891,12,,,0,32,,189873,12,,,0,72,,189892,12,,,0,32,,189874,12,,,0,72,,189893,12,,,0,76,,189876,12,,,0
10400,'pB3Sep30-Saturday',610,,189894,12,,,0,32,,189909,12,,,0,72,,189895,12,,,0,32,,189910,12,,,0,72,,189897,12,,,0,32,,189911,12,,,0,72,,189899,12,,,0,32,,189912,12,,,0,72,,189898,12,,,0,32,,189913,12,,,0,72,,189896,12,,,0,72,,189914,12,,,0,32,,189900,12,,,0,72,,189915,12,,,0,32,,189902,12,,,0,72,,189916,12,,,0,32,,189901,12,,,0,72,,189917,12,,,0,32,,189903,12,,,0,72,,189920,12,,,0,32,,189905,12,,,0,72,,189918,12,,,0,32,,189904,12,,,0,72,,189919,12,,,0,32,,189906,12,,,0,72,,189921,12,,,0,72,,189908,12,,,0,32,,189922,12,,,0,72,,189907,12,,,0,34,,189923,12,,,0
