2000,'Saturday',659,,173787,43,,,0,67,,173806,43,,,0,26,,173793,43,,,0,66,,173799,43,,,0,26,,173814,43,,,0,67,,173819,43,,,0,27,,173788,43,,,0,67,,173807,43,,,0,27,,173794,43,,,0,27,,173801,43,,,0,67,,173813,43,,,0,27,,173820,43,,,0,67,,173786,43,,,0,27,,173808,43,,,0,67,,173795,43,,,0,27,,173802,43,,,0,67,,173815,43,,,0,27,,173821,43,,,0,67,,173789,43,,,0,27,,173809,43,,,0,27,,173796,43,,,0,67,,173803,43,,,0,27,,173816,43,,,0,67,,173822,43,,,0,27,,173790,43,,,0,67,,173810,43,,,0,27,,173797,43,,,0,67,,173804,43,,,0,27,,173818,43,,,0,27,,173823,43,,,0,65,,173792,43,,,0,26,,173811,43,,,0,66,,173798,43,,,0,26,,173805,43,,,0,66,,173817,43,,,0,26,,173824,43,,,0,66,,173791,43,,,0,24,,173812,43,,,0,26,,173826,43,,,0,65,,173825,43,,,0,26,,173800,43,,,0
2000,'Sunday',659,,173827,43,,,0,67,,173846,43,,,0,26,,173835,43,,,0,66,,173840,43,,,0,26,,173853,43,,,0,67,,173860,43,,,0,27,,173828,43,,,0,67,,173847,43,,,0,27,,173836,43,,,0,27,,173841,43,,,0,67,,173854,43,,,0,27,,173859,43,,,0,67,,173829,43,,,0,27,,173848,43,,,0,67,,173837,43,,,0,27,,173842,43,,,0,67,,173855,43,,,0,27,,173861,43,,,0,67,,173830,43,,,0,27,,173849,43,,,0,27,,173838,43,,,0,67,,173843,43,,,0,27,,173856,43,,,0,67,,173863,43,,,0,27,,173831,43,,,0,67,,173850,43,,,0,27,,173834,43,,,0,67,,173844,43,,,0,27,,173857,43,,,0,27,,173862,43,,,0,65,,173833,43,,,0,26,,173851,43,,,0,66,,173839,43,,,0,26,,173845,43,,,0,66,,173858,43,,,0,26,,173864,43,,,0,66,,173832,43,,,0,24,,173866,43,,,0,26,,173865,43,,,0,64,,173852,43,,,0
2000,'Weekday',525,,173867,28,,,0,24,,173877,28,,,0,66,,173881,43,,,0,30,,173895,43,,,0,66,,173889,43,,,0,16,,173901,43,,,0,14,,173875,43,,,0,14,,173903,43,,,0,54,,173868,43,,,0,14,,173905,43,,,0,14,,173876,43,,,0,13,,173900,43,,,0,53,,173882,43,,,0,14,,173902,43,,,0,12,,173893,43,,,0,14,,173904,43,,,0,14,,173891,43,,,0,68,,173906,43,,,0,28,,173869,43,,,0,68,,173878,43,,,0,28,,173883,43,,,0,68,,173896,43,,,0,28,,173890,43,,,0,68,,173907,43,,,0,28,,173870,43,,,0,68,,173879,43,,,0,25,,173884,43,,,0,71,,173897,43,,,0,30,,173892,43,,,0,3,,173912,28,,,0,20,,173917,28,,,0,45,,173908,43,,,0,14,,173915,43,,,0,14,,173871,43,,,0,14,,173923,43,,,0,14,,173880,43,,,0,54,,173926,43,,,0,14,,173886,43,,,0,13,,173913,43,,,0,12,,173918,43,,,0,54,,173898,43,,,0,14,,173894,43,,,0,13,,173914,43,,,0,13,,173909,43,,,0,54,,173916,43,,,0,14,,173872,43,,,0,13,,173922,43,,,0,28,,173885,43,,,0,68,,173919,43,,,0,28,,173899,43,,,0,68,,173910,43,,,0,28,,173873,43,,,0,68,,173924,43,,,0,28,,173887,43,,,0,75,,173920,43,,,0,27,,173911,43,,,0,70,,173874,43,,,0,30,,173925,43,,,0,70,,173888,43,,,0
2000,'Weekday0000100',1459,,173927,28,,,0
2000,'pB3Sep30-Saturday',659,,173929,43,,,0,67,,173948,43,,,0,26,,173935,43,,,0,66,,173941,43,,,0,26,,173956,43,,,0,67,,173961,43,,,0,27,,173930,43,,,0,67,,173949,43,,,0,27,,173936,43,,,0,27,,173943,43,,,0,67,,173955,43,,,0,27,,173962,43,,,0,67,,173928,43,,,0,27,,173950,43,,,0,67,,173937,43,,,0,27,,173944,43,,,0,67,,173957,43,,,0,27,,173963,43,,,0,67,,173931,43,,,0,27,,173951,43,,,0,27,,173938,43,,,0,67,,173945,43,,,0,27,,173958,43,,,0,67,,173964,43,,,0,27,,173932,43,,,0,67,,173952,43,,,0,27,,173939,43,,,0,67,,173946,43,,,0,27,,173960,43,,,0,27,,173965,43,,,0,65,,173934,43,,,0,26,,173953,43,,,0,66,,173940,43,,,0,26,,173947,43,,,0,66,,173959,43,,,0,26,,173966,43,,,0,66,,173933,43,,,0,24,,173954,43,,,0,26,,173968,43,,,0,65,,173967,43,,,0,26,,173942,43,,,0
3800,'Saturday',438,,177268,10,,,0,63,,177269,10,,,0,23,,177270,10,,,0,23,,177272,10,,,0,63,,177273,10,,,0,23,,177271,10,,,0,23,,177274,10,,,0,63,,177276,10,,,0,23,,177275,10,,,0,63,,177277,10,,,0,23,,177278,10,,,0,23,,177280,10,,,0,63,,177279,10,,,0,24,,177284,10,,,0,62,,177285,10,,,0,22,,177286,10,,,0,23,,177283,10,,,0,61,,177282,10,,,0,21,,177281,10,,,0,21,,177287,10,,,0,62,,177289,10,,,0,22,,177288,10,,,0,22,,177290,10,,,0,62,,177244,10,,,0,21,,177239,10,,,0,21,,177291,10,,,0,62,,177266,10,,,0,22,,177293,10,,,0,62,,177292,10,,,0,22,,177245,10,,,0,21,,177246,10,,,0,60,,177257,10,,,0,22,,177254,10,,,0,22,,177240,10,,,0,62,,177250,10,,,0,22,,177247,10,,,0,21,,177251,10,,,0,60,,177241,10,,,0,20,,177262,10,,,0,23,,177267,10,,,0,60,,177258,10,,,0,20,,177255,10,,,0,64,,177242,10,,,0,24,,177248,10,,,0,24,,177256,10,,,0,65,,177263,10,,,0,24,,177252,10,,,0,64,,177259,10,,,0,24,,177249,10,,,0,24,,177243,10,,,0,64,,177265,10,,,0,24,,177260,10,,,0,64,,177264,10,,,0,24,,177253,10,,,0,24,,177261,10,,,0
3800,'Sunday',438,,177294,10,,,0,63,,177295,10,,,0,23,,177296,10,,,0,23,,177297,10,,,0,63,,177298,10,,,0,23,,177299,10,,,0,23,,177300,10,,,0,63,,177301,10,,,0,23,,177302,10,,,0,63,,177303,10,,,0,23,,177304,10,,,0,23,,177305,10,,,0,63,,177306,10,,,0,24,,177307,10,,,0,62,,177308,10,,,0,22,,177309,10,,,0,23,,177310,10,,,0,61,,177311,10,,,0,21,,177312,10,,,0,21,,177313,10,,,0,62,,177314,10,,,0,22,,177315,10,,,0,22,,177316,10,,,0,62,,177317,10,,,0,21,,177318,10,,,0,21,,177319,10,,,0,62,,177320,10,,,0,22,,177321,10,,,0,62,,177322,10,,,0,22,,177323,10,,,0,21,,177348,10,,,0,60,,177324,10,,,0,22,,177325,10,,,0,22,,177326,10,,,0,62,,177327,10,,,0,22,,177328,10,,,0,21,,177329,10,,,0,60,,177330,10,,,0,20,,177331,10,,,0,22,,177332,10,,,0,61,,177333,10,,,0,21,,177334,10,,,0,63,,177335,10,,,0,24,,177336,10,,,0,24,,177337,10,,,0,65,,177338,10,,,0,24,,177339,10,,,0,64,,177340,10,,,0,24,,177341,10,,,0,24,,177342,10,,,0,64,,177343,10,,,0,24,,177344,10,,,0,64,,177345,10,,,0,24,,177346,10,,,0,24,,177347,10,,,0
3800,'Weekday',428,,177350,10,,,0,13,,177351,10,,,0,13,,177352,10,,,0,53,,177353,10,,,0,13,,177354,10,,,0,13,,177355,10,,,0,13,,177369,10,,,0,55,,177356,10,,,0,15,,177357,10,,,0,15,,177358,10,,,0,15,,177359,10,,,0,57,,177360,10,,,0,14,,177361,10,,,0,15,,177362,10,,,0,15,,177363,10,,,0,55,,177364,10,,,0,16,,177365,10,,,0,17,,177366,10,,,0,13,,177349,10,0,121 47,0,5,,177367,10,,,0,59,,177368,10,,,0,20,,177371,10,,,0,20,,177382,10,,,0,58,,177374,10,,,0,18,,177378,10,,,0,19,,177380,10,,,0,59,,177384,10,,,0,19,,177376,10,,,0,18,,177372,10,,,0,58,,177383,10,,,0,20,,177379,10,,,0,20,,177377,10,,,0,59,,177373,10,,,0,19,,177381,10,,,0,17,,177370,10,,,0,17,,177375,10,,,0,55,,177385,10,,,0,15,,177388,10,,,0,15,,177390,10,,,0,16,,177391,10,,,0,55,,177392,10,,,0,15,,177393,10,,,0,5,,177424,10,,,0,10,,177394,10,,,0,15,,177395,10,,,0,54,,177396,10,,,0,15,,177397,10,,,0,15,,177398,10,,,0,16,,177399,10,,,0,55,,177400,10,,,0,16,,177401,10,,,0,15,,177402,10,,,0,14,,177403,10,,,0,55,,177386,10,,,0,14,,177387,10,,,0,15,,177389,10,,,0,20,,177404,10,,,0,60,,177405,10,,,0,20,,177406,10,,,0,20,,177407,10,,,0,60,,177408,10,,,0,19,,177409,10,,,0,21,,177410,10,,,0,60,,177411,10,,,0,20,,177412,10,,,0,20,,177413,10,,,0,59,,177414,10,,,0,20,,177415,10,,,0,20,,177416,10,,,0,60,,177417,10,,,0,20,,177418,10,,,0,20,,177419,10,,,0,60,,177420,10,,,0,20,,177421,10,,,0,20,,177422,10,,,0,60,,177423,10,,,0
3800,'Weekday0000100',902,,177425,10,0,121 47,0,442,,177427,10,,,0,82,,177426,10,,,0
3800,'Weekday1111000',843,,177428,10,0,121 47,0,680,,177430,10,,,0,6,,177429,10,,,0
3800,'pB3Sep30-Saturday',438,,177460,10,,,0,63,,177461,10,,,0,23,,177462,10,,,0,23,,177464,10,,,0,63,,177465,10,,,0,23,,177463,10,,,0,23,,177466,10,,,0,63,,177468,10,,,0,23,,177467,10,,,0,63,,177469,10,,,0,23,,177470,10,,,0,23,,177472,10,,,0,63,,177471,10,,,0,24,,177476,10,,,0,62,,177477,10,,,0,22,,177478,10,,,0,23,,177475,10,,,0,61,,177474,10,,,0,21,,177473,10,,,0,21,,177479,10,,,0,62,,177481,10,,,0,22,,177480,10,,,0,22,,177482,10,,,0,62,,177436,10,,,0,21,,177432,10,,,0,21,,177483,10,,,0,62,,177458,10,,,0,22,,177485,10,,,0,62,,177484,10,,,0,22,,177437,10,,,0,21,,177438,10,,,0,60,,177449,10,,,0,22,,177446,10,,,0,22,,177433,10,,,0,62,,177442,10,,,0,22,,177439,10,,,0,21,,177443,10,,,0,60,,177431,10,,,0,20,,177454,10,,,0,23,,177459,10,,,0,60,,177450,10,,,0,20,,177447,10,,,0,64,,177434,10,,,0,24,,177440,10,,,0,24,,177448,10,,,0,65,,177455,10,,,0,24,,177444,10,,,0,64,,177451,10,,,0,24,,177441,10,,,0,24,,177435,10,,,0,64,,177457,10,,,0,24,,177452,10,,,0,64,,177456,10,,,0,24,,177445,10,,,0,24,,177453,10,,,0
