9300,'Saturday',553,,187633,8,,,0,80,,187642,8,,,0,80,,187643,8,,,0,40,,187640,8,,,0,80,,187641,8,,,0,80,,187644,8,,,0,40,,187645,8,,,0,80,,187646,8,,,0,80,,187647,8,,,0,40,,187648,8,,,0,80,,187650,8,,,0,80,,187651,8,,,0,40,,187652,8,,,0,80,,187649,8,,,0,80,,187654,8,,,0,40,,187655,8,,,0,80,,187656,8,,,0,80,,187653,8,,,0,40,,187657,8,,,0,80,,187658,8,,,0,80,,187659,8,,,0,40,,187636,8,,,0,80,,187637,8,,,0,80,,187635,8,,,0,40,,187638,8,,,0,80,,187634,8,,,0
9300,'Sunday',553,,187662,8,,,0,80,,187661,8,,,0,80,,187663,8,,,0,40,,187678,8,,,0,80,,187668,8,,,0,80,,187669,8,,,0,40,,187676,8,,,0,80,,187674,8,,,0,80,,187675,8,,,0,40,,187672,8,,,0,80,,187679,8,,,0,80,,187677,8,,,0,40,,187680,8,,,0,80,,187670,8,,,0,80,,187671,8,,,0,40,,187681,8,,,0,80,,187682,8,,,0,80,,187683,8,,,0,40,,187673,8,,,0,80,,187684,8,,,0,80,,187685,8,,,0,40,,187666,8,,,0,80,,187667,8,,,0,80,,187664,8,,,0,40,,187665,8,,,0,80,,187686,8,,,0
9300,'Weekday',518,,187719,8,,,0,30,,187695,8,,,0,70,,187689,8,,,0,30,,187691,8,,,0,70,,187692,8,,,0,30,,187693,8,,,0,70,,187690,8,,,0,30,,187724,8,,,0,70,,187694,8,,,0,30,,187701,8,,,0,70,,187714,8,,,0,30,,187711,8,,,0,70,,187709,8,,,0,30,,187703,8,,,0,70,,187715,8,,,0,30,,187712,8,,,0,70,,187710,8,,,0,30,,187702,8,,,0,70,,187716,8,,,0,30,,187713,8,,,0,70,,187687,8,,,0,30,,187696,8,,,0,70,,187697,8,,,0,35,,187700,8,,,0,65,,187688,8,,,0,30,,187698,8,,,0,70,,187699,8,,,0,30,,187720,8,,,0,70,,187721,8,,,0,30,,187705,8,,,0,70,,187704,8,,,0,30,,187717,8,,,0,70,,187722,8,,,0,30,,187707,8,,,0,80,,187706,8,,,0,80,,187723,8,,,0,40,,187726,8,,,0,80,,187725,8,,,0,80,,187708,8,,,0
9300,'pB3Sep30-Saturday',553,,187727,8,,,0,80,,187736,8,,,0,80,,187737,8,,,0,40,,187734,8,,,0,80,,187735,8,,,0,80,,187738,8,,,0,40,,187739,8,,,0,80,,187740,8,,,0,80,,187741,8,,,0,40,,187742,8,,,0,80,,187745,8,,,0,80,,187746,8,,,0,40,,187743,8,,,0,80,,187744,8,,,0,80,,187748,8,,,0,40,,187749,8,,,0,80,,187750,8,,,0,80,,187747,8,,,0,40,,187751,8,,,0,80,,187752,8,,,0,80,,187753,8,,,0,40,,187730,8,,,0,80,,187731,8,,,0,80,,187729,8,,,0,40,,187732,8,,,0,80,,187728,8,,,0
11100,'Saturday',633,,190463,18,,,0,85,,190465,18,,,0,85,,190464,18,,,0,45,,190466,18,,,0,85,,190462,18,,,0,85,,190467,18,,,0,85,,190468,18,,,0,45,,190470,18,,,0,85,,190469,18,,,0,85,,190471,18,,,0,85,,190472,18,,,0,45,,190473,18,,,0,85,,190476,18,,,0,85,,190474,18,,,0,85,,190477,18,,,0,45,,190475,18,,,0,85,,190478,18,,,0,85,,190480,18,,,0,85,,190479,18,,,0,45,,190481,18,,,0,85,,190482,18,,,0
11100,'Sunday',633,,190483,18,,,0,85,,190487,18,,,0,85,,190489,18,,,0,45,,190485,18,,,0,85,,190486,18,,,0,85,,190491,18,,,0,85,,190492,18,,,0,45,,190488,18,,,0,85,,190490,18,,,0,85,,190493,18,,,0,85,,190495,18,,,0,45,,190496,18,,,0,85,,190497,18,,,0,85,,190494,18,,,0,85,,190498,18,,,0,45,,190500,18,,,0,85,,190502,18,,,0,85,,190499,18,,,0,85,,190503,18,,,0,45,,190501,18,,,0,85,,190484,18,,,0
11100,'Weekday',600,,190504,18,,,0,30,,190512,18,,,0,70,,190506,18,,,0,30,,190513,18,,,0,70,,190505,18,,,0,30,,190514,18,,,0,70,,190532,18,,,0,30,,190515,18,,,0,70,,190533,18,,,0,30,,190516,18,,,0,70,,190534,18,,,0,30,,190517,18,,,0,29,,190535,18,,,0,70,,190518,18,,,0,30,,190536,18,,,0,70,,190519,18,,,0,30,,190537,18,,,0,70,,190520,18,,,0,30,,190507,18,,,0,71,,190521,18,,,0,70,,190508,18,,,0,30,,190522,18,,,0,15,,190531,18,,,0,55,,190509,18,,,0,30,,190524,18,,,0,70,,190510,18,,,0,30,,190523,18,,,0,70,,190511,18,,,0,30,,190525,18,,,0,90,,190526,18,,,0,90,,190528,18,,,0,90,,190527,18,,,0,50,,190529,18,,,0,90,,190530,18,,,0
11100,'pB3Sep30-Saturday',633,,190539,18,,,0,85,,190541,18,,,0,85,,190540,18,,,0,45,,190542,18,,,0,85,,190538,18,,,0,85,,190543,18,,,0,85,,190544,18,,,0,45,,190546,18,,,0,85,,190545,18,,,0,85,,190547,18,,,0,85,,190548,18,,,0,45,,190549,18,,,0,85,,190552,18,,,0,85,,190550,18,,,0,85,,190553,18,,,0,45,,190551,18,,,0,85,,190554,18,,,0,85,,190556,18,,,0,85,,190555,18,,,0,45,,190557,18,,,0,85,,190558,18,,,0
69900,'Weekday0000100',1445,,200951,55,4,,0,80,,200950,55,4,,0
69900,'Weekday1111000',1637,,200952,55,4,,0
