801,'Saturday',701,,171512,23,,,0,27,,171513,23,,,0,27,,171514,23,,,0,67,,171515,23,,,0,27,,171516,23,,,0,67,,171517,23,,,0,27,,171518,23,,,0,67,,171519,23,,,0,27,,171520,23,,,0,67,,171521,23,,,0,27,,171522,23,,,0,27,,171523,23,,,0,67,,171524,23,,,0,27,,171525,23,,,0,67,,171526,23,,,0,27,,171527,23,,,0,67,,171529,23,,,0,27,,171530,23,,,0,67,,171531,23,,,0,27,,171528,23,,,0,67,,171532,23,,,0,27,,171533,23,,,0,27,,171534,23,,,0,67,,171535,23,,,0,27,,171536,23,,,0,67,,171538,23,,,0,27,,171539,23,,,0,67,,171540,23,,,0,27,,171537,23,,,0,67,,171541,23,,,0,27,,171542,23,,,0,70,,171543,23,,,0,35,,171544,23,,,0,75,,171545,23,,,0,35,,171546,23,,,0,75,,171547,23,,,0,35,,171548,23,,,0
801,'Sunday',701,,171550,23,,,0,27,,171549,23,,,0,27,,171551,23,,,0,67,,171552,23,,,0,27,,171553,23,,,0,67,,171554,23,,,0,27,,171556,23,,,0,67,,171555,23,,,0,27,,171557,23,,,0,67,,171558,23,,,0,27,,171559,23,,,0,27,,171560,23,,,0,67,,171561,23,,,0,27,,171562,23,,,0,67,,171563,23,,,0,27,,171564,23,,,0,67,,171565,23,,,0,27,,171566,23,,,0,67,,171567,23,,,0,27,,171568,23,,,0,67,,171569,23,,,0,27,,171570,23,,,0,27,,171572,23,,,0,67,,171574,23,,,0,27,,171573,23,,,0,67,,171575,23,,,0,27,,171571,23,,,0,67,,171578,23,,,0,27,,171576,23,,,0,67,,171577,23,,,0,27,,171579,23,,,0,70,,171580,23,,,0,35,,171581,23,,,0,75,,171582,23,,,0,35,,171583,23,,,0,75,,171584,23,,,0,35,,171585,23,,,0
801,'Weekday',529,,171647,23,,,0,18,,171610,23,,,0,58,,171589,23,,,0,18,,171591,23,,,0,17,,171601,23,,,0,17,,171618,23,,,0,58,,171626,23,,,0,6,,171634,23,,,0,5,,171635,23,,,0,7,,171648,23,,,0,5,,171636,23,,,0,5,,171637,23,,,0,7,,171611,23,,,0,5,,171638,23,,,0,45,,171639,23,,,0,7,,171590,23,,,0,5,,171640,23,,,0,5,,171641,23,,,0,7,,171593,23,,,0,5,,171642,23,,,0,12,,171602,23,,,0,16,,171619,23,,,0,56,,171627,23,,,0,13,,171649,23,,,0,21,,171612,23,,,0,61,,171592,23,,,0,21,,171603,23,,,0,21,,171620,23,,,0,61,,171650,23,,,0,21,,171613,23,,,0,21,,171594,23,,,0,61,,171604,23,,,0,21,,171622,23,,,0,21,,171651,23,,,0,61,,171614,23,,,0,21,,171595,23,,,0,21,,171605,23,,,0,61,,171621,23,,,0,24,,171652,23,,,0,12,,171643,23,,,0,50,,171615,23,,,0,10,,171644,23,,,0,10,,171596,23,,,0,5,,171645,23,,,0,9,,171629,23,,,0,17,,171606,23,,,0,45,,171646,23,,,0,7,,171632,23,,,0,5,,171623,23,,,0,5,,171631,23,,,0,5,,171633,23,,,0,5,,171628,23,,,0,17,,171653,23,,,0,57,,171616,23,,,0,17,,171597,23,,,0,17,,171630,23,,,0,17,,171587,23,,,0,62,,171624,23,,,0,22,,171654,23,,,0,21,,171617,23,,,0,61,,171598,23,,,0,21,,171607,23,,,0,61,,171625,23,,,0,20,,171655,23,,,0,35,,171588,23,,,0,69,,171608,23,,,0,75,,171657,23,,,0,31,,171599,23,,,0,73,,171609,23,,,0,33,,171656,23,,,0,73,,171600,23,,,0,33,,171586,23,,,0,85,,171658,23,,,0
801,'Weekday0000100',1409,,171659,23,,,0,38,,171660,23,,,0
801,'Weekday1111000',1550,,171661,23,,,0
801,'pB3Sep30-Saturday',701,,171662,23,,,0,27,,171663,23,,,0,27,,171664,23,,,0,67,,171665,23,,,0,27,,171666,23,,,0,67,,171667,23,,,0,27,,171668,23,,,0,67,,171669,23,,,0,27,,171670,23,,,0,67,,171671,23,,,0,27,,171672,23,,,0,27,,171673,23,,,0,67,,171674,23,,,0,27,,171675,23,,,0,67,,171676,23,,,0,27,,171677,23,,,0,67,,171679,23,,,0,27,,171680,23,,,0,67,,171681,23,,,0,27,,171678,23,,,0,67,,171682,23,,,0,27,,171683,23,,,0,27,,171684,23,,,0,67,,171685,23,,,0,27,,171686,23,,,0,67,,171688,23,,,0,27,,171689,23,,,0,67,,171690,23,,,0,27,,171687,23,,,0,67,,171691,23,,,0,27,,171692,23,,,0,70,,171693,23,,,0,35,,171695,23,,,0,75,,171696,23,,,0,35,,171697,23,,,0,75,,171694,23,,,0,35,,171698,23,,,0
8201,'Saturday',614,,185889,26,,,0,30,,185890,26,,,0,70,,185883,26,,,0,30,,185862,26,,,0,70,,185863,26,,,0,30,,185864,26,,,0,70,,185868,26,,,0,30,,185869,26,,,0,70,,185865,26,,,0,30,,185866,26,,,0,70,,185882,26,,,0,30,,185886,26,,,0,70,,185867,26,,,0,30,,185884,26,,,0,70,,185887,26,,,0,30,,185870,26,,,0,70,,185880,26,,,0,30,,185875,26,,,0,70,,185871,26,,,0,30,,185881,26,,,0,70,,185888,26,,,0,30,,185872,26,,,0,70,,185879,26,,,0,30,,185885,26,,,0,70,,185873,26,,,0,30,,185878,26,,,0,70,,185876,26,,,0,30,,185874,26,,,0,70,,185877,26,,,0,30,,185891,26,,,0,70,,185892,26,,,0,30,,185893,26,,,0,70,,185894,26,,,0,30,,185895,26,,,0,70,,185896,26,,,0,30,,185897,26,,,0,70,,185898,26,,,0
8201,'Sunday',614,,185899,26,,,0,30,,185912,26,,,0,70,,185924,26,,,0,30,,185900,26,,,0,70,,185913,26,,,0,30,,185925,26,,,0,70,,185901,26,,,0,30,,185914,26,,,0,70,,185926,26,,,0,30,,185902,26,,,0,70,,185915,26,,,0,30,,185927,26,,,0,70,,185903,26,,,0,30,,185916,26,,,0,70,,185928,26,,,0,30,,185904,26,,,0,70,,185917,26,,,0,30,,185929,26,,,0,70,,185906,26,,,0,30,,185919,26,,,0,70,,185930,26,,,0,30,,185905,26,,,0,70,,185918,26,,,0,30,,185931,26,,,0,70,,185907,26,,,0,30,,185920,26,,,0,70,,185934,26,,,0,30,,185909,26,,,0,70,,185921,26,,,0,30,,185935,26,,,0,70,,185908,26,,,0,30,,185922,26,,,0,70,,185932,26,,,0,30,,185910,26,,,0,70,,185923,26,,,0,30,,185933,26,,,0,70,,185911,26,,,0
8201,'Weekday',609,,185939,26,,,0,34,,185950,26,,,0,75,,185961,26,,,0,16,,185972,26,,,0,17,,185940,26,,,0,56,,185971,26,,,0,17,,185951,26,,,0,16,,185938,26,,,0,17,,185962,26,,,0,55,,185973,26,,,0,15,,185941,26,,,0,32,,185952,26,,,0,73,,185963,26,,,0,73,,185942,26,,,0,33,,185953,26,,,0,73,,185964,26,,,0,33,,185943,26,,,0,73,,185954,26,,,0,33,,185965,26,,,0,74,,185944,26,,,0,33,,185955,26,,,0,73,,185966,26,,,0,73,,185945,26,,,0,33,,185956,26,,,0,16,,185936,26,,,0,57,,185967,26,,,0,33,,185946,26,,,0,15,,185937,26,,,0,56,,185957,26,,,0,16,,185960,26,,,0,17,,185968,26,,,0,73,,185947,26,,,0,33,,185958,26,,,0,73,,185969,26,,,0,33,,185948,26,,,0,73,,185959,26,,,0,73,,185970,26,,,0,33,,185949,26,,,0,73,,185974,26,,,0,33,,185975,26,,,0,73,,185976,26,,,0,33,,185977,26,,,0
8201,'pB3Sep30-Saturday',614,,186005,26,,,0,30,,186006,26,,,0,70,,185999,26,,,0,30,,185978,26,,,0,70,,185979,26,,,0,30,,185980,26,,,0,70,,185984,26,,,0,30,,185985,26,,,0,70,,185981,26,,,0,30,,185982,26,,,0,70,,185998,26,,,0,30,,186002,26,,,0,70,,185983,26,,,0,30,,186000,26,,,0,70,,186003,26,,,0,30,,185986,26,,,0,70,,185996,26,,,0,30,,185991,26,,,0,70,,185987,26,,,0,30,,185997,26,,,0,70,,186004,26,,,0,30,,185988,26,,,0,70,,185995,26,,,0,30,,186001,26,,,0,70,,185989,26,,,0,30,,185994,26,,,0,70,,185992,26,,,0,30,,185990,26,,,0,70,,185993,26,,,0,30,,186007,26,,,0,70,,186008,26,,,0,30,,186009,26,,,0,70,,186010,26,,,0,30,,186011,26,,,0,70,,186012,26,,,0,30,,186013,26,,,0,70,,186014,26,,,0
10501,'Saturday',623,,190153,6,,,0,35,,190163,6,,,0,80,,190160,6,,,0,80,,190162,6,,,0,40,,190165,6,,,0,80,,190161,6,,,0,80,,190164,6,,,0,40,,190167,6,,,0,80,,190168,6,,,0,80,,190170,6,,,0,40,,190166,6,,,0,80,,190171,6,,,0,80,,190172,6,,,0,40,,190169,6,,,0,80,,190173,6,,,0,80,,190174,6,,,0,40,,190158,6,,,0,80,,190157,6,,,0,79,,190159,6,,,0,40,,190155,6,,,0,80,,190156,6,,,0,80,,190154,6,,,0
10501,'Sunday',623,,190175,6,,,0,35,,190182,6,,,0,80,,190189,6,,,0,80,,190176,6,,,0,40,,190183,6,,,0,80,,190190,6,,,0,80,,190177,6,,,0,40,,190184,6,,,0,80,,190191,6,,,0,80,,190178,6,,,0,40,,190185,6,,,0,80,,190192,6,,,0,80,,190179,6,,,0,40,,190186,6,,,0,80,,190193,6,,,0,80,,190180,6,,,0,40,,190187,6,,,0,80,,190194,6,,,0,79,,190181,6,,,0,40,,190188,6,,,0,80,,190196,6,,,0,80,,190195,6,,,0
10501,'Weekday',515,,190222,6,,,0,30,,190213,6,,,0,69,,190205,6,,,0,31,,190197,6,,,0,70,,190223,6,,,0,30,,190216,6,,,0,70,,190206,6,,,0,15,,190231,6,,,0,15,,190198,6,,,0,70,,190224,6,,,0,30,,190214,6,,,0,70,,190207,6,,,0,30,,190199,6,,,0,70,,190225,6,,,0,30,,190215,6,,,0,70,,190208,6,,,0,30,,190200,6,,,0,70,,190226,6,,,0,30,,190217,6,,,0,70,,190209,6,,,0,30,,190201,6,,,0,70,,190227,6,,,0,30,,190218,6,,,0,70,,190210,6,,,0,30,,190202,6,,,0,70,,190228,6,,,0,30,,190219,6,,,0,70,,190212,6,,,0,30,,190203,6,,,0,69,,190229,6,,,0,30,,190220,6,,,0,70,,190211,6,,,0,30,,190204,6,,,0,70,,190230,6,,,0,43,,190221,6,,,0
10501,'pB3Sep30-Saturday',623,,190232,6,,,0,35,,190242,6,,,0,80,,190239,6,,,0,80,,190241,6,,,0,40,,190245,6,,,0,80,,190240,6,,,0,80,,190244,6,,,0,40,,190243,6,,,0,80,,190247,6,,,0,80,,190249,6,,,0,40,,190246,6,,,0,80,,190250,6,,,0,80,,190251,6,,,0,40,,190248,6,,,0,80,,190252,6,,,0,80,,190253,6,,,0,40,,190237,6,,,0,80,,190236,6,,,0,79,,190238,6,,,0,40,,190234,6,,,0,80,,190235,6,,,0,80,,190233,6,,,0
70301,'Weekday',800,,200959,9,4,,0
70401,'Weekday',800,,200965,22,4,,0
70501,'Weekday',800,,200968,8,4,,0
70601,'Weekday',800,,200974,26,4,,0
