3501,'Saturday',607,,176663,6,,,0,100,,176664,6,,,0,100,,176662,6,,,0,100,,176660,6,,,0,100,,176661,6,,,0,100,,176659,6,,,0,100,,176658,6,,,0,100,,176655,6,,,0,100,,176657,6,,,0,100,,176656,6,,,0,100,,176654,6,,,0,100,,176653,6,,,0,100,,176651,6,,,0,100,,176652,6,,,0,100,,176650,6,,,0
3501,'Sunday',707,,176677,6,,,0,100,,176676,6,,,0,100,,176675,6,,,0,100,,176674,6,,,0,100,,176673,6,,,0,100,,176672,6,,,0,100,,176671,6,,,0,100,,176670,6,,,0,100,,176669,6,,,0,100,,176668,6,,,0,100,,176667,6,,,0,100,,176666,6,,,0,100,,176665,6,,,0
3501,'Weekday',532,,176678,6,,,0,70,,176698,6,,,0,30,,176679,6,,,0,70,,176699,6,,,0,30,,176680,6,,,0,70,,176697,6,,,0,30,,176681,6,,,0,100,,176683,6,,,0,100,,176682,6,,,0,100,,176684,6,,,0,100,,176685,6,,,0,100,,176686,6,,,0,100,,176687,6,,,0,70,,176700,6,,,0,30,,176688,6,,,0,70,,176701,6,,,0,30,,176689,6,,,0,70,,176702,6,,,0,30,,176690,6,,,0,100,,176691,6,,,0,100,,176693,6,,,0,100,,176694,6,,,0,100,,176692,6,,,0,100,,176695,6,,,0,100,,176696,6,,,0
3501,'pB3Sep30-Saturday',607,,176716,6,,,0,100,,176717,6,,,0,100,,176715,6,,,0,100,,176713,6,,,0,100,,176714,6,,,0,100,,176712,6,,,0,100,,176711,6,,,0,100,,176708,6,,,0,100,,176710,6,,,0,100,,176709,6,,,0,100,,176707,6,,,0,100,,176706,6,,,0,100,,176704,6,,,0,100,,176705,6,,,0,100,,176703,6,,,0
3701,'Saturday',602,,177063,20,,,0,30,,177067,20,,,0,70,,177069,20,,,0,30,,177070,20,,,0,70,,177068,20,,,0,30,,177073,20,,,0,68,,177030,20,,,0,20,,177031,20,,,0,18,,177033,20,,,0,18,,177034,20,,,0,58,,177032,20,,,0,18,,177036,20,,,0,18,,177040,20,,,0,58,,177035,20,,,0,18,,177038,20,,,0,18,,177042,20,,,0,58,,177037,20,,,0,18,,177039,20,,,0,18,,177043,20,,,0,18,,177041,20,,,0,58,,177044,20,,,0,18,,177045,20,,,0,18,,177046,20,,,0,58,,177047,20,,,0,18,,177048,20,,,0,18,,177049,20,,,0,58,,177050,20,,,0,18,,177052,20,,,0,18,,177053,20,,,0,18,,177054,20,,,0,58,,177055,20,,,0,18,,177056,20,,,0,18,,177057,20,,,0,58,,177051,20,,,0,18,,177058,20,,,0,18,,177059,20,,,0,58,,177061,20,,,0,18,,177062,20,,,0,18,,177060,20,,,0,18,,177065,20,,,0,58,,177066,20,,,0,17,,177064,20,,,0,69,,177074,20,,,0,30,,177075,20,,,0,70,,177076,20,,,0,30,,177072,20,,,0,70,,177077,20,,,0,30,,177078,20,,,0,70,,177079,20,,,0,30,,177071,20,,,0
3701,'Sunday',602,,177080,20,,,0,30,,177097,20,,,0,70,,177123,20,,,0,30,,177128,20,,,0,70,,177124,20,,,0,30,,177129,20,,,0,68,,177081,20,,,0,20,,177101,20,,,0,18,,177083,20,,,0,18,,177102,20,,,0,58,,177084,20,,,0,18,,177100,20,,,0,18,,177082,20,,,0,58,,177103,20,,,0,18,,177085,20,,,0,18,,177104,20,,,0,58,,177086,20,,,0,18,,177105,20,,,0,18,,177087,20,,,0,18,,177106,20,,,0,58,,177090,20,,,0,18,,177107,20,,,0,18,,177088,20,,,0,58,,177108,20,,,0,18,,177089,20,,,0,18,,177110,20,,,0,58,,177091,20,,,0,18,,177111,20,,,0,18,,177092,20,,,0,18,,177109,20,,,0,58,,177093,20,,,0,18,,177112,20,,,0,18,,177094,20,,,0,58,,177114,20,,,0,18,,177095,20,,,0,18,,177113,20,,,0,58,,177096,20,,,0,18,,177115,20,,,0,18,,177098,20,,,0,18,,177117,20,,,0,58,,177099,20,,,0,17,,177116,20,,,0,69,,177121,20,,,0,30,,177125,20,,,0,70,,177122,20,,,0,30,,177126,20,,,0,70,,177120,20,,,0,30,,177127,20,,,0,70,,177118,20,,,0,30,,177119,20,,,0
3701,'Weekday',445,,177162,20,,,0,92,,177165,20,,,0,70,,177163,20,,,0,17,,177131,20,,,0,19,,177166,20,,,0,58,,177130,20,,,0,18,,177167,20,,,0,18,,177132,20,,,0,19,,177168,20,,,0,58,,177133,20,,,0,19,,177169,20,,,0,16,,177134,20,,,0,58,,177170,20,,,0,18,,177135,20,,,0,18,,177172,20,,,0,58,,177136,20,,,0,18,,177173,20,,,0,18,,177137,20,,,0,18,,177174,20,,,0,58,,177139,20,,,0,18,,177171,20,,,0,18,,177138,20,,,0,58,,177175,20,,,0,18,,177140,20,,,0,18,,177176,20,,,0,58,,177141,20,,,0,18,,177178,20,,,0,18,,177142,20,,,0,18,,177177,20,,,0,58,,177143,20,,,0,18,,177179,20,,,0,18,,177144,20,,,0,59,,177180,20,,,0,19,,177145,20,,,0,18,,177181,20,,,0,58,,177146,20,,,0,18,,177182,20,,,0,17,,177148,20,,,0,18,,177183,20,,,0,58,,177147,20,,,0,18,,177184,20,,,0,17,,177149,20,,,0,58,,177185,20,,,0,18,,177150,20,,,0,18,,177186,20,,,0,58,,177151,20,,,0,18,,177187,20,,,0,17,,177152,20,,,0,68,,177153,20,,,0,29,,177154,20,,,0,69,,177155,20,,,0,29,,177157,20,,,0,70,,177156,20,,,0,30,,177159,20,,,0,74,,177158,20,,,0,30,,177160,20,,,0
3701,'pB3Sep30-Saturday',602,,177222,20,,,0,30,,177226,20,,,0,70,,177228,20,,,0,30,,177229,20,,,0,70,,177227,20,,,0,30,,177232,20,,,0,68,,177189,20,,,0,20,,177190,20,,,0,18,,177192,20,,,0,18,,177193,20,,,0,58,,177191,20,,,0,18,,177195,20,,,0,18,,177199,20,,,0,58,,177194,20,,,0,18,,177197,20,,,0,18,,177201,20,,,0,58,,177196,20,,,0,18,,177198,20,,,0,18,,177202,20,,,0,18,,177200,20,,,0,58,,177203,20,,,0,18,,177204,20,,,0,18,,177205,20,,,0,58,,177206,20,,,0,18,,177207,20,,,0,18,,177208,20,,,0,58,,177209,20,,,0,18,,177211,20,,,0,18,,177212,20,,,0,18,,177213,20,,,0,58,,177214,20,,,0,18,,177216,20,,,0,18,,177217,20,,,0,58,,177210,20,,,0,18,,177218,20,,,0,18,,177215,20,,,0,58,,177220,20,,,0,18,,177221,20,,,0,18,,177219,20,,,0,18,,177224,20,,,0,58,,177225,20,,,0,17,,177223,20,,,0,69,,177233,20,,,0,30,,177234,20,,,0,70,,177235,20,,,0,30,,177231,20,,,0,70,,177236,20,,,0,30,,177237,20,,,0,70,,177238,20,,,0,30,,177230,20,,,0
76401,'Weekday0000100',1338,,201107,2,0,48 49 70 183,0
76401,'Weekday1111000',1543,,201108,2,0,48 49 70 183,0
76601,'Weekday0000100',1338,,201122,2,0,48 49 182,0
76601,'Weekday1111000',1543,,201126,2,0,48 49 182,0
