15400,'Saturday',604,,194937,1,,,0,45,,194936,21,,,0,85,,194940,21,,,0,85,,194938,21,,,0,85,,194939,21,,,0,45,,194941,21,,,0,85,,194942,21,,,0,85,,194944,21,,,0,85,,194946,21,,,0,46,,194947,21,,,0,85,,194948,21,,,0,85,,194945,21,,,0,85,,194950,21,,,0,45,,194951,21,,,0,85,,194952,21,,,0,85,,194953,21,,,0,85,,194943,21,,,0,45,,194954,21,,,0,85,,194955,21,,,0,85,,194949,21,,,0
15400,'Sunday',604,,194956,1,,,0,45,,194957,21,,,0,85,,194958,21,,,0,85,,194959,21,,,0,85,,194960,21,,,0,45,,194961,21,,,0,85,,194962,21,,,0,85,,194963,21,,,0,85,,194965,21,,,0,46,,194966,21,,,0,85,,194967,21,,,0,85,,194964,21,,,0,85,,194968,21,,,0,45,,194969,21,,,0,85,,194970,21,,,0,85,,194971,21,,,0,85,,194972,21,,,0,45,,194973,21,,,0,85,,194974,21,,,0,85,,194975,21,,,0
15400,'Weekday',523,,195006,1,,,0,24,,194976,21,,,0,70,,194995,21,,,0,30,,195004,21,,,0,70,,194986,21,,,0,30,,194978,21,,,0,70,,194997,21,,,0,30,,195007,21,,,0,70,,194987,21,,,0,30,,194977,21,,,0,70,,194996,21,,,0,30,,195008,21,,,0,70,,194988,21,,,0,30,,194979,21,,,0,70,,194998,21,,,0,30,,195009,21,,,0,70,,194989,21,,,0,30,,194980,21,,,0,70,,195000,21,,,0,30,,195010,21,,,0,71,,194990,21,,,0,34,,194981,21,,,0,68,,194999,21,,,0,30,,195011,21,,,0,72,,194991,21,,,0,30,,194982,21,,,0,69,,195001,21,,,0,29,,195012,21,,,0,68,,194992,21,,,0,30,,194983,21,,,0,70,,195003,21,,,0,30,,195013,21,,,0,72,,194993,21,,,0,30,,194984,21,,,0,70,,195002,21,,,0,30,,195014,21,,,0,68,,194994,21,,,0,30,,194985,21,,,0,70,,195005,21,,,0,30,,195015,21,,,0
15400,'pB3Sep30-Saturday',604,,195017,1,,,0,45,,195016,21,,,0,85,,195020,21,,,0,85,,195018,21,,,0,85,,195019,21,,,0,45,,195021,21,,,0,85,,195023,21,,,0,85,,195025,21,,,0,85,,195026,21,,,0,46,,195027,21,,,0,85,,195028,21,,,0,85,,195022,21,,,0,85,,195030,21,,,0,45,,195031,21,,,0,85,,195032,21,,,0,85,,195033,21,,,0,85,,195024,21,,,0,45,,195034,21,,,0,85,,195035,21,,,0,85,,195029,21,,,0
70400,'Weekday0000100',1328,,200961,18,0,130 189 190,0
70400,'Weekday1111000',1538,,200963,18,0,130 189 190,0
70401,'Weekday',732,,200964,4,0,130 189 190,0,1,,200965,4,0,130 189 190,0
70600,'Weekday0000100',1338,,200970,29,4,,0
70600,'Weekday1111000',1548,,200972,29,4,,0
70601,'Weekday',729,,200974,1,0,130 184 64,0
79700,'Weekday',821,,201194,1,,,0
79700,'Weekday0000100',1324,,201195,2,,,0
79700,'Weekday1111000',1544,,201196,2,,,0
81800,'Weekday0000100',1449,,201237,20,0,12 13 14 15 16,0
81800,'Weekday1111000',1549,,201238,20,0,12 13 14 15 16,0
81801,'Weekday',819,,201239,21,0,12 13 14 15 16,0
