5400,'Saturday',635,,180365,6,,,0,85,,180366,6,,,0,85,,180367,6,,,0,45,,180368,6,,,0,85,,180369,6,,,0,85,,180370,6,,,0,85,,180373,6,,,0,45,,180374,6,,,0,85,,180375,6,,,0,85,,180371,6,,,0,85,,180372,6,,,0,45,,180376,6,,,0,85,,180377,6,,,0,85,,180380,6,,,0,85,,180381,6,,,0,45,,180382,6,,,0,85,,180378,6,,,0,85,,180379,6,,,0,85,,180383,6,,,0,45,,180384,6,,,0,85,,180385,6,,,0,85,,180386,6,,,0,85,,180387,6,,,0
5400,'Sunday',635,,180389,6,,,0,85,,180390,6,,,0,85,,180392,6,,,0,45,,180393,6,,,0,85,,180394,6,,,0,85,,180391,6,,,0,85,,180396,6,,,0,45,,180398,6,,,0,85,,180399,6,,,0,85,,180397,6,,,0,85,,180400,6,,,0,45,,180395,6,,,0,85,,180402,6,,,0,85,,180404,6,,,0,85,,180405,6,,,0,45,,180403,6,,,0,85,,180407,6,,,0,85,,180401,6,,,0,85,,180406,6,,,0,45,,180408,6,,,0,85,,180409,6,,,0,85,,180410,6,,,0,85,,180411,6,,,0
5400,'Weekday',508,,180431,6,,,0,37,,180421,6,,,0,70,,180413,6,,,0,30,,180432,6,,,0,70,,180441,6,,,0,30,,180422,6,,,0,70,,180412,6,,,0,30,,180433,6,,,0,70,,180442,6,,,0,30,,180423,6,,,0,70,,180414,6,,,0,30,,180434,6,,,0,70,,180443,6,,,0,30,,180424,6,,,0,70,,180415,6,,,0,30,,180435,6,,,0,70,,180444,6,,,0,30,,180425,6,,,0,70,,180417,6,,,0,30,,180436,6,,,0,70,,180445,6,,,0,31,,180426,6,,,0,70,,180416,6,,,0,30,,180437,6,,,0,70,,180446,6,,,0,29,,180427,6,,,0,70,,180418,6,,,0,30,,180439,6,,,0,70,,180447,6,,,0,31,,180428,6,,,0,70,,180419,6,,,0,30,,180438,6,,,0,70,,180448,6,,,0,29,,180429,6,,,0,70,,180420,6,,,0,30,,180440,6,,,0,70,,180449,6,,,0,31,,180430,6,,,0
5400,'pB3Sep30-Saturday',635,,180451,6,,,0,85,,180452,6,,,0,85,,180453,6,,,0,45,,180454,6,,,0,85,,180455,6,,,0,85,,180456,6,,,0,85,,180459,6,,,0,45,,180460,6,,,0,85,,180461,6,,,0,85,,180457,6,,,0,85,,180458,6,,,0,45,,180462,6,,,0,85,,180463,6,,,0,85,,180466,6,,,0,85,,180467,6,,,0,45,,180468,6,,,0,85,,180464,6,,,0,85,,180465,6,,,0,85,,180469,6,,,0,45,,180470,6,,,0,85,,180471,6,,,0,85,,180472,6,,,0,85,,180473,6,,,0
7700,'Saturday',627,,184903,8,,,0,85,,184904,8,,,0,45,,184905,8,,,0,85,,184907,8,,,0,85,,184908,8,,,0,85,,184909,8,,,0,45,,184906,8,,,0,85,,184910,8,,,0,85,,184911,8,,,0,85,,184912,8,,,0,45,,184914,8,,,0,85,,184915,8,,,0,85,,184916,8,,,0,85,,184913,8,,,0,45,,184917,8,,,0,85,,184919,8,,,0,85,,184922,8,,,0,85,,184923,8,,,0,45,,184918,8,,,0,85,,184920,8,,,0,85,,184921,8,,,0,85,,184924,8,,,0,92,,184925,8,,,0
7700,'Sunday',627,,184928,8,,,0,85,,184926,8,,,0,45,,184929,8,,,0,85,,184930,8,,,0,85,,184931,8,,,0,85,,184932,8,,,0,45,,184933,8,,,0,85,,184934,8,,,0,85,,184935,8,,,0,85,,184936,8,,,0,45,,184937,8,,,0,85,,184939,8,,,0,85,,184940,8,,,0,85,,184941,8,,,0,45,,184938,8,,,0,85,,184942,8,,,0,85,,184943,8,,,0,85,,184944,8,,,0,45,,184945,8,,,0,85,,184946,8,,,0,85,,184947,8,,,0,85,,184948,8,,,0,92,,184949,8,,,0
7700,'Weekday',556,,184978,8,,,0,70,,184960,8,,,0,31,,184950,8,,,0,70,,184970,8,,,0,30,,184979,8,,,0,70,,184961,8,,,0,30,,184951,8,,,0,70,,184969,8,,,0,30,,184981,8,,,0,70,,184962,8,,,0,30,,184952,8,,,0,70,,184971,8,,,0,30,,184980,8,,,0,70,,184963,8,,,0,30,,184953,8,,,0,70,,184972,8,,,0,30,,184983,8,,,0,70,,184965,8,,,0,30,,184954,8,,,0,70,,184974,8,,,0,30,,184982,8,,,0,71,,184964,8,,,0,30,,184956,8,,,0,70,,184973,8,,,0,30,,184984,8,,,0,69,,184966,8,,,0,30,,184955,8,,,0,70,,184975,8,,,0,30,,184985,8,,,0,71,,184967,8,,,0,30,,184958,8,,,0,70,,184976,8,,,0,30,,184986,8,,,0,69,,184968,8,,,0,30,,184957,8,,,0,70,,184977,8,,,0,30,,184987,8,,,0
7700,'pB3Sep30-Saturday',627,,184990,8,,,0,85,,184991,8,,,0,45,,184988,8,,,0,85,,184993,8,,,0,85,,184994,8,,,0,85,,184995,8,,,0,45,,184992,8,,,0,85,,184996,8,,,0,85,,184997,8,,,0,85,,184998,8,,,0,45,,185000,8,,,0,85,,185001,8,,,0,85,,185002,8,,,0,85,,184999,8,,,0,45,,185003,8,,,0,85,,185005,8,,,0,85,,185008,8,,,0,85,,185009,8,,,0,45,,185004,8,,,0,85,,185006,8,,,0,85,,185007,8,,,0,85,,185010,8,,,0,92,,185011,8,,,0
12900,'Saturday',704,,192590,6,,,0,40,,192607,6,,,0,80,,192599,6,,,0,80,,192591,6,,,0,40,,192608,6,,,0,80,,192600,6,,,0,80,,192592,6,,,0,40,,192609,6,,,0,80,,192601,6,,,0,80,,192593,6,,,0,40,,192610,6,,,0,80,,192602,6,,,0,80,,192595,6,,,0,40,,192612,6,,,0,80,,192603,6,,,0,80,,192594,6,,,0,40,,192611,6,,,0,80,,192604,6,,,0,80,,192596,6,,,0,40,,192613,6,,,0,83,,192605,6,,,0,77,,192597,6,,,0,40,,192614,6,,,0,80,,192606,6,,,0,80,,192598,6,,,0,43,,192615,6,,,0
12900,'Sunday',704,,192616,6,,,0,40,,192633,6,,,0,80,,192625,6,,,0,80,,192617,6,,,0,40,,192635,6,,,0,80,,192626,6,,,0,80,,192618,6,,,0,40,,192634,6,,,0,80,,192627,6,,,0,80,,192619,6,,,0,40,,192636,6,,,0,80,,192628,6,,,0,80,,192620,6,,,0,40,,192638,6,,,0,80,,192629,6,,,0,80,,192621,6,,,0,40,,192637,6,,,0,80,,192630,6,,,0,80,,192622,6,,,0,40,,192639,6,,,0,83,,192631,6,,,0,77,,192623,6,,,0,40,,192640,6,,,0,80,,192632,6,,,0,80,,192624,6,,,0,43,,192641,6,,,0
12900,'Weekday',554,,192649,6,,,0,67,,192643,6,,,0,31,,192661,6,,,0,70,,192667,6,,,0,30,,192650,6,,,0,70,,192644,6,,,0,30,,192662,6,,,0,70,,192668,6,,,0,30,,192651,6,,,0,70,,192645,6,,,0,30,,192663,6,,,0,70,,192669,6,,,0,30,,192652,6,,,0,70,,192646,6,,,0,30,,192664,6,,,0,70,,192670,6,,,0,30,,192653,6,,,0,73,,192647,6,,,0,27,,192665,6,,,0,63,,192671,6,,,0,36,,192654,6,,,0,56,,192678,6,,,0,15,,192648,6,,,0,30,,192666,6,,,0,69,,192672,6,,,0,30,,192655,6,,,0,71,,192673,6,,,0,30,,192656,6,,,0,70,,192674,6,,,0,30,,192642,6,,,0,70,,192675,6,,,0,29,,192657,6,,,0,70,,192676,6,,,0,30,,192658,6,,,0,70,,192677,6,,,0,30,,192659,6,,,0,100,,192660,6,,,0
12900,'pB3Sep30-Saturday',704,,192679,6,,,0,40,,192696,6,,,0,80,,192688,6,,,0,80,,192680,6,,,0,40,,192697,6,,,0,80,,192689,6,,,0,80,,192681,6,,,0,40,,192698,6,,,0,80,,192690,6,,,0,80,,192682,6,,,0,40,,192699,6,,,0,80,,192691,6,,,0,80,,192684,6,,,0,40,,192701,6,,,0,80,,192692,6,,,0,80,,192683,6,,,0,40,,192700,6,,,0,80,,192693,6,,,0,80,,192685,6,,,0,40,,192702,6,,,0,83,,192694,6,,,0,77,,192686,6,,,0,40,,192703,6,,,0,80,,192695,6,,,0,80,,192687,6,,,0,43,,192704,6,,,0
70600,'Weekday0000100',1317,,200970,3,0,130 184 64,0
70600,'Weekday1111000',1527,,200972,3,0,130 184 64,0
