7900,'Saturday',836,,185294,4,,,0,72,,185295,4,,,0,32,,185296,4,,,0,72,,185297,4,,,0,32,,185298,4,,,0,72,,185299,4,,,0,32,,185300,4,,,0,72,,185301,4,,,0,32,,185302,4,,,0,72,,185303,4,,,0,32,,185304,4,,,0,72,,185305,4,,,0,72,,185306,4,,,0,32,,185307,4,,,0,72,,185308,4,,,0,32,,185309,4,,,0,72,,185310,4,,,0,32,,185311,4,,,0,72,,185312,4,,,0
7900,'Sunday',836,,185322,4,,,0,72,,185313,4,,,0,32,,185323,4,,,0,72,,185314,4,,,0,32,,185324,4,,,0,72,,185315,4,,,0,32,,185325,4,,,0,72,,185316,4,,,0,32,,185326,4,,,0,72,,185317,4,,,0,32,,185327,4,,,0,72,,185318,4,,,0,72,,185328,4,,,0,32,,185319,4,,,0,72,,185329,4,,,0,32,,185320,4,,,0,72,,185330,4,,,0,32,,185321,4,,,0,72,,185331,4,,,0
7900,'Weekday',428,,185337,4,,,0,25,,185360,4,,,0,64,,185357,4,,,0,24,,185358,4,,,0,66,,185345,4,,,0,24,,185361,4,,,0,24,,185348,4,,,0,64,,185350,4,,,0,24,,185341,4,,,0,64,,185339,4,,,0,25,,185356,4,,,0,71,,185352,4,,,0,32,,185354,4,,,0,72,,185343,4,,,0,32,,185336,4,,,0,72,,185349,4,,,0,32,,185332,4,,,0,72,,185359,4,,,0,32,,185346,4,,,0,72,,185353,4,,,0,32,,185338,4,,,0,71,,185344,4,,,0,25,,185342,4,,,0,64,,185347,4,,,0,24,,185340,4,,,0,24,,185333,4,,,0,64,,185334,4,,,0,24,,185355,4,,,0,64,,185362,4,,,0,24,,185351,4,,,0,24,,185363,4,,,0,64,,185335,4,,,0,24,,185368,4,,,0,64,,185365,4,,,0,32,,185364,4,,,0,72,,185367,4,,,0,32,,185366,4,,,0,71,,185370,4,,,0,32,,185369,4,,,0,72,,185371,4,,,0
7900,'Weekday0000100',1345,,185372,4,,,0
7900,'pB3Sep30-Saturday',836,,185373,4,,,0,72,,185374,4,,,0,32,,185375,4,,,0,72,,185376,4,,,0,32,,185377,4,,,0,72,,185378,4,,,0,32,,185379,4,,,0,72,,185380,4,,,0,32,,185381,4,,,0,72,,185382,4,,,0,32,,185383,4,,,0,72,,185384,4,,,0,72,,185385,4,,,0,32,,185386,4,,,0,72,,185387,4,,,0,32,,185388,4,,,0,72,,185389,4,,,0,32,,185390,4,,,0,72,,185391,4,,,0
86600,'Weekday0000100',1441,,201313,10,0,17 18 19 1 20,0
86600,'Weekday1111000',1557,,201315,10,0,17 18 19 1 20,0
86601,'Weekday',813,,201317,4,0,17 18 19 1 20,0
87900,'Weekday',745,,201336,4,0,213 38 214 1 20,0
87901,'Weekday',1457,,201338,5,0,213 38 214 1 20,0
