301,'Saturday',540,,170090,7,,,0,65,,170098,7,,,0,20,,170108,7,,,0,20,,170116,7,,,0,57,,170124,7,,,0,20,,170131,7,,,0,20,,170138,7,,,0,60,,170091,7,,,0,20,,170099,7,,,0,20,,170106,7,,,0,60,,170118,7,,,0,20,,170125,7,,,0,20,,170132,7,,,0,60,,170140,7,,,0,20,,170092,7,,,0,20,,170101,7,,,0,60,,170109,7,,,0,20,,170117,7,,,0,20,,170126,7,,,0,60,,170133,7,,,0,20,,170141,7,,,0,20,,170093,7,,,0,60,,170102,7,,,0,20,,170111,7,,,0,20,,170119,7,,,0,60,,170127,7,,,0,20,,170134,7,,,0,20,,170142,7,,,0,60,,170094,7,,,0,20,,170100,7,,,0,20,,170110,7,,,0,60,,170120,7,,,0,20,,170128,7,,,0,20,,170135,7,,,0,60,,170143,7,,,0,20,,170095,7,,,0,20,,170103,7,,,0,60,,170112,7,,,0,20,,170121,7,,,0,20,,170130,7,,,0,60,,170136,7,,,0,20,,170144,7,,,0,20,,170096,7,,,0,60,,170104,7,,,0,20,,170113,7,,,0,20,,170122,7,,,0,60,,170129,7,,,0,20,,170137,7,,,0,20,,170145,7,,,0,60,,170097,7,,,0,19,,170105,7,,,0,20,,170114,7,,,0,72,,170123,7,,,0,31,,170139,7,,,0,76,,170107,7,,,0,34,,170115,7,,,0
301,'Sunday',540,,170149,7,,,0,65,,170154,7,,,0,20,,170163,7,,,0,20,,170172,7,,,0,57,,170180,7,,,0,20,,170187,7,,,0,20,,170195,7,,,0,60,,170147,7,,,0,20,,170155,7,,,0,20,,170164,7,,,0,60,,170173,7,,,0,20,,170181,7,,,0,20,,170188,7,,,0,60,,170196,7,,,0,20,,170146,7,,,0,20,,170156,7,,,0,60,,170165,7,,,0,20,,170174,7,,,0,20,,170182,7,,,0,60,,170189,7,,,0,20,,170197,7,,,0,20,,170148,7,,,0,60,,170157,7,,,0,20,,170166,7,,,0,20,,170175,7,,,0,60,,170183,7,,,0,20,,170190,7,,,0,20,,170198,7,,,0,60,,170150,7,,,0,20,,170158,7,,,0,20,,170167,7,,,0,60,,170176,7,,,0,20,,170184,7,,,0,20,,170191,7,,,0,60,,170199,7,,,0,20,,170151,7,,,0,20,,170159,7,,,0,60,,170168,7,,,0,20,,170179,7,,,0,20,,170185,7,,,0,60,,170192,7,,,0,20,,170200,7,,,0,20,,170152,7,,,0,60,,170160,7,,,0,20,,170169,7,,,0,20,,170177,7,,,0,60,,170186,7,,,0,20,,170193,7,,,0,20,,170201,7,,,0,60,,170153,7,,,0,19,,170161,7,,,0,20,,170170,7,,,0,72,,170178,7,,,0,31,,170194,7,,,0,76,,170162,7,,,0,34,,170171,7,,,0
301,'Weekday',426,,170203,7,,,0,82,,170240,7,,,0,20,,170220,7,,,0,20,,170232,7,,,0,60,,170237,7,,,0,13,,170252,7,,,0,14,,170204,7,,,0,13,,170264,7,,,0,53,,170257,7,,,0,6,,170205,7,,,0,7,,170225,7,,,0,7,,170212,7,,,0,6,,170241,7,,,0,7,,170213,7,,,0,6,,170214,7,,,0,7,,170221,7,,,0,6,,170263,7,,,0,6,,170215,7,,,0,47,,170233,7,,,0,6,,170293,7,,,0,7,,170272,7,,,0,7,,170206,7,,,0,6,,170238,7,,,0,7,,170202,7,,,0,6,,170253,7,,,0,55,,170280,7,,,0,17,,170265,7,,,0,15,,170258,7,,,0,15,,170226,7,,,0,55,,170242,7,,,0,15,,170222,7,,,0,10,,170234,7,,,0,15,,170273,7,,,0,15,,170207,7,,,0,55,,170254,7,,,0,15,,170281,7,,,0,15,,170266,7,,,0,15,,170259,7,,,0,55,,170227,7,,,0,15,,170243,7,,,0,15,,170223,7,,,0,15,,170235,7,,,0,55,,170274,7,,,0,15,,170208,7,,,0,15,,170255,7,,,0,15,,170282,7,,,0,55,,170267,7,,,0,15,,170260,7,,,0,15,,170228,7,,,0,16,,170244,7,,,0,51,,170224,7,,,0,13,,170249,7,,,0,6,,170236,7,,,0,7,,170288,7,,,0,7,,170216,7,,,0,6,,170275,7,,,0,7,,170217,7,,,0,46,,170209,7,,,0,6,,170218,7,,,0,7,,170256,7,,,0,13,,170283,7,,,0,13,,170268,7,,,0,13,,170239,7,,,0,53,,170261,7,,,0,13,,170229,7,,,0,13,,170245,7,,,0,13,,170287,7,,,0,13,,170250,7,,,0,53,,170289,7,,,0,15,,170276,7,,,0,15,,170210,7,,,0,15,,170284,7,,,0,55,,170269,7,,,0,15,,170262,7,,,0,15,,170230,7,,,0,15,,170246,7,,,0,55,,170251,7,,,0,15,,170290,7,,,0,15,,170277,7,,,0,15,,170211,7,,,0,59,,170285,7,,,0,18,,170270,7,,,0,22,,170231,7,,,0,62,,170247,7,,,0,22,,170291,7,,,0,62,,170278,7,,,0,22,,170286,7,,,0,30,,170271,7,,,0,69,,170248,7,,,0,32,,170292,7,,,0
301,'pB3Sep30-Saturday',425,,170332,7,,,0,25,,170333,7,,,0,65,,170331,7,,,0,25,,170294,7,,,0,15,,170341,7,,,0,55,,170342,7,,,0,15,,170343,7,,,0,15,,170344,7,,,0,15,,170345,7,,,0,55,,170346,7,,,0,15,,170347,7,,,0,15,,170334,7,,,0,15,,170335,7,,,0,55,,170336,7,,,0,15,,170337,7,,,0,15,,170338,7,,,0,15,,170339,7,,,0,55,,170340,7,,,0,14,,170317,7,,,0,18,,170322,7,,,0,60,,170327,7,,,0,20,,170295,7,,,0,20,,170300,7,,,0,60,,170306,7,,,0,20,,170312,7,,,0,20,,170318,7,,,0,60,,170323,7,,,0,20,,170328,7,,,0,20,,170296,7,,,0,60,,170301,7,,,0,20,,170307,7,,,0,20,,170313,7,,,0,58,,170319,7,,,0,12,,170348,7,,,0,14,,170349,7,,,0,14,,170350,7,,,0,14,,170351,7,,,0,54,,170352,7,,,0,14,,170353,7,,,0,14,,170354,7,,,0,14,,170355,7,,,0,54,,170356,7,,,0,14,,170357,7,,,0,14,,170358,7,,,0,14,,170359,7,,,0,55,,170360,7,,,0,20,,170297,7,,,0,21,,170302,7,,,0,60,,170308,7,,,0,21,,170314,7,,,0,20,,170321,7,,,0,61,,170324,7,,,0,19,,170329,7,,,0,19,,170298,7,,,0,60,,170303,7,,,0,20,,170309,7,,,0,20,,170315,7,,,0,60,,170320,7,,,0,20,,170325,7,,,0,20,,170330,7,,,0,60,,170299,7,,,0,19,,170304,7,,,0,20,,170310,7,,,0,72,,170316,7,,,0,31,,170326,7,,,0,76,,170305,7,,,0,34,,170311,7,,,0
4601,'Saturday',546,,178959,43,,,0,66,,178931,43,,,0,26,,178945,43,,,0,66,,178960,43,,,0,26,,178932,43,,,0,26,,178946,43,,,0,66,,178961,43,,,0,26,,178933,43,,,0,66,,178947,43,,,0,26,,178962,43,,,0,66,,178934,43,,,0,26,,178948,43,,,0,26,,178963,43,,,0,66,,178935,43,,,0,26,,178949,43,,,0,66,,178964,43,,,0,26,,178936,43,,,0,66,,178950,43,,,0,26,,178965,43,,,0,66,,178937,43,,,0,26,,178951,43,,,0,26,,178966,43,,,0,66,,178938,43,,,0,26,,178952,43,,,0,66,,178967,43,,,0,26,,178939,43,,,0,66,,178953,43,,,0,26,,178968,43,,,0,26,,178940,43,,,0,66,,178954,43,,,0,26,,178969,43,,,0,66,,178941,43,,,0,26,,178955,43,,,0,66,,178970,43,,,0,26,,178942,43,,,0,26,,178956,43,,,0,66,,178971,43,,,0,26,,178943,43,,,0,66,,178957,43,,,0,26,,178972,43,,,0,66,,178944,43,,,0,27,,178958,43,,,0
4601,'Sunday',546,,179001,43,,,0,66,,178973,43,,,0,26,,178987,43,,,0,66,,179002,43,,,0,26,,178974,43,,,0,26,,178988,43,,,0,66,,179003,43,,,0,26,,178975,43,,,0,66,,178989,43,,,0,26,,179004,43,,,0,66,,178976,43,,,0,26,,178990,43,,,0,26,,179005,43,,,0,66,,178977,43,,,0,26,,178991,43,,,0,66,,179006,43,,,0,26,,178978,43,,,0,66,,178992,43,,,0,26,,179007,43,,,0,66,,178979,43,,,0,26,,178993,43,,,0,26,,179008,43,,,0,66,,178980,43,,,0,26,,178994,43,,,0,66,,179009,43,,,0,26,,178981,43,,,0,66,,178995,43,,,0,26,,179010,43,,,0,26,,178982,43,,,0,66,,178996,43,,,0,26,,179011,43,,,0,66,,178983,43,,,0,26,,178997,43,,,0,66,,179012,43,,,0,26,,178984,43,,,0,26,,178998,43,,,0,66,,179013,43,,,0,26,,178985,43,,,0,66,,178999,43,,,0,26,,179014,43,,,0,66,,178986,43,,,0,27,,179000,43,,,0
4601,'Weekday',605,,179015,43,,,0,19,,179018,43,,,0,17,,179032,43,,,0,14,,179034,43,,,0,54,,179050,43,,,0,16,,179052,43,,,0,14,,179016,43,,,0,14,,179019,43,,,0,54,,179033,43,,,0,14,,179035,43,,,0,14,,179051,43,,,0,9,,179070,43,,,0,5,,179053,43,,,0,54,,179017,43,,,0,12,,179020,43,,,0,25,,179036,43,,,0,66,,179054,43,,,0,26,,179021,43,,,0,26,,179037,43,,,0,66,,179055,43,,,0,26,,179022,43,,,0,66,,179038,43,,,0,26,,179056,43,,,0,66,,179023,43,,,0,26,,179039,43,,,0,66,,179057,43,,,0,26,,179024,43,,,0,26,,179040,43,,,0,69,,179058,43,,,0,27,,179025,43,,,0,54,,179068,43,,,0,14,,179041,43,,,0,14,,179048,43,,,0,14,,179059,43,,,0,14,,179066,43,,,0,54,,179026,43,,,0,14,,179069,43,,,0,14,,179042,43,,,0,14,,179049,43,,,0,52,,179060,43,,,0,10,,179067,43,,,0,13,,179027,43,,,0,26,,179043,43,,,0,66,,179061,43,,,0,19,,179028,43,,,0,66,,179044,43,,,0,26,,179062,43,,,0,26,,179029,43,,,0,66,,179045,43,,,0,26,,179063,43,,,0,66,,179030,43,,,0,25,,179046,43,,,0,66,,179064,43,,,0,26,,179031,43,,,0,26,,179047,43,,,0,66,,179065,43,,,0
4601,'pB3Sep30-Saturday',546,,179099,43,0,218,0,66,,179072,43,0,218,0,26,,179085,43,0,218,0,66,,179100,43,0,218,0,26,,179071,43,0,218,0,26,,179086,43,0,218,0,66,,179101,43,0,218,0,26,,179073,43,0,218,0,66,,179087,43,0,218,0,26,,179102,43,0,218,0,66,,179074,43,0,218,0,26,,179088,43,0,218,0,26,,179103,43,0,218,0,66,,179075,43,0,218,0,26,,179089,43,0,218,0,66,,179104,43,0,218,0,26,,179076,43,0,218,0,66,,179090,43,0,218,0,26,,179105,43,0,218,0,66,,179077,43,0,218,0,26,,179091,43,0,218,0,26,,179108,43,0,218,0,66,,179078,43,0,218,0,26,,179092,43,0,218,0,66,,179106,43,0,218,0,26,,179079,43,0,218,0,66,,179093,43,0,218,0,26,,179109,43,0,218,0,26,,179080,43,0,218,0,66,,179094,43,0,218,0,26,,179107,43,0,218,0,66,,179081,43,0,218,0,26,,179095,43,0,218,0,66,,179110,43,0,218,0,26,,179082,43,0,218,0,26,,179096,43,0,218,0,66,,179111,43,0,218,0,26,,179083,43,0,218,0,66,,179097,43,0,218,0,26,,179112,43,0,218,0,66,,179084,43,0,218,0,27,,179098,43,0,218,0
4700,'Saturday',453,,179113,11,,,0,77,,179123,11,,,0,77,,179133,11,,,0,37,,179114,11,,,0,77,,179124,11,,,0,37,,179134,11,,,0,77,,179115,11,,,0,77,,179125,11,,,0,37,,179135,11,,,0,77,,179116,11,,,0,77,,179126,11,,,0,37,,179136,11,,,0,77,,179117,11,,,0,37,,179127,11,,,0,77,,179137,11,,,0,77,,179118,11,,,0,37,,179128,11,,,0,77,,179138,11,,,0,37,,179119,11,,,0,77,,179129,11,,,0,77,,179139,11,,,0,37,,179120,11,,,0,77,,179130,11,,,0,77,,179140,11,,,0,37,,179121,11,,,0,77,,179131,11,,,0,37,,179141,11,,,0,77,,179122,11,,,0,77,,179132,11,,,0,37,,179142,11,,,0
4700,'Sunday',453,,179143,11,,,0,77,,179163,11,,,0,77,,179153,11,,,0,37,,179144,11,,,0,77,,179164,11,,,0,37,,179154,11,,,0,77,,179145,11,,,0,77,,179165,11,,,0,37,,179155,11,,,0,77,,179146,11,,,0,77,,179166,11,,,0,37,,179156,11,,,0,77,,179147,11,,,0,37,,179167,11,,,0,77,,179157,11,,,0,77,,179148,11,,,0,37,,179168,11,,,0,77,,179158,11,,,0,37,,179149,11,,,0,77,,179169,11,,,0,77,,179159,11,,,0,37,,179150,11,,,0,77,,179170,11,,,0,77,,179160,11,,,0,37,,179151,11,,,0,77,,179171,11,,,0,37,,179161,11,,,0,77,,179152,11,,,0,77,,179172,11,,,0,37,,179162,11,,,0
4700,'Weekday',453,,179173,11,,,0,55,,179176,11,,,0,15,,179185,11,,,0,15,,179187,11,,,0,15,,179197,11,,,0,53,,179199,11,,,0,17,,179209,11,,,0,17,,179174,11,,,0,17,,179177,11,,,0,57,,179186,11,,,0,17,,179188,11,,,0,17,,179198,11,,,0,57,,179200,11,,,0,17,,179210,11,,,0,17,,179175,11,,,0,65,,179178,11,,,0,29,,179189,11,,,0,69,,179201,11,,,0,24,,179211,11,,,0,29,,179179,11,,,0,69,,179190,11,,,0,29,,179202,11,,,0,69,,179212,11,,,0,29,,179180,11,,,0,69,,179191,11,,,0,29,,179203,11,,,0,69,,179213,11,,,0,29,,179181,11,,,0,58,,179219,11,,,0,17,,179192,11,,,0,17,,179221,11,,,0,17,,179204,11,,,0,57,,179214,11,,,0,19,,179223,11,,,0,18,,179182,11,,,0,57,,179220,11,,,0,17,,179193,11,,,0,17,,179222,11,,,0,16,,179205,11,,,0,68,,179215,11,,,0,29,,179183,11,,,0,69,,179194,11,,,0,29,,179206,11,,,0,69,,179216,11,,,0,29,,179184,11,,,0,69,,179195,11,,,0,34,,179207,11,,,0,75,,179217,11,,,0,75,,179196,11,,,0,35,,179208,11,,,0,75,,179218,11,,,0
4700,'pB3Sep30-Saturday',453,,179226,11,0,117,0,77,,179236,11,0,117,0,77,,179246,11,0,117,0,37,,179227,11,0,117,0,77,,179237,11,0,117,0,37,,179247,11,0,117,0,77,,179228,11,0,117,0,77,,179238,11,0,117,0,37,,179253,11,0,117,0,77,,179229,11,0,117,0,77,,179239,11,0,117,0,37,,179254,11,0,117,0,77,,179230,11,0,117,0,37,,179240,11,0,117,0,77,,179248,11,0,117,0,77,,179231,11,0,117,0,37,,179241,11,0,117,0,77,,179249,11,0,117,0,37,,179232,11,0,117,0,77,,179242,11,0,117,0,77,,179250,11,0,117,0,37,,179233,11,0,117,0,77,,179243,11,0,117,0,77,,179251,11,0,117,0,37,,179234,11,0,117,0,77,,179244,11,0,117,0,37,,179252,11,0,117,0,77,,179235,11,0,117,0,77,,179245,11,0,117,0,37,,179255,11,0,117,0
6401,'Weekday',726,,182714,23,,,0
8601,'Saturday',630,,186309,42,,,0,75,,186294,42,,,0,35,,186310,42,,,0,75,,186295,42,,,0,35,,186311,42,,,0,75,,186296,42,,,0,75,,186312,42,,,0,35,,186297,42,,,0,75,,186313,42,,,0,35,,186298,42,,,0,75,,186314,42,,,0,35,,186299,42,,,0,75,,186315,42,,,0,75,,186300,42,,,0,35,,186316,42,,,0,75,,186301,42,,,0,35,,186317,42,,,0,75,,186302,42,,,0,75,,186318,42,,,0,35,,186303,42,,,0,75,,186319,42,,,0,35,,186304,42,,,0,75,,186320,42,,,0,35,,186305,42,,,0,75,,186321,42,,,0,75,,186306,42,,,0,35,,186322,42,,,0,75,,186307,42,,,0,35,,186323,42,,,0,75,,186308,42,,,0,75,,186324,42,,,0
8601,'Sunday',630,,186325,42,,,0,75,,186341,42,,,0,35,,186326,42,,,0,75,,186342,42,,,0,35,,186327,42,,,0,75,,186343,42,,,0,75,,186328,42,,,0,35,,186344,42,,,0,75,,186329,42,,,0,35,,186345,42,,,0,75,,186330,42,,,0,35,,186346,42,,,0,75,,186331,42,,,0,75,,186347,42,,,0,35,,186332,42,,,0,75,,186348,42,,,0,35,,186333,42,,,0,75,,186349,42,,,0,75,,186334,42,,,0,35,,186350,42,,,0,75,,186335,42,,,0,35,,186351,42,,,0,75,,186336,42,,,0,35,,186352,42,,,0,75,,186337,42,,,0,75,,186353,42,,,0,35,,186338,42,,,0,75,,186354,42,,,0,35,,186339,42,,,0,75,,186355,42,,,0,75,,186340,42,,,0
8601,'Weekday',514,,186374,42,,,0,30,,186356,42,,,0,73,,186375,42,,,0,18,,186392,42,,,0,15,,186397,42,,,0,5,,186357,42,,,0,55,,186395,42,,,0,20,,186376,42,,,0,15,,186393,42,,,0,55,,186398,42,,,0,15,,186358,42,,,0,15,,186396,42,,,0,15,,186377,42,,,0,55,,186394,42,,,0,13,,186399,42,,,0,13,,186359,42,,,0,76,,186378,42,,,0,34,,186360,42,,,0,74,,186379,42,,,0,34,,186361,42,,,0,74,,186380,42,,,0,34,,186362,42,,,0,74,,186381,42,,,0,74,,186363,42,,,0,34,,186382,42,,,0,75,,186364,42,,,0,20,,186400,42,,,0,15,,186383,42,,,0,15,,186405,42,,,0,55,,186403,42,,,0,15,,186365,42,,,0,15,,186401,42,,,0,15,,186384,42,,,0,55,,186406,42,,,0,15,,186404,42,,,0,15,,186366,42,,,0,15,,186402,42,,,0,55,,186385,42,,,0,39,,186367,42,,,0,73,,186386,42,,,0,74,,186368,42,,,0,34,,186387,42,,,0,74,,186369,42,,,0,34,,186388,42,,,0,74,,186370,42,,,0,34,,186389,42,,,0,74,,186371,42,,,0,34,,186390,42,,,0,74,,186372,42,,,0,74,,186391,42,,,0,34,,186373,42,,,0
8601,'pB3Sep30-Saturday',630,,186423,42,0,131,0,75,,186407,42,0,131,0,35,,186422,42,0,131,0,75,,186408,42,0,131,0,35,,186424,42,0,131,0,75,,186409,42,0,131,0,75,,186425,42,0,131,0,35,,186410,42,0,131,0,75,,186426,42,0,131,0,35,,186411,42,0,131,0,75,,186427,42,0,131,0,35,,186412,42,0,131,0,75,,186428,42,0,131,0,75,,186413,42,0,131,0,35,,186429,42,0,131,0,75,,186414,42,0,131,0,35,,186430,42,0,131,0,75,,186415,42,0,131,0,75,,186431,42,0,131,0,35,,186416,42,0,131,0,75,,186432,42,0,131,0,35,,186417,42,0,131,0,75,,186433,42,0,131,0,35,,186418,42,0,131,0,75,,186434,42,0,131,0,75,,186419,42,0,131,0,35,,186435,42,0,131,0,75,,186420,42,0,131,0,35,,186436,42,0,131,0,75,,186421,42,0,131,0,75,,186437,42,0,131,0
11401,'Saturday',552,,190860,39,,,0,75,,190861,39,,,0,75,,190862,39,,,0,35,,190863,39,,,0,75,,190864,39,,,0,35,,190865,39,,,0,75,,190866,39,,,0,35,,190867,39,,,0,75,,190868,39,,,0,75,,190869,39,,,0,35,,190870,39,,,0,76,,190871,39,,,0,36,,190872,39,,,0,75,,190873,39,,,0,75,,190874,39,,,0,35,,190875,39,,,0,75,,190876,39,,,0,35,,190877,39,,,0,75,,190879,39,,,0,35,,190878,39,,,0,75,,190880,39,,,0,74,,190881,39,,,0,34,,190882,39,,,0,75,,190883,39,,,0,35,,190884,39,,,0,75,,190885,39,,,0,75,,190886,39,,,0,35,,190887,39,,,0,75,,190889,39,,,0,35,,190888,39,,,0,75,,190891,39,,,0,35,,190890,39,,,0
11401,'Sunday',552,,190892,39,,,0,75,,190893,39,,,0,75,,190894,39,,,0,35,,190895,39,,,0,75,,190896,39,,,0,35,,190897,39,,,0,75,,190898,39,,,0,35,,190899,39,,,0,75,,190900,39,,,0,75,,190901,39,,,0,35,,190902,39,,,0,76,,190903,39,,,0,36,,190904,39,,,0,75,,190905,39,,,0,75,,190906,39,,,0,35,,190907,39,,,0,75,,190908,39,,,0,35,,190909,39,,,0,75,,190911,39,,,0,35,,190910,39,,,0,75,,190912,39,,,0,74,,190913,39,,,0,34,,190914,39,,,0,75,,190915,39,,,0,35,,190916,39,,,0,75,,190917,39,,,0,75,,190918,39,,,0,35,,190919,39,,,0,75,,190921,39,,,0,35,,190920,39,,,0,75,,190923,39,,,0,35,,190922,39,,,0
11401,'Weekday',553,,190926,39,,,0,75,,190924,39,,,0,20,,190930,39,,,0,60,,190927,39,,,0,18,,190931,39,,,0,18,,190925,39,,,0,58,,190932,39,,,0,18,,190928,39,,,0,18,,190929,39,,,0,18,,190935,39,,,0,56,,190943,39,,,0,16,,190938,39,,,0,18,,190942,39,,,0,58,,190934,39,,,0,35,,190939,39,,,0,75,,190936,39,,,0,35,,190941,39,,,0,75,,190933,39,,,0,35,,190940,39,,,0,75,,190937,39,,,0,75,,190944,39,,,0,35,,190945,39,,,0,78,,190951,39,,,0,19,,190953,39,,,0,18,,190946,39,,,0,58,,190950,39,,,0,18,,190952,39,,,0,18,,190948,39,,,0,58,,190947,39,,,0,18,,190949,39,,,0,18,,190959,39,,,0,58,,190955,39,,,0,18,,190957,39,,,0,30,,190956,39,,,0,74,,190958,39,,,0,75,,190954,39,,,0,35,,190962,39,,,0,75,,190961,39,,,0,35,,190963,39,,,0,75,,190960,39,,,0,35,,190966,39,,,0,75,,190964,39,,,0,75,,190967,39,,,0,35,,190965,39,,,0,81,,190968,39,,,0
11401,'pB3Sep30-Saturday',552,,190969,39,0,90,0,75,,190970,39,0,90,0,75,,190971,39,0,90,0,35,,190972,39,0,90,0,75,,190974,39,0,90,0,35,,190975,39,0,90,0,75,,190973,39,0,90,0,35,,190976,39,0,90,0,75,,190977,39,0,90,0,75,,190978,39,0,90,0,35,,190979,39,0,90,0,76,,190980,39,0,90,0,36,,190981,39,0,90,0,75,,190982,39,0,90,0,75,,190983,39,0,90,0,35,,190984,39,0,90,0,75,,190985,39,0,90,0,35,,190986,39,0,90,0,75,,190988,39,0,90,0,35,,190987,39,0,90,0,75,,190989,39,0,90,0,74,,190990,39,0,90,0,34,,190991,39,0,90,0,75,,190992,39,0,90,0,35,,190993,39,0,90,0,75,,190994,39,0,90,0,75,,190995,39,0,90,0,35,,190996,39,0,90,0,75,,190998,39,0,90,0,35,,190997,39,0,90,0,75,,191000,39,0,90,0,35,,190999,39,0,90,0
