1900,'Saturday',643,,173519,12,,,0,75,,173504,12,,,0,35,,173498,12,,,0,75,,173512,12,,,0,75,,173520,12,,,0,35,,173506,12,,,0,75,,173497,12,,,0,35,,173514,12,,,0,75,,173521,12,,,0,35,,173505,12,,,0,71,,173499,12,,,0,20,,173526,12,,,0,68,,173513,12,,,0,28,,173522,12,,,0,68,,173507,12,,,0,28,,173500,12,,,0,68,,173528,12,,,0,28,,173516,12,,,0,68,,173523,12,,,0,28,,173508,12,,,0,68,,173501,12,,,0,28,,173529,12,,,0,28,,173515,12,,,0,68,,173525,12,,,0,75,,173509,12,,,0,35,,173502,12,,,0,75,,173518,12,,,0,35,,173524,12,,,0,75,,173511,12,,,0,35,,173503,12,,,0,75,,173517,12,,,0,75,,173527,12,,,0
1900,'Sunday',643,,173553,12,,,0,75,,173538,12,,,0,35,,173531,12,,,0,75,,173545,12,,,0,75,,173554,12,,,0,35,,173539,12,,,0,75,,173532,12,,,0,35,,173548,12,,,0,75,,173555,12,,,0,35,,173540,12,,,0,71,,173533,12,,,0,20,,173561,12,,,0,68,,173547,12,,,0,28,,173557,12,,,0,68,,173541,12,,,0,28,,173534,12,,,0,68,,173562,12,,,0,28,,173549,12,,,0,68,,173556,12,,,0,28,,173542,12,,,0,68,,173535,12,,,0,28,,173563,12,,,0,28,,173550,12,,,0,68,,173558,12,,,0,75,,173543,12,,,0,35,,173536,12,,,0,75,,173551,12,,,0,35,,173559,12,,,0,75,,173544,12,,,0,35,,173537,12,,,0,75,,173552,12,,,0,75,,173560,12,,,0
1900,'Weekday',522,,173589,12,,,0,30,,173597,12,,,0,65,,173565,12,,,0,34,,173573,12,,,0,64,,173582,12,,,0,35,,173590,12,,,0,5,,173564,12,0,45 46 47,0,73,,173598,12,,,0,31,,173567,12,,,0,72,,173574,12,,,0,72,,173583,12,,,0,32,,173591,12,,,0,72,,173599,12,,,0,32,,173566,12,,,0,72,,173575,12,,,0,32,,173584,12,,,0,72,,173592,12,,,0,32,,173600,12,,,0,72,,173568,12,,,0,33,,173576,12,,,0,72,,173585,12,,,0,32,,173593,12,,,0,71,,173601,12,,,0,32,,173569,12,,,0,72,,173577,12,,,0,72,,173586,12,,,0,29,,173594,12,,,0,26,,173602,12,,,0,70,,173570,12,,,0,30,,173578,12,,,0,70,,173587,12,,,0,30,,173595,12,,,0,70,,173603,12,,,0,30,,173571,12,,,0,70,,173579,12,,,0,29,,173588,12,,,0,70,,173596,12,,,0,30,,173604,12,,,0,70,,173572,12,,,0,30,,173580,12,,,0
1900,'Weekday1111000',1456,,173605,12,0,45 46 47,0
1900,'pB3Sep30-Saturday',643,,173629,12,,,0,75,,173614,12,,,0,35,,173608,12,,,0,75,,173622,12,,,0,75,,173630,12,,,0,35,,173616,12,,,0,75,,173607,12,,,0,35,,173624,12,,,0,75,,173631,12,,,0,35,,173615,12,,,0,71,,173609,12,,,0,20,,173636,12,,,0,68,,173623,12,,,0,28,,173632,12,,,0,68,,173617,12,,,0,28,,173610,12,,,0,68,,173638,12,,,0,28,,173626,12,,,0,68,,173633,12,,,0,28,,173618,12,,,0,68,,173611,12,,,0,28,,173639,12,,,0,28,,173625,12,,,0,68,,173635,12,,,0,75,,173619,12,,,0,35,,173612,12,,,0,75,,173628,12,,,0,35,,173634,12,,,0,75,,173621,12,,,0,35,,173613,12,,,0,75,,173627,12,,,0,75,,173637,12,,,0
5301,'Saturday',607,,180238,10,,,0,30,,180266,10,,,0,71,,180239,10,,,0,31,,180243,10,,,0,71,,180254,10,,,0,31,,180244,10,,,0,71,,180255,10,,,0,31,,180245,10,,,0,71,,180256,10,,,0,31,,180246,10,,,0,71,,180257,10,,,0,31,,180247,10,,,0,71,,180258,10,,,0,31,,180248,10,,,0,71,,180259,10,,,0,31,,180249,10,,,0,71,,180260,10,,,0,31,,180250,10,,,0,71,,180262,10,,,0,31,,180251,10,,,0,71,,180261,10,,,0,31,,180252,10,,,0,71,,180263,10,,,0,31,,180253,10,,,0,71,,180264,10,,,0,71,,180240,10,,,0,31,,180265,10,,,0,71,,180241,10,,,0,31,,180267,10,,,0,71,,180242,10,,,0,37,,180268,10,,,0
5301,'Sunday',607,,180269,10,,,0,30,,180285,10,,,0,71,,180270,10,,,0,31,,180286,10,,,0,71,,180271,10,,,0,31,,180287,10,,,0,71,,180272,10,,,0,31,,180288,10,,,0,71,,180273,10,,,0,31,,180289,10,,,0,71,,180274,10,,,0,31,,180291,10,,,0,71,,180275,10,,,0,31,,180290,10,,,0,71,,180276,10,,,0,31,,180292,10,,,0,71,,180277,10,,,0,31,,180293,10,,,0,71,,180278,10,,,0,31,,180294,10,,,0,71,,180279,10,,,0,31,,180295,10,,,0,71,,180280,10,,,0,31,,180296,10,,,0,71,,180281,10,,,0,71,,180297,10,,,0,31,,180283,10,,,0,71,,180298,10,,,0,31,,180282,10,,,0,71,,180299,10,,,0,37,,180284,10,,,0
5301,'Weekday',552,,180316,10,,,0,77,,180300,10,,,0,76,,180317,10,,,0,36,,180301,10,,,0,75,,180318,10,,,0,36,,180302,10,,,0,76,,180320,10,,,0,76,,180303,10,,,0,36,,180321,10,,,0,76,,180304,10,,,0,36,,180322,10,,,0,76,,180305,10,,,0,76,,180319,10,,,0,36,,180306,10,,,0,76,,180323,10,,,0,36,,180307,10,,,0,77,,180324,10,,,0,76,,180308,10,,,0,36,,180325,10,,,0,76,,180309,10,,,0,36,,180326,10,,,0,76,,180310,10,,,0,75,,180327,10,,,0,36,,180311,10,,,0,76,,180328,10,,,0,36,,180312,10,,,0,76,,180329,10,,,0,74,,180313,10,,,0,36,,180330,10,,,0,76,,180314,10,,,0,36,,180331,10,,,0,76,,180315,10,,,0,76,,180332,10,,,0
5301,'pB3Sep30-Saturday',607,,180333,10,,,0,30,,180361,10,,,0,71,,180334,10,,,0,31,,180338,10,,,0,71,,180349,10,,,0,31,,180339,10,,,0,71,,180350,10,,,0,31,,180340,10,,,0,71,,180351,10,,,0,31,,180341,10,,,0,71,,180352,10,,,0,31,,180342,10,,,0,71,,180353,10,,,0,31,,180343,10,,,0,71,,180354,10,,,0,31,,180344,10,,,0,71,,180355,10,,,0,31,,180345,10,,,0,71,,180357,10,,,0,31,,180346,10,,,0,71,,180356,10,,,0,31,,180347,10,,,0,71,,180358,10,,,0,31,,180348,10,,,0,71,,180359,10,,,0,71,,180335,10,,,0,31,,180360,10,,,0,71,,180336,10,,,0,31,,180362,10,,,0,71,,180337,10,,,0,37,,180363,10,,,0
6500,'Saturday',634,,182724,43,,,0,80,,182737,43,,,0,40,,182725,43,,,0,80,,182738,43,,,0,80,,182726,43,,,0,40,,182739,43,,,0,82,,182727,43,,,0,78,,182740,43,,,0,28,,182715,43,,,0,68,,182728,43,,,0,28,,182741,43,,,0,68,,182716,43,,,0,28,,182729,43,,,0,68,,182742,43,,,0,28,,182717,43,,,0,28,,182730,43,,,0,68,,182743,43,,,0,28,,182718,43,,,0,68,,182731,43,,,0,28,,182744,43,,,0,68,,182719,43,,,0,28,,182732,43,,,0,68,,182745,43,,,0,27,,182720,43,,,0,73,,182733,43,,,0,42,,182721,43,,,0,79,,182734,43,,,0,81,,182722,43,,,0,39,,182735,43,,,0,80,,182723,43,,,0,83,,182736,43,,,0
6500,'Sunday',634,,182755,43,,,0,80,,182768,43,,,0,40,,182756,43,,,0,80,,182769,43,,,0,80,,182757,43,,,0,40,,182770,43,,,0,82,,182758,43,,,0,78,,182771,43,,,0,28,,182746,43,,,0,68,,182759,43,,,0,28,,182772,43,,,0,68,,182747,43,,,0,28,,182760,43,,,0,68,,182773,43,,,0,28,,182748,43,,,0,28,,182761,43,,,0,68,,182774,43,,,0,28,,182749,43,,,0,68,,182762,43,,,0,28,,182775,43,,,0,68,,182750,43,,,0,28,,182763,43,,,0,68,,182776,43,,,0,27,,182751,43,,,0,73,,182764,43,,,0,42,,182752,43,,,0,79,,182765,43,,,0,81,,182753,43,,,0,39,,182766,43,,,0,80,,182754,43,,,0,83,,182767,43,,,0
6500,'Weekday',544,,182789,43,,,0,83,,182802,43,,,0,25,,182777,43,,,0,67,,182790,43,,,0,24,,182779,43,,,0,64,,182803,43,,,0,24,,182778,43,,,0,24,,182791,43,,,0,81,,182804,43,,,0,83,,182792,43,,,0,83,,182805,43,,,0,43,,182793,43,,,0,83,,182806,43,,,0,83,,182794,43,,,0,26,,182783,43,,,0,17,,182807,43,,,0,66,,182780,43,,,0,21,,182795,43,,,0,64,,182784,43,,,0,24,,182808,43,,,0,24,,182781,43,,,0,63,,182796,43,,,0,24,,182785,43,,,0,64,,182809,43,,,0,24,,182782,43,,,0,24,,182797,43,,,0,64,,182786,43,,,0,24,,182810,43,,,0,73,,182798,43,,,0,27,,182787,43,,,0,70,,182811,43,,,0,30,,182799,43,,,0,70,,182788,43,,,0,27,,182812,43,,,0,82,,182800,43,,,0,81,,182813,43,,,0,43,,182801,43,,,0,84,,182814,43,,,0
6500,'pB3Sep30-Saturday',634,,182824,43,,,0,80,,182837,43,,,0,40,,182825,43,,,0,80,,182838,43,,,0,80,,182826,43,,,0,40,,182839,43,,,0,82,,182827,43,,,0,78,,182840,43,,,0,28,,182815,43,,,0,68,,182828,43,,,0,28,,182841,43,,,0,68,,182816,43,,,0,28,,182829,43,,,0,68,,182842,43,,,0,28,,182817,43,,,0,28,,182830,43,,,0,68,,182843,43,,,0,28,,182818,43,,,0,68,,182831,43,,,0,28,,182844,43,,,0,68,,182819,43,,,0,28,,182832,43,,,0,68,,182845,43,,,0,27,,182820,43,,,0,73,,182833,43,,,0,42,,182821,43,,,0,79,,182834,43,,,0,81,,182822,43,,,0,39,,182835,43,,,0,80,,182823,43,,,0,83,,182836,43,,,0
42201,'Saturday',615,,200252,18,,,0,100,,200253,18,,,0,100,,200254,18,,,0,100,,200256,18,,,0,100,,200255,18,,,0,100,,200257,18,,,0,100,,200258,18,,,0,100,,200259,18,,,0,100,,200260,18,,,0,100,,200262,18,,,0,100,,200261,18,,,0,100,,200263,18,,,0,100,,200264,18,,,0,100,,200265,18,,,0
42201,'Sunday',615,,200266,18,,,0,100,,200269,18,,,0,100,,200267,18,,,0,100,,200268,18,,,0,100,,200271,18,,,0,100,,200270,18,,,0,100,,200272,18,,,0,100,,200273,18,,,0,100,,200276,18,,,0,100,,200274,18,,,0,100,,200275,18,,,0,100,,200279,18,,,0,100,,200277,18,,,0,100,,200278,18,,,0
42201,'Weekday',615,,200280,18,,,0,30,,200297,18,,,0,70,,200281,18,,,0,30,,200302,18,,,0,70,,200282,18,,,0,30,,200296,18,,,0,70,,200283,18,,,0,30,,200304,18,,,0,70,,200285,18,,,0,30,,200299,18,,,0,70,,200284,18,,,0,30,,200303,18,,,0,70,,200286,18,,,0,30,,200301,18,,,0,70,,200287,18,,,0,30,,200305,18,,,0,70,,200288,18,,,0,39,,200306,18,,,0,61,,200289,18,,,0,30,,200298,18,,,0,70,,200291,18,,,0,30,,200307,18,,,0,70,,200290,18,,,0,30,,200300,18,,,0,70,,200292,18,,,0,100,,200293,18,,,0,100,,200294,18,,,0,100,,200295,18,,,0
42201,'pB3Sep30-Saturday',615,,200308,18,,,0,100,,200309,18,,,0,100,,200310,18,,,0,100,,200312,18,,,0,100,,200311,18,,,0,100,,200313,18,,,0,100,,200314,18,,,0,100,,200315,18,,,0,100,,200317,18,,,0,100,,200318,18,,,0,100,,200316,18,,,0,100,,200319,18,,,0,100,,200320,18,,,0,100,,200321,18,,,0
