9200,'Saturday',804,,187455,38,,,0,45,,187439,38,,,0,85,,187444,38,,,0,85,,187449,38,,,0,85,,187454,38,,,0,45,,187440,38,,,0,85,,187445,38,,,0,85,,187450,38,,,0,85,,187456,38,,,0,46,,187442,38,,,0,85,,187446,38,,,0,85,,187451,38,,,0,85,,187457,38,,,0,45,,187441,38,,,0,85,,187447,38,,,0,84,,187452,38,,,0,83,,187458,38,,,0,45,,187443,38,,,0,85,,187448,38,,,0,78,,187453,38,,,0
9200,'Sunday',802,,187474,38,,,0,45,,187459,38,,,0,85,,187464,38,,,0,85,,187469,38,,,0,85,,187475,38,,,0,45,,187460,38,,,0,85,,187465,38,,,0,85,,187470,38,,,0,85,,187477,38,,,0,45,,187461,38,,,0,85,,187466,38,,,0,85,,187471,38,,,0,85,,187476,38,,,0,45,,187462,38,,,0,85,,187467,38,,,0,85,,187472,38,,,0,85,,187478,38,,,0,45,,187463,38,,,0,85,,187468,38,,,0,78,,187473,38,,,0
9200,'Weekday',501,,187487,38,,,0,29,,187492,38,,,0,71,,187501,38,,,0,31,,187488,38,,,0,74,,187493,38,,,0,33,,187510,38,,,0,71,,187497,38,,,0,31,,187479,38,,,0,70,,187502,38,,,0,28,,187489,38,,,0,71,,187494,38,,,0,31,,187511,38,,,0,71,,187498,38,,,0,31,,187507,38,,,0,71,,187503,38,,,0,31,,187490,38,,,0,71,,187495,38,,,0,31,,187512,38,,,0,71,,187499,38,,,0,31,,187485,38,,,0,71,,187504,38,,,0,33,,187491,38,,,0,71,,187496,38,,,0,31,,187513,38,,,0,71,,187500,38,,,0,31,,187483,38,,,0,67,,187480,38,,,0,83,,187505,38,,,0,45,,187481,38,,,0,85,,187484,38,,,0,85,,187508,38,,,0,85,,187506,38,,,0,45,,187482,38,,,0,85,,187486,38,,,0,83,,187509,38,,,0
9200,'pB3Sep30-Saturday',804,,187530,38,,,0,45,,187514,38,,,0,85,,187519,38,,,0,85,,187524,38,,,0,85,,187529,38,,,0,45,,187515,38,,,0,85,,187520,38,,,0,85,,187525,38,,,0,85,,187531,38,,,0,46,,187517,38,,,0,85,,187521,38,,,0,85,,187526,38,,,0,85,,187532,38,,,0,45,,187516,38,,,0,85,,187522,38,,,0,84,,187527,38,,,0,83,,187533,38,,,0,45,,187518,38,,,0,85,,187523,38,,,0,78,,187528,38,,,0
9600,'Saturday',623,,188091,39,,,0,85,,188075,39,,,0,45,,188081,39,,,0,85,,188086,39,,,0,85,,188092,39,,,0,86,,188076,39,,,0,45,,188082,39,,,0,85,,188087,39,,,0,85,,188093,39,,,0,85,,188077,39,,,0,45,,188083,39,,,0,86,,188088,39,,,0,87,,188094,39,,,0,88,,188078,39,,,0,86,,188084,39,,,0,45,,188089,39,,,0,81,,188095,39,,,0,85,,188079,39,,,0,42,,188085,39,,,0,84,,188090,39,,,0,85,,188096,39,,,0,85,,188080,39,,,0
9600,'Sunday',623,,188113,39,,,0,85,,188097,39,,,0,45,,188103,39,,,0,85,,188108,39,,,0,85,,188115,39,,,0,85,,188098,39,,,0,45,,188104,39,,,0,88,,188109,39,,,0,85,,188114,39,,,0,85,,188099,39,,,0,45,,188105,39,,,0,85,,188110,39,,,0,85,,188116,39,,,0,85,,188100,39,,,0,45,,188107,39,,,0,85,,188111,39,,,0,83,,188117,39,,,0,84,,188102,39,,,0,45,,188106,39,,,0,85,,188112,39,,,0,85,,188118,39,,,0,85,,188101,39,,,0
9600,'Weekday',600,,188148,39,,,0,34,,188132,39,,,0,71,,188153,39,,,0,31,,188137,39,,,0,71,,188124,39,,,0,31,,188128,39,,,0,70,,188149,39,,,0,29,,188133,39,,,0,71,,188147,39,,,0,31,,188138,39,,,0,71,,188125,39,,,0,31,,188129,39,,,0,71,,188150,39,,,0,31,,188134,39,,,0,71,,188136,39,,,0,31,,188139,39,,,0,71,,188126,39,,,0,31,,188130,39,,,0,73,,188151,39,,,0,31,,188135,39,,,0,71,,188123,39,,,0,31,,188140,39,,,0,71,,188127,39,,,0,31,,188131,39,,,0,72,,188144,39,,,0,80,,188121,39,,,0,42,,188145,39,,,0,83,,188141,39,,,0,85,,188119,39,,,0,85,,188122,39,,,0,45,,188146,39,,,0,85,,188142,39,,,0,85,,188120,39,,,0
9600,'pB3Sep30-Saturday',623,,188170,39,,,0,85,,188154,39,,,0,45,,188160,39,,,0,85,,188165,39,,,0,85,,188171,39,,,0,86,,188155,39,,,0,45,,188161,39,,,0,85,,188166,39,,,0,85,,188172,39,,,0,85,,188156,39,,,0,45,,188162,39,,,0,86,,188167,39,,,0,87,,188173,39,,,0,88,,188157,39,,,0,86,,188163,39,,,0,45,,188168,39,,,0,81,,188174,39,,,0,85,,188158,39,,,0,42,,188164,39,,,0,84,,188169,39,,,0,85,,188175,39,,,0,85,,188159,39,,,0
71200,'Weekday',842,,200981,22,0,29 158,0
71500,'Weekday',842,,200996,23,0,29 161,0
83500,'Weekday',1506,,201268,8,,,0
