9801,'Saturday',557,,188642,2,,,0,75,,188643,2,,,0,75,,188645,2,,,0,35,,188644,2,,,0,75,,188647,2,,,0,35,,188648,2,,,0,75,,188646,2,,,0,75,,188649,2,,,0,35,,188650,2,,,0,75,,188651,2,,,0,35,,188652,2,,,0,75,,188653,2,,,0,35,,188654,2,,,0,75,,188655,2,,,0,75,,188656,2,,,0,35,,188657,2,,,0,75,,188658,2,,,0,35,,188659,2,,,0,75,,188660,2,,,0,75,,188661,2,,,0,35,,188662,2,,,0,75,,188663,2,,,0,35,,188665,2,,,0,75,,188664,2,,,0,35,,188666,2,,,0,75,,188667,2,,,0,75,,188669,2,,,0,35,,188668,2,,,0,75,,188671,2,,,0,35,,188670,2,,,0
9801,'Sunday',816,,188672,2,,,0,35,,188673,2,,,0,75,,188674,2,,,0,75,,188675,2,,,0,35,,188676,2,,,0,75,,188678,2,,,0,35,,188677,2,,,0,75,,188679,2,,,0,35,,188680,2,,,0,75,,188681,2,,,0,75,,188682,2,,,0,35,,188683,2,,,0,75,,188684,2,,,0,35,,188685,2,,,0,75,,188686,2,,,0,75,,188687,2,,,0,35,,188688,2,,,0,75,,188690,2,,,0,35,,188689,2,,,0,75,,188691,2,,,0,35,,188692,2,,,0,75,,188693,2,,,0,75,,188694,2,,,0,35,,188695,2,,,0,75,,188696,2,,,0,35,,188697,2,,,0
9801,'Weekday',439,,188700,2,,,0,73,,188701,2,,,0,33,,188718,2,,,0,73,,188702,2,,,0,33,,188719,2,,,0,73,,188703,2,,,0,33,,188720,2,,,0,67,,188698,2,,,0,6,,188704,2,,,0,73,,188721,2,,,0,33,,188705,2,,,0,73,,188722,2,,,0,33,,188706,2,,,0,73,,188723,2,,,0,33,,188707,2,,,0,73,,188724,2,,,0,33,,188708,2,,,0,73,,188725,2,,,0,73,,188709,2,,,0,33,,188726,2,,,0,73,,188710,2,,,0,34,,188727,2,,,0,17,,188699,2,,,0,56,,188711,2,,,0,33,,188728,2,,,0,73,,188712,2,,,0,33,,188729,2,,,0,73,,188713,2,,,0,32,,188730,2,,,0,73,,188714,2,,,0,73,,188731,2,,,0,33,,188715,2,,,0,73,,188732,2,,,0,33,,188716,2,,,0,73,,188733,2,,,0,33,,188717,2,,,0,73,,188734,2,,,0
9801,'Weekday0000100',1340,,188735,2,,,0
9801,'Weekday1111000',1601,,188736,2,,,0
9801,'pB3Sep30-Saturday',557,,188737,2,,,0,75,,188738,2,,,0,75,,188740,2,,,0,35,,188739,2,,,0,75,,188742,2,,,0,35,,188743,2,,,0,75,,188741,2,,,0,75,,188744,2,,,0,35,,188745,2,,,0,75,,188746,2,,,0,35,,188747,2,,,0,75,,188748,2,,,0,35,,188749,2,,,0,75,,188750,2,,,0,75,,188751,2,,,0,35,,188752,2,,,0,75,,188753,2,,,0,35,,188754,2,,,0,75,,188755,2,,,0,75,,188756,2,,,0,35,,188757,2,,,0,75,,188758,2,,,0,35,,188760,2,,,0,75,,188759,2,,,0,35,,188761,2,,,0,75,,188762,2,,,0,75,,188764,2,,,0,35,,188763,2,,,0,75,,188766,2,,,0,35,,188765,2,,,0
69900,'Weekday0000100',1431,,200951,41,0,115 116,0,80,,200950,41,0,115 116,0
69900,'Weekday1111000',1623,,200952,41,0,115 116,0
72800,'Weekday',813,,201039,2,0,140 69 31,0
89400,'Weekday',717,,201354,7,0,12 68 1 114 12,0
89401,'Weekday',1510,,201355,34,0,12 68 1 114 12,0
