5900,'Saturday',544,,181527,29,,,0,73,,181528,29,,,0,33,,181529,29,,,0,58,,181559,29,,,0,18,,181530,29,,,0,18,,181560,29,,,0,58,,181531,29,,,0,18,,181561,29,,,0,18,,181532,29,,,0,18,,181562,29,,,0,58,,181533,29,,,0,18,,181563,29,,,0,18,,181534,29,,,0,58,,181564,29,,,0,18,,181535,29,,,0,18,,181565,29,,,0,58,,181536,29,,,0,18,,181566,29,,,0,18,,181537,29,,,0,18,,181567,29,,,0,58,,181538,29,,,0,18,,181568,29,,,0,18,,181539,29,,,0,58,,181569,29,,,0,18,,181540,29,,,0,18,,181570,29,,,0,58,,181541,29,,,0,18,,181571,29,,,0,18,,181542,29,,,0,18,,181572,29,,,0,58,,181543,29,,,0,18,,181573,29,,,0,18,,181544,29,,,0,58,,181574,29,,,0,18,,181545,29,,,0,18,,181575,29,,,0,58,,181546,29,,,0,18,,181576,29,,,0,18,,181547,29,,,0,18,,181577,29,,,0,58,,181548,29,,,0,18,,181578,29,,,0,18,,181549,29,,,0,58,,181579,29,,,0,18,,181550,29,,,0,18,,181580,29,,,0,58,,181551,29,,,0,18,,181581,29,,,0,18,,181552,29,,,0,18,,181582,29,,,0,58,,181553,29,,,0,18,,181583,29,,,0,18,,181554,29,,,0,58,,181584,29,,,0,18,,181555,29,,,0,18,,181585,29,,,0,58,,181556,29,,,0,35,,181557,29,,,0,75,,181558,29,,,0
5900,'Sunday',544,,181586,29,,,0,73,,181587,29,,,0,33,,181588,29,,,0,58,,181618,29,,,0,18,,181589,29,,,0,18,,181619,29,,,0,58,,181590,29,,,0,18,,181620,29,,,0,18,,181591,29,,,0,18,,181621,29,,,0,58,,181592,29,,,0,18,,181622,29,,,0,18,,181593,29,,,0,58,,181623,29,,,0,18,,181594,29,,,0,18,,181624,29,,,0,58,,181595,29,,,0,18,,181625,29,,,0,18,,181596,29,,,0,18,,181626,29,,,0,58,,181597,29,,,0,18,,181627,29,,,0,18,,181598,29,,,0,58,,181628,29,,,0,18,,181599,29,,,0,18,,181629,29,,,0,58,,181600,29,,,0,18,,181630,29,,,0,18,,181601,29,,,0,18,,181631,29,,,0,58,,181602,29,,,0,18,,181632,29,,,0,18,,181603,29,,,0,58,,181633,29,,,0,18,,181604,29,,,0,18,,181634,29,,,0,58,,181605,29,,,0,18,,181635,29,,,0,18,,181606,29,,,0,18,,181636,29,,,0,58,,181607,29,,,0,18,,181637,29,,,0,18,,181608,29,,,0,58,,181638,29,,,0,18,,181609,29,,,0,18,,181639,29,,,0,58,,181610,29,,,0,18,,181640,29,,,0,18,,181611,29,,,0,18,,181641,29,,,0,58,,181612,29,,,0,18,,181642,29,,,0,18,,181613,29,,,0,58,,181643,29,,,0,18,,181614,29,,,0,18,,181644,29,,,0,58,,181615,29,,,0,35,,181616,29,,,0,75,,181617,29,,,0
5900,'Weekday',525,,181651,29,,,0,18,,181645,29,,,0,12,,181652,29,,,0,52,,181673,29,,,0,12,,181646,29,,,0,12,,181653,29,,,0,12,,181674,29,,,0,12,,181647,29,,,0,52,,181654,29,,,0,12,,181675,29,,,0,12,,181648,29,,,0,12,,181655,29,,,0,12,,181676,29,,,0,52,,181649,29,,,0,12,,181656,29,,,0,12,,181677,29,,,0,11,,181650,29,,,0,4,,181679,29,,,0,9,,181657,29,,,0,52,,181678,29,,,0,12,,181680,29,,,0,18,,181658,29,,,0,18,,181681,29,,,0,58,,181659,29,,,0,18,,181682,29,,,0,18,,181660,29,,,0,58,,181683,29,,,0,18,,181661,29,,,0,18,,181684,29,,,0,58,,181662,29,,,0,18,,181685,29,,,0,18,,181663,29,,,0,18,,181686,29,,,0,58,,181664,29,,,0,18,,181687,29,,,0,18,,181665,29,,,0,58,,181688,29,,,0,18,,181666,29,,,0,19,,181689,29,,,0,57,,181667,29,,,0,12,,181706,29,,,0,12,,181690,29,,,0,12,,181668,29,,,0,12,,181707,29,,,0,52,,181691,29,,,0,13,,181669,29,,,0,11,,181708,29,,,0,12,,181692,29,,,0,12,,181670,29,,,0,52,,181709,29,,,0,12,,181693,29,,,0,12,,181671,29,,,0,12,,181710,29,,,0,12,,181694,29,,,0,52,,181672,29,,,0,12,,181711,29,,,0,12,,181695,29,,,0,18,,181712,29,,,0,58,,181696,29,,,0,18,,181713,29,,,0,18,,181697,29,,,0,18,,181714,29,,,0,58,,181698,29,,,0,18,,181715,29,,,0,18,,181699,29,,,0,58,,181716,29,,,0,18,,181700,29,,,0,18,,181717,29,,,0,58,,181701,29,,,0,18,,181718,29,,,0,18,,181702,29,,,0,75,,181703,29,,,0,35,,181704,29,,,0,75,,181705,29,,,0
5900,'Weekday0000100',1439,,181719,29,,,0
5900,'Weekday1111000',1608,,181720,29,,,0
5900,'pB3Sep30-Saturday',544,,181721,29,,,0,73,,181722,29,,,0,33,,181723,29,,,0,58,,181753,29,,,0,18,,181724,29,,,0,18,,181754,29,,,0,58,,181725,29,,,0,18,,181755,29,,,0,18,,181726,29,,,0,18,,181757,29,,,0,58,,181727,29,,,0,18,,181758,29,,,0,18,,181728,29,,,0,58,,181759,29,,,0,18,,181729,29,,,0,18,,181756,29,,,0,58,,181730,29,,,0,18,,181760,29,,,0,18,,181731,29,,,0,18,,181761,29,,,0,58,,181732,29,,,0,18,,181762,29,,,0,18,,181733,29,,,0,58,,181763,29,,,0,18,,181734,29,,,0,18,,181764,29,,,0,58,,181735,29,,,0,18,,181765,29,,,0,18,,181736,29,,,0,18,,181766,29,,,0,58,,181737,29,,,0,18,,181767,29,,,0,18,,181738,29,,,0,58,,181768,29,,,0,18,,181739,29,,,0,18,,181769,29,,,0,58,,181740,29,,,0,18,,181770,29,,,0,18,,181741,29,,,0,18,,181771,29,,,0,58,,181742,29,,,0,18,,181772,29,,,0,18,,181743,29,,,0,58,,181773,29,,,0,18,,181744,29,,,0,18,,181774,29,,,0,58,,181745,29,,,0,18,,181775,29,,,0,18,,181746,29,,,0,18,,181776,29,,,0,58,,181747,29,,,0,18,,181777,29,,,0,18,,181748,29,,,0,58,,181778,29,,,0,18,,181749,29,,,0,18,,181779,29,,,0,58,,181750,29,,,0,35,,181751,29,,,0,75,,181752,29,,,0
8000,'Saturday',825,,185489,21,,,0,30,,185490,21,,,0,70,,185491,21,,,0,30,,185492,21,,,0,70,,185493,21,,,0,30,,185494,21,,,0,70,,185495,21,,,0,30,,185496,21,,,0,70,,185497,21,,,0,30,,185498,21,,,0,70,,185499,21,,,0,30,,185500,21,,,0,70,,185501,21,,,0,30,,185502,21,,,0,70,,185503,21,,,0,30,,185504,21,,,0,70,,185505,21,,,0,30,,185506,21,,,0,70,,185507,21,,,0,30,,185508,21,,,0,70,,185509,21,,,0,30,,185510,21,,,0,70,,185511,21,,,0
8000,'Sunday',825,,185512,21,,,0,30,,185513,21,,,0,70,,185514,21,,,0,30,,185515,21,,,0,70,,185516,21,,,0,30,,185517,21,,,0,70,,185518,21,,,0,30,,185519,21,,,0,70,,185520,21,,,0,30,,185521,21,,,0,70,,185522,21,,,0,30,,185523,21,,,0,70,,185524,21,,,0,30,,185525,21,,,0,70,,185526,21,,,0,30,,185527,21,,,0,70,,185528,21,,,0,30,,185529,21,,,0,70,,185530,21,,,0,30,,185531,21,,,0,70,,185532,21,,,0,30,,185533,21,,,0,70,,185534,21,,,0
8000,'Weekday',552,,185548,21,,,0,70,,185546,21,,,0,33,,185535,21,,,0,70,,185536,21,,,0,30,,185538,21,,,0,70,,185539,21,,,0,30,,185540,21,,,0,70,,185550,21,,,0,30,,185551,21,,,0,70,,185554,21,,,0,30,,185555,21,,,0,70,,185556,21,,,0,30,,185557,21,,,0,70,,185558,21,,,0,30,,185559,21,,,0,70,,185560,21,,,0,30,,185561,21,,,0,70,,185553,21,,,0,30,,185552,21,,,0,70,,185537,21,,,0,30,,185541,21,,,0,70,,185542,21,,,0,30,,185543,21,,,0,70,,185544,21,,,0,30,,185545,21,,,0,70,,185549,21,,,0,30,,185547,21,,,0,70,,185564,21,,,0,30,,185565,21,,,0,70,,185566,21,,,0,30,,185567,21,,,0,70,,185562,21,,,0,30,,185563,21,,,0
8000,'pB3Sep30-Saturday',825,,185569,21,,,0,30,,185570,21,,,0,70,,185571,21,,,0,30,,185568,21,,,0,70,,185572,21,,,0,30,,185573,21,,,0,70,,185574,21,,,0,30,,185575,21,,,0,70,,185576,21,,,0,30,,185577,21,,,0,70,,185578,21,,,0,30,,185579,21,,,0,70,,185580,21,,,0,30,,185581,21,,,0,70,,185582,21,,,0,30,,185583,21,,,0,70,,185584,21,,,0,30,,185585,21,,,0,70,,185586,21,,,0,30,,185587,21,,,0,70,,185588,21,,,0,30,,185589,21,,,0,70,,185590,21,,,0
