2201,'Saturday',636,,174469,23,0,134 135 136,0,74,,174460,23,0,134 135 136,0,38,,174471,23,0,134 135 136,0,78,,174461,23,0,134 135 136,0,78,,174472,23,0,134 135 136,0,38,,174462,23,0,134 135 136,0,78,,174477,23,0,134 135 136,0,38,,174463,23,0,134 135 136,0,75,,174479,23,0,134 135 136,0,78,,174478,23,0,134 135 136,0,38,,174470,23,0,134 135 136,0,78,,174480,23,0,134 135 136,0,78,,174464,23,0,134 135 136,0,38,,174475,23,0,134 135 136,0,78,,174474,23,0,134 135 136,0,38,,174481,23,0,134 135 136,0,78,,174465,23,0,134 135 136,0,78,,174482,23,0,134 135 136,0,38,,174473,23,0,134 135 136,0,78,,174483,23,0,134 135 136,0,75,,174476,23,0,134 135 136,0,38,,174484,23,0,134 135 136,0,78,,174466,23,0,134 135 136,0,78,,174485,23,0,134 135 136,0,38,,174467,23,0,134 135 136,0,78,,174487,23,0,134 135 136,0,38,,174468,23,0,134 135 136,0,78,,174486,23,0,134 135 136,0
2201,'Sunday',639,,174501,23,0,134 135 136,0,75,,174488,23,0,134 135 136,0,38,,174502,23,0,134 135 136,0,78,,174490,23,0,134 135 136,0,78,,174503,23,0,134 135 136,0,38,,174489,23,0,134 135 136,0,78,,174504,23,0,134 135 136,0,78,,174491,23,0,134 135 136,0,38,,174505,23,0,134 135 136,0,78,,174492,23,0,134 135 136,0,38,,174506,23,0,134 135 136,0,78,,174493,23,0,134 135 136,0,78,,174507,23,0,134 135 136,0,38,,174495,23,0,134 135 136,0,78,,174508,23,0,134 135 136,0,78,,174494,23,0,134 135 136,0,38,,174509,23,0,134 135 136,0,78,,174497,23,0,134 135 136,0,78,,174510,23,0,134 135 136,0,38,,174496,23,0,134 135 136,0,77,,174511,23,0,134 135 136,0,38,,174498,23,0,134 135 136,0,78,,174512,23,0,134 135 136,0,78,,174499,23,0,134 135 136,0,38,,174514,23,0,134 135 136,0,78,,174500,23,0,134 135 136,0,78,,174513,23,0,134 135 136,0
2201,'Weekday',617,,174515,23,0,134 135 136,0,40,,174530,23,0,134 135 136,0,68,,174544,23,0,134 135 136,0,28,,174516,23,0,134 135 136,0,68,,174531,23,0,134 135 136,0,28,,174545,23,0,134 135 136,0,66,,174517,23,0,134 135 136,0,25,,174532,23,0,134 135 136,0,66,,174546,23,0,134 135 136,0,26,,174518,23,0,134 135 136,0,26,,174533,23,0,134 135 136,0,66,,174547,23,0,134 135 136,0,26,,174519,23,0,134 135 136,0,66,,174534,23,0,134 135 136,0,26,,174548,23,0,134 135 136,0,66,,174520,23,0,134 135 136,0,26,,174535,23,0,134 135 136,0,66,,174549,23,0,134 135 136,0,26,,174521,23,0,134 135 136,0,26,,174536,23,0,134 135 136,0,69,,174550,23,0,134 135 136,0,29,,174522,23,0,134 135 136,0,68,,174537,23,0,134 135 136,0,28,,174551,23,0,134 135 136,0,68,,174523,23,0,134 135 136,0,28,,174538,23,0,134 135 136,0,66,,174552,23,0,134 135 136,0,26,,174524,23,0,134 135 136,0,76,,174539,23,0,134 135 136,0,36,,174525,23,0,134 135 136,0,76,,174540,23,0,134 135 136,0,36,,174526,23,0,134 135 136,0,76,,174541,23,0,134 135 136,0,76,,174527,23,0,134 135 136,0,36,,174542,23,0,134 135 136,0,76,,174528,23,0,134 135 136,0,85,,174543,23,0,134 135 136,0,35,,174529,23,0,134 135 136,0
2201,'Weekday1111000',1507,,174553,13,0,134 135 136,0
2201,'pB3Sep30-Saturday',636,,174563,23,0,134 135 136,0,74,,174554,23,0,134 135 136,0,38,,174565,23,0,134 135 136,0,78,,174555,23,0,134 135 136,0,78,,174566,23,0,134 135 136,0,38,,174556,23,0,134 135 136,0,78,,174571,23,0,134 135 136,0,38,,174557,23,0,134 135 136,0,75,,174573,23,0,134 135 136,0,78,,174572,23,0,134 135 136,0,38,,174564,23,0,134 135 136,0,78,,174574,23,0,134 135 136,0,78,,174558,23,0,134 135 136,0,38,,174569,23,0,134 135 136,0,78,,174568,23,0,134 135 136,0,38,,174575,23,0,134 135 136,0,78,,174559,23,0,134 135 136,0,78,,174576,23,0,134 135 136,0,38,,174567,23,0,134 135 136,0,78,,174577,23,0,134 135 136,0,75,,174570,23,0,134 135 136,0,38,,174578,23,0,134 135 136,0,78,,174560,23,0,134 135 136,0,78,,174579,23,0,134 135 136,0,38,,174562,23,0,134 135 136,0,78,,174581,23,0,134 135 136,0,38,,174561,23,0,134 135 136,0,78,,174580,23,0,134 135 136,0
6601,'Saturday',623,,183124,10,,,0,33,,183141,10,,,0,73,,183126,10,,,0,73,,183142,10,,,0,33,,183125,10,,,0,74,,183143,10,,,0,33,,183127,10,,,0,73,,183144,10,,,0,33,,183128,10,,,0,73,,183145,10,,,0,33,,183129,10,,,0,73,,183146,10,,,0,73,,183130,10,,,0,33,,183147,10,,,0,73,,183132,10,,,0,33,,183148,10,,,0,73,,183131,10,,,0,33,,183149,10,,,0,73,,183133,10,,,0,33,,183150,10,,,0,73,,183137,10,,,0,33,,183151,10,,,0,72,,183134,10,,,0,73,,183152,10,,,0,33,,183135,10,,,0,73,,183153,10,,,0,33,,183136,10,,,0,73,,183154,10,,,0,33,,183138,10,,,0,73,,183155,10,,,0,33,,183139,10,,,0,73,,183156,10,,,0
6601,'Sunday',623,,183159,10,,,0,33,,183175,10,,,0,73,,183160,10,,,0,73,,183176,10,,,0,33,,183158,10,,,0,74,,183178,10,,,0,33,,183161,10,,,0,73,,183179,10,,,0,33,,183162,10,,,0,73,,183180,10,,,0,33,,183163,10,,,0,73,,183177,10,,,0,73,,183164,10,,,0,33,,183181,10,,,0,73,,183165,10,,,0,33,,183182,10,,,0,73,,183166,10,,,0,33,,183185,10,,,0,73,,183167,10,,,0,33,,183183,10,,,0,73,,183168,10,,,0,33,,183184,10,,,0,72,,183169,10,,,0,73,,183187,10,,,0,33,,183170,10,,,0,73,,183186,10,,,0,33,,183171,10,,,0,73,,183189,10,,,0,33,,183173,10,,,0,73,,183188,10,,,0,33,,183172,10,,,0,73,,183190,10,,,0
6601,'Weekday',608,,183193,10,,,0,24,,183202,10,,,0,23,,183210,10,,,0,63,,183235,10,,,0,23,,183224,10,,,0,63,,183194,10,,,0,23,,183205,10,,,0,23,,183211,10,,,0,63,,183236,10,,,0,23,,183227,10,,,0,23,,183207,10,,,0,63,,183212,10,,,0,23,,183228,10,,,0,63,,183192,10,,,0,23,,183209,10,,,0,23,,183229,10,,,0,63,,183191,10,,,0,23,,183213,10,,,0,63,,183226,10,,,0,23,,183195,10,,,0,23,,183214,10,,,0,63,,183230,10,,,0,23,,183196,10,,,0,23,,183215,10,,,0,63,,183231,10,,,0,23,,183199,10,,,0,63,,183197,10,,,0,23,,183219,10,,,0,23,,183216,10,,,0,63,,183232,10,,,0,23,,183200,10,,,0,63,,183198,10,,,0,29,,183217,10,,,0,73,,183233,10,,,0,31,,183220,10,,,0,72,,183218,10,,,0,33,,183221,10,,,0,73,,183201,10,,,0,33,,183222,10,,,0,73,,183203,10,,,0,33,,183223,10,,,0,73,,183204,10,,,0,31,,183225,10,,,0
6601,'pB3Sep30-Saturday',623,,183238,10,,,0,33,,183255,10,,,0,73,,183240,10,,,0,73,,183256,10,,,0,33,,183239,10,,,0,74,,183257,10,,,0,33,,183241,10,,,0,73,,183258,10,,,0,33,,183243,10,,,0,73,,183259,10,,,0,33,,183242,10,,,0,73,,183260,10,,,0,73,,183244,10,,,0,33,,183261,10,,,0,73,,183246,10,,,0,33,,183262,10,,,0,73,,183245,10,,,0,33,,183263,10,,,0,73,,183247,10,,,0,33,,183264,10,,,0,73,,183251,10,,,0,33,,183265,10,,,0,72,,183248,10,,,0,73,,183266,10,,,0,33,,183249,10,,,0,73,,183267,10,,,0,33,,183250,10,,,0,73,,183268,10,,,0,33,,183252,10,,,0,73,,183269,10,,,0,33,,183253,10,,,0,73,,183270,10,,,0
69900,'Weekday0000100',1354,,200951,7,0,115 116,0,80,,200950,7,0,115 116,0
69900,'Weekday1111000',1546,,200952,7,0,115 116,0
