2001,'Saturday',626,,173976,25,,,0,29,,173985,51,,,0,66,,173998,51,,,0,26,,174005,51,,,0,60,,173969,51,,,0,26,,173991,51,,,0,67,,173977,51,,,0,27,,173982,51,,,0,27,,173999,51,,,0,67,,174006,51,,,0,27,,173970,51,,,0,67,,173992,51,,,0,27,,173978,51,,,0,67,,173986,51,,,0,27,,174000,51,,,0,67,,174007,51,,,0,27,,173971,51,,,0,27,,173994,51,,,0,67,,173979,51,,,0,27,,173988,51,,,0,67,,174001,51,,,0,27,,174008,51,,,0,67,,173972,51,,,0,27,,173993,51,,,0,67,,173980,51,,,0,27,,173987,51,,,0,67,,174002,51,,,0,27,,174009,51,,,0,27,,173973,51,,,0,67,,173995,51,,,0,27,,173981,51,,,0,66,,173989,51,,,0,25,,174003,51,,,0,66,,174010,51,,,0,26,,173974,51,,,0,26,,173996,51,,,0,66,,173983,51,,,0,26,,173990,51,,,0,66,,174004,51,,,0,24,,174013,51,,,0,75,,174012,51,,,0
2001,'Sunday',626,,174021,25,,,0,29,,174028,51,,,0,66,,174042,51,,,0,26,,174049,51,,,0,60,,174014,51,,,0,26,,174035,51,,,0,67,,174022,51,,,0,27,,174029,51,,,0,27,,174044,51,,,0,67,,174050,51,,,0,27,,174015,51,,,0,67,,174036,51,,,0,27,,174023,51,,,0,67,,174030,51,,,0,27,,174043,51,,,0,67,,174051,51,,,0,27,,174016,51,,,0,27,,174037,51,,,0,67,,174024,51,,,0,27,,174031,51,,,0,67,,174045,51,,,0,27,,174052,51,,,0,67,,174017,51,,,0,27,,174039,51,,,0,67,,174026,51,,,0,27,,174032,51,,,0,67,,174046,51,,,0,27,,174053,51,,,0,27,,174018,51,,,0,67,,174038,51,,,0,27,,174025,51,,,0,66,,174033,51,,,0,25,,174047,51,,,0,66,,174054,51,,,0,26,,174019,51,,,0,26,,174040,51,,,0,66,,174027,51,,,0,26,,174034,51,,,0,64,,174056,51,,,0,26,,174057,51,,,0,75,,174048,51,,,0
2001,'Weekday',534,,174081,10,,,0,66,,174066,51,,,0,28,,174058,51,,,0,72,,174068,51,,,0,15,,174091,51,,,0,14,,174073,51,,,0,16,,174094,51,,,0,55,,174085,51,,,0,14,,174095,51,,,0,14,,174080,51,,,0,14,,174092,51,,,0,16,,174097,51,,,0,49,,174067,51,,,0,10,,174093,51,,,0,6,,174059,51,,,0,14,,174096,51,,,0,13,,174069,51,,,0,68,,174074,51,,,0,28,,174086,51,,,0,68,,174082,51,,,0,28,,174098,51,,,0,68,,174060,51,,,0,28,,174070,51,,,0,68,,174075,51,,,0,28,,174087,51,,,0,68,,174083,51,,,0,28,,174099,51,,,0,29,,174061,51,,,0,67,,174071,51,,,0,28,,174077,51,,,0,54,,174105,51,,,0,14,,174108,51,,,0,14,,174089,51,,,0,14,,174084,51,,,0,53,,174104,51,,,0,13,,174100,51,,,0,14,,174107,51,,,0,14,,174062,51,,,0,12,,174113,51,,,0,54,,174072,51,,,0,14,,174115,51,,,0,14,,174076,51,,,0,14,,174106,51,,,0,53,,174109,51,,,0,15,,174088,51,,,0,29,,174101,51,,,0,68,,174063,51,,,0,27,,174112,51,,,0,66,,174078,51,,,0,25,,174110,51,,,0,24,,174090,51,,,0,70,,174102,51,,,0,28,,174064,51,,,0,67,,174114,51,,,0,27,,174079,51,,,0,68,,174111,51,,,0,30,,174103,51,,,0,70,,174065,51,,,0
2001,'pB3Sep30-Saturday',626,,174135,25,,,0,29,,174144,51,,,0,66,,174157,51,,,0,26,,174164,51,,,0,60,,174128,51,,,0,26,,174150,51,,,0,67,,174136,51,,,0,27,,174141,51,,,0,27,,174158,51,,,0,67,,174165,51,,,0,27,,174129,51,,,0,67,,174151,51,,,0,27,,174137,51,,,0,67,,174145,51,,,0,27,,174159,51,,,0,67,,174166,51,,,0,27,,174130,51,,,0,27,,174153,51,,,0,67,,174138,51,,,0,27,,174147,51,,,0,67,,174160,51,,,0,27,,174167,51,,,0,67,,174131,51,,,0,27,,174152,51,,,0,67,,174139,51,,,0,27,,174146,51,,,0,67,,174161,51,,,0,27,,174168,51,,,0,27,,174132,51,,,0,67,,174154,51,,,0,27,,174140,51,,,0,66,,174148,51,,,0,25,,174162,51,,,0,66,,174169,51,,,0,26,,174133,51,,,0,26,,174155,51,,,0,66,,174143,51,,,0,26,,174149,51,,,0,66,,174163,51,,,0,24,,174171,51,,,0,75,,174172,51,,,0
6601,'Saturday',619,,183124,7,,,0,33,,183141,7,,,0,73,,183126,7,,,0,33,,183142,7,,,0,73,,183125,7,,,0,74,,183143,7,,,0,33,,183127,7,,,0,73,,183144,7,,,0,33,,183128,7,,,0,73,,183145,7,,,0,33,,183129,7,,,0,73,,183146,7,,,0,33,,183130,7,,,0,73,,183147,7,,,0,73,,183132,7,,,0,33,,183148,7,,,0,73,,183131,7,,,0,33,,183149,7,,,0,73,,183133,7,,,0,33,,183150,7,,,0,73,,183137,7,,,0,33,,183151,7,,,0,72,,183134,7,,,0,33,,183152,7,,,0,73,,183135,7,,,0,73,,183153,7,,,0,33,,183136,7,,,0,73,,183154,7,,,0,33,,183138,7,,,0,73,,183155,7,,,0,33,,183139,7,,,0,73,,183156,7,,,0
6601,'Sunday',619,,183159,7,,,0,33,,183175,7,,,0,73,,183160,7,,,0,33,,183176,7,,,0,73,,183158,7,,,0,74,,183178,7,,,0,33,,183161,7,,,0,73,,183179,7,,,0,33,,183162,7,,,0,73,,183180,7,,,0,33,,183163,7,,,0,73,,183177,7,,,0,33,,183164,7,,,0,73,,183181,7,,,0,73,,183165,7,,,0,33,,183182,7,,,0,73,,183166,7,,,0,33,,183185,7,,,0,73,,183167,7,,,0,33,,183183,7,,,0,73,,183168,7,,,0,33,,183184,7,,,0,72,,183169,7,,,0,33,,183187,7,,,0,73,,183170,7,,,0,73,,183186,7,,,0,33,,183171,7,,,0,73,,183189,7,,,0,33,,183173,7,,,0,73,,183188,7,,,0,33,,183172,7,,,0,73,,183190,7,,,0
6601,'Weekday',604,,183193,7,,,0,24,,183202,7,,,0,23,,183210,7,,,0,63,,183235,7,,,0,23,,183224,7,,,0,63,,183194,7,,,0,23,,183205,7,,,0,23,,183211,7,,,0,63,,183236,7,,,0,23,,183227,7,,,0,23,,183207,7,,,0,63,,183212,7,,,0,23,,183228,7,,,0,63,,183192,7,,,0,23,,183209,7,,,0,23,,183229,7,,,0,63,,183191,7,,,0,23,,183213,7,,,0,23,,183226,7,,,0,63,,183195,7,,,0,23,,183214,7,,,0,63,,183230,7,,,0,23,,183196,7,,,0,23,,183215,7,,,0,63,,183231,7,,,0,23,,183199,7,,,0,63,,183197,7,,,0,23,,183219,7,,,0,23,,183216,7,,,0,63,,183232,7,,,0,23,,183200,7,,,0,23,,183198,7,,,0,69,,183217,7,,,0,73,,183233,7,,,0,31,,183220,7,,,0,73,,183218,7,,,0,33,,183221,7,,,0,73,,183201,7,,,0,33,,183222,7,,,0,73,,183203,7,,,0,33,,183223,7,,,0,73,,183204,7,,,0,31,,183225,7,,,0
6601,'pB3Sep30-Saturday',619,,183238,7,,,0,33,,183255,7,,,0,73,,183240,7,,,0,33,,183256,7,,,0,73,,183239,7,,,0,74,,183257,7,,,0,33,,183241,7,,,0,73,,183258,7,,,0,33,,183243,7,,,0,73,,183259,7,,,0,33,,183242,7,,,0,73,,183260,7,,,0,33,,183244,7,,,0,73,,183261,7,,,0,73,,183246,7,,,0,33,,183262,7,,,0,73,,183245,7,,,0,33,,183263,7,,,0,73,,183247,7,,,0,33,,183264,7,,,0,73,,183251,7,,,0,33,,183265,7,,,0,72,,183248,7,,,0,33,,183266,7,,,0,73,,183249,7,,,0,73,,183267,7,,,0,33,,183250,7,,,0,73,,183268,7,,,0,33,,183252,7,,,0,73,,183269,7,,,0,33,,183253,7,,,0,73,,183270,7,,,0
30401,'Saturday',628,,198976,5,,,0,18,,198975,5,,,0,58,,198974,5,,,0,18,,198973,5,,,0,18,,198972,5,,,0,18,,198971,5,,,0,58,,198970,5,,,0,18,,198969,5,,,0,18,,198968,5,,,0,58,,198967,5,,,0,18,,198966,5,,,0,18,,198965,5,,,0,58,,198964,5,,,0,18,,198963,5,,,0,18,,198962,5,,,0,18,,198961,5,,,0,59,,198960,5,,,0,19,,198959,5,,,0,20,,198958,5,,,0,60,,198957,5,,,0,20,,198956,5,,,0,20,,198955,5,,,0,60,,198954,5,,,0,20,,198953,5,,,0,20,,198952,5,,,0,60,,198951,5,,,0,20,,198950,5,,,0,20,,198949,5,,,0,60,,198948,5,,,0,20,,198947,5,,,0,20,,198946,5,,,0,60,,198945,5,,,0,20,,198944,5,,,0,20,,198943,5,,,0,60,,198942,5,,,0,20,,198941,5,,,0,20,,198940,5,,,0,60,,198939,5,,,0,18,,198938,5,,,0,18,,198937,5,,,0,58,,198936,5,,,0,18,,198935,5,,,0,18,,198934,5,,,0,58,,198933,5,,,0,18,,198932,5,,,0,18,,198931,5,,,0,18,,198930,5,,,0,58,,198929,5,,,0,18,,198928,5,,,0,18,,198927,5,,,0,58,,198926,5,,,0,18,,198925,5,,,0,18,,198924,5,,,0,62,,198923,5,,,0
30401,'Sunday',628,,199030,5,,,0,18,,199029,5,,,0,58,,199028,5,,,0,18,,199027,5,,,0,18,,199026,5,,,0,18,,199025,5,,,0,58,,199024,5,,,0,18,,199023,5,,,0,18,,199022,5,,,0,58,,199021,5,,,0,18,,199020,5,,,0,18,,199019,5,,,0,58,,199018,5,,,0,18,,199017,5,,,0,18,,199016,5,,,0,18,,199006,5,,,0,59,,199007,5,,,0,19,,199011,5,,,0,20,,199005,5,,,0,60,,199004,5,,,0,20,,199003,5,,,0,20,,199002,5,,,0,60,,199009,5,,,0,20,,199001,5,,,0,20,,199000,5,,,0,60,,198999,5,,,0,20,,198998,5,,,0,20,,199012,5,,,0,60,,198997,5,,,0,20,,198996,5,,,0,20,,198995,5,,,0,60,,198994,5,,,0,20,,199013,5,,,0,20,,198993,5,,,0,60,,198992,5,,,0,20,,198991,5,,,0,20,,198990,5,,,0,60,,199014,5,,,0,18,,198989,5,,,0,18,,198988,5,,,0,58,,198987,5,,,0,18,,198986,5,,,0,18,,199010,5,,,0,58,,198985,5,,,0,18,,198984,5,,,0,18,,198983,5,,,0,18,,198982,5,,,0,58,,199015,5,,,0,18,,198981,5,,,0,18,,198979,5,,,0,58,,198978,5,,,0,18,,198977,5,,,0,18,,199008,5,,,0,62,,198980,5,,,0
30401,'Weekday',552,,199045,5,,,0,60,,199056,5,,,0,10,,199064,5,,,0,10,,199031,5,,,0,10,,199072,5,,,0,10,,199033,5,,,0,50,,199041,5,,,0,10,,199043,5,,,0,10,,199046,5,,,0,10,,199054,5,,,0,10,,199057,5,,,0,10,,199065,5,,,0,50,,199032,5,,,0,10,,199073,5,,,0,10,,199034,5,,,0,10,,199042,5,,,0,10,,199044,5,,,0,10,,199047,5,,,0,50,,199055,5,,,0,10,,199058,5,,,0,18,,199066,5,,,0,18,,199074,5,,,0,58,,199035,5,,,0,18,,199048,5,,,0,18,,199059,5,,,0,58,,199067,5,,,0,18,,199075,5,,,0,18,,199036,5,,,0,18,,199049,5,,,0,58,,199060,5,,,0,18,,199068,5,,,0,18,,199076,5,,,0,58,,199037,5,,,0,18,,199050,5,,,0,18,,199061,5,,,0,58,,199069,5,,,0,18,,199077,5,,,0,18,,199038,5,,,0,22,,199051,5,,,0,55,,199062,5,,,0,10,,199086,5,,,0,10,,199070,5,,,0,10,,199088,5,,,0,10,,199078,5,,,0,50,,199080,5,,,0,10,,199040,5,,,0,10,,199082,5,,,0,10,,199053,5,,,0,10,,199084,5,,,0,10,,199063,5,,,0,50,,199087,5,,,0,10,,199071,5,,,0,10,,199089,5,,,0,10,,199079,5,,,0,10,,199081,5,,,0,10,,199039,5,,,0,50,,199083,5,,,0,10,,199052,5,,,0,17,,199085,5,,,0,22,,199091,5,,,0,62,,199092,5,,,0,22,,199093,5,,,0,22,,199094,5,,,0,62,,199095,5,,,0,22,,199096,5,,,0,62,,199097,5,,,0,22,,199098,5,,,0,22,,199099,5,,,0,62,,199100,5,,,0,22,,199101,5,,,0,22,,199102,5,,,0,62,,199103,5,,,0,22,,199104,5,,,0,62,,199090,5,,,0
30401,'pB3Sep30-Saturday',628,,199158,5,,,0,18,,199157,5,,,0,58,,199156,5,,,0,18,,199155,5,,,0,18,,199154,5,,,0,18,,199153,5,,,0,58,,199152,5,,,0,18,,199151,5,,,0,18,,199150,5,,,0,58,,199149,5,,,0,18,,199148,5,,,0,18,,199147,5,,,0,58,,199146,5,,,0,18,,199145,5,,,0,18,,199144,5,,,0,18,,199143,5,,,0,59,,199142,5,,,0,19,,199141,5,,,0,20,,199140,5,,,0,60,,199139,5,,,0,20,,199138,5,,,0,20,,199137,5,,,0,60,,199136,5,,,0,20,,199135,5,,,0,20,,199134,5,,,0,60,,199133,5,,,0,20,,199132,5,,,0,20,,199131,5,,,0,60,,199130,5,,,0,20,,199129,5,,,0,20,,199128,5,,,0,60,,199127,5,,,0,20,,199126,5,,,0,20,,199125,5,,,0,60,,199124,5,,,0,20,,199123,5,,,0,20,,199122,5,,,0,60,,199121,5,,,0,18,,199120,5,,,0,18,,199119,5,,,0,58,,199118,5,,,0,18,,199117,5,,,0,18,,199116,5,,,0,58,,199115,5,,,0,18,,199114,5,,,0,18,,199113,5,,,0,18,,199112,5,,,0,58,,199111,5,,,0,18,,199110,5,,,0,18,,199109,5,,,0,58,,199108,5,,,0,18,,199107,5,,,0,18,,199105,5,,,0,62,,199106,5,,,0
