200,'Saturday',633,,169443,62,,,0,25,,169452,62,,,0,65,,169469,62,,,0,25,,169461,62,,,0,65,,169478,62,,,0,25,,169444,62,,,0,65,,169453,62,,,0,25,,169470,62,,,0,25,,169462,62,,,0,66,,169479,62,,,0,27,,169445,62,,,0,69,,169454,62,,,0,26,,169471,62,,,0,66,,169463,62,,,0,26,,169480,62,,,0,26,,169446,62,,,0,66,,169455,62,,,0,26,,169472,62,,,0,66,,169464,62,,,0,26,,169481,62,,,0,66,,169447,62,,,0,26,,169456,62,,,0,66,,169473,62,,,0,26,,169465,62,,,0,26,,169482,62,,,0,66,,169448,62,,,0,26,,169457,62,,,0,66,,169474,62,,,0,26,,169466,62,,,0,66,,169483,62,,,0,26,,169449,62,,,0,26,,169458,62,,,0,66,,169475,62,,,0,26,,169467,62,,,0,66,,169484,62,,,0,26,,169450,62,,,0,66,,169459,62,,,0,26,,169476,62,,,0,26,,169468,62,,,0,66,,169485,62,,,0,23,,169451,62,,,0,69,,169460,62,,,0,26,,169477,62,,,0
200,'Sunday',633,,169506,62,,,0,25,,169509,62,,,0,65,,169513,62,,,0,25,,169512,62,,,0,65,,169517,62,,,0,25,,169508,62,,,0,65,,169510,62,,,0,25,,169515,62,,,0,25,,169516,62,,,0,66,,169518,62,,,0,27,,169507,62,,,0,69,,169511,62,,,0,26,,169514,62,,,0,66,,169524,62,,,0,26,,169528,62,,,0,26,,169519,62,,,0,66,,169521,62,,,0,26,,169523,62,,,0,66,,169525,62,,,0,26,,169527,62,,,0,66,,169520,62,,,0,26,,169522,62,,,0,66,,169526,62,,,0,26,,169498,62,,,0,26,,169495,62,,,0,66,,169486,62,,,0,26,,169502,62,,,0,66,,169499,62,,,0,26,,169491,62,,,0,66,,169493,62,,,0,26,,169487,62,,,0,26,,169504,62,,,0,66,,169496,62,,,0,26,,169500,62,,,0,66,,169488,62,,,0,26,,169503,62,,,0,66,,169492,62,,,0,26,,169501,62,,,0,26,,169494,62,,,0,66,,169490,62,,,0,23,,169489,62,,,0,69,,169505,62,,,0,26,,169497,62,,,0
200,'Weekday',542,,169529,62,,,0,70,,169535,62,,,0,16,,169543,62,,,0,14,,169545,62,,,0,16,,169541,62,,,0,54,,169551,62,,,0,14,,169557,62,,,0,16,,169558,62,,,0,15,,169530,62,,,0,55,,169560,62,,,0,15,,169536,62,,,0,13,,169544,62,,,0,15,,169546,62,,,0,54,,169542,62,,,0,15,,169552,62,,,0,17,,169584,62,,,0,17,,169559,62,,,0,56,,169531,62,,,0,27,,169537,62,,,0,67,,169547,62,,,0,27,,169553,62,,,0,67,,169561,62,,,0,29,,169532,62,,,0,69,,169538,62,,,0,27,,169548,62,,,0,27,,169554,62,,,0,67,,169562,62,,,0,27,,169533,62,,,0,67,,169539,62,,,0,15,,169567,62,,,0,17,,169549,62,,,0,57,,169574,62,,,0,15,,169555,62,,,0,17,,169572,62,,,0,15,,169563,62,,,0,55,,169579,62,,,0,15,,169534,62,,,0,15,,169582,62,,,0,15,,169540,62,,,0,53,,169568,62,,,0,11,,169550,62,,,0,15,,169575,62,,,0,15,,169556,62,,,0,14,,169573,62,,,0,55,,169564,62,,,0,15,,169585,62,,,0,25,,169583,62,,,0,63,,169569,62,,,0,29,,169576,62,,,0,70,,169565,62,,,0,30,,169580,62,,,0,70,,169570,62,,,0,30,,169577,62,,,0,70,,169566,62,,,0,30,,169581,62,,,0,71,,169571,62,,,0,31,,169578,62,,,0
200,'Weekday0000100',1326,,169586,8,,,0
200,'Weekday1111000',1552,,169587,8,,,0
200,'pB3Sep30-Saturday',633,,169589,62,,,0,25,,169597,62,,,0,65,,169614,62,,,0,25,,169606,62,,,0,65,,169623,62,,,0,25,,169590,62,,,0,65,,169598,62,,,0,25,,169615,62,,,0,25,,169607,62,,,0,66,,169624,62,,,0,27,,169591,62,,,0,69,,169599,62,,,0,26,,169616,62,,,0,66,,169608,62,,,0,26,,169625,62,,,0,26,,169588,62,,,0,66,,169600,62,,,0,26,,169619,62,,,0,66,,169609,62,,,0,26,,169626,62,,,0,66,,169592,62,,,0,26,,169601,62,,,0,66,,169617,62,,,0,26,,169610,62,,,0,26,,169627,62,,,0,66,,169593,62,,,0,26,,169602,62,,,0,66,,169620,62,,,0,26,,169611,62,,,0,66,,169628,62,,,0,26,,169594,62,,,0,26,,169603,62,,,0,66,,169621,62,,,0,26,,169612,62,,,0,66,,169629,62,,,0,26,,169595,62,,,0,66,,169604,62,,,0,26,,169618,62,,,0,26,,169613,62,,,0,66,,169630,62,,,0,23,,169596,62,,,0,69,,169605,62,,,0,26,,169622,62,,,0
4701,'Saturday',551,,179276,50,,,0,77,,179256,50,,,0,77,,179266,50,,,0,37,,179277,50,,,0,77,,179257,50,,,0,37,,179267,50,,,0,77,,179278,50,,,0,77,,179258,50,,,0,37,,179268,50,,,0,77,,179279,50,,,0,77,,179259,50,,,0,37,,179269,50,,,0,77,,179280,50,,,0,37,,179260,50,,,0,77,,179270,50,,,0,77,,179281,50,,,0,37,,179261,50,,,0,77,,179271,50,,,0,37,,179282,50,,,0,77,,179262,50,,,0,77,,179272,50,,,0,37,,179283,50,,,0,77,,179263,50,,,0,77,,179273,50,,,0,37,,179284,50,,,0,77,,179264,50,,,0,37,,179274,50,,,0,77,,179285,50,,,0,77,,179265,50,,,0,37,,179275,50,,,0
4701,'Sunday',551,,179296,50,,,0,77,,179286,50,,,0,77,,179306,50,,,0,37,,179297,50,,,0,77,,179287,50,,,0,37,,179307,50,,,0,77,,179298,50,,,0,77,,179288,50,,,0,37,,179308,50,,,0,77,,179299,50,,,0,77,,179289,50,,,0,37,,179309,50,,,0,77,,179300,50,,,0,37,,179290,50,,,0,77,,179310,50,,,0,77,,179301,50,,,0,37,,179291,50,,,0,77,,179311,50,,,0,37,,179302,50,,,0,77,,179292,50,,,0,77,,179312,50,,,0,37,,179303,50,,,0,77,,179293,50,,,0,77,,179313,50,,,0,37,,179304,50,,,0,77,,179294,50,,,0,37,,179314,50,,,0,77,,179305,50,,,0,77,,179295,50,,,0,37,,179315,50,,,0
4701,'Weekday',551,,179341,50,,,0,56,,179352,50,,,0,17,,179316,50,,,0,17,,179318,50,,,0,59,,179327,50,,,0,20,,179329,50,,,0,17,,179339,50,,,0,17,,179342,50,,,0,57,,179353,50,,,0,17,,179317,50,,,0,17,,179319,50,,,0,4,,179367,50,,,0,53,,179328,50,,,0,17,,179330,50,,,0,15,,179340,50,,,0,15,,179343,50,,,0,63,,179354,50,,,0,29,,179320,50,,,0,69,,179331,50,,,0,29,,179344,50,,,0,69,,179355,50,,,0,29,,179321,50,,,0,69,,179332,50,,,0,29,,179345,50,,,0,69,,179356,50,,,0,29,,179322,50,,,0,70,,179333,50,,,0,32,,179346,50,,,0,67,,179357,50,,,0,18,,179365,50,,,0,17,,179323,50,,,0,17,,179362,50,,,0,57,,179334,50,,,0,17,,179364,50,,,0,17,,179347,50,,,0,57,,179358,50,,,0,14,,179366,50,,,0,15,,179324,50,,,0,14,,179363,50,,,0,60,,179335,50,,,0,29,,179348,50,,,0,69,,179359,50,,,0,29,,179325,50,,,0,69,,179336,50,,,0,29,,179349,50,,,0,29,,179360,50,,,0,68,,179326,50,,,0,22,,179337,50,,,0,75,,179350,50,,,0,35,,179361,50,,,0,75,,179338,50,,,0,75,,179351,50,,,0
4701,'pB3Sep30-Saturday',551,,179388,50,0,117,0,77,,179368,50,0,117,0,77,,179378,50,0,117,0,37,,179389,50,0,117,0,77,,179369,50,0,117,0,37,,179379,50,0,117,0,77,,179390,50,0,117,0,77,,179370,50,0,117,0,37,,179380,50,0,117,0,77,,179391,50,0,117,0,77,,179371,50,0,117,0,37,,179381,50,0,117,0,77,,179397,50,0,117,0,37,,179372,50,0,117,0,77,,179382,50,0,117,0,77,,179392,50,0,117,0,37,,179373,50,0,117,0,77,,179383,50,0,117,0,37,,179393,50,0,117,0,77,,179374,50,0,117,0,77,,179384,50,0,117,0,37,,179394,50,0,117,0,77,,179375,50,0,117,0,77,,179385,50,0,117,0,37,,179395,50,0,117,0,77,,179376,50,0,117,0,37,,179386,50,0,117,0,77,,179396,50,0,117,0,77,,179377,50,0,117,0,37,,179387,50,0,117,0
