1201,'Saturday',713,,172383,8,,,0,34,,172408,8,,,0,70,,172384,41,,,0,30,,172388,41,,,0,70,,172404,41,,,0,30,,172389,41,,,0,70,,172402,41,,,0,30,,172387,41,,,0,70,,172385,41,,,0,30,,172386,41,,,0,70,,172403,41,,,0,30,,172391,41,,,0,70,,172395,41,,,0,30,,172410,41,,,0,70,,172390,41,,,0,30,,172396,41,,,0,70,,172406,41,,,0,30,,172393,41,,,0,70,,172392,41,,,0,30,,172411,41,,,0,70,,172394,41,,,0,30,,172398,41,,,0,70,,172407,41,,,0,30,,172399,41,,,0,70,,172412,41,,,0,30,,172405,41,,,0,70,,172413,41,,,0,30,,172400,41,,,0,70,,172414,41,,,0,30,,172397,41,,,0,70,,172415,41,,,0,30,,172409,41,,,0,70,,172416,41,,,0,30,,172401,41,,,0
1201,'Sunday',743,,172418,8,,,0,70,,172446,8,,,0,34,,172419,41,,,0,70,,172441,41,,,0,30,,172420,41,,,0,70,,172417,41,,,0,30,,172437,41,,,0,70,,172422,41,,,0,30,,172424,41,,,0,70,,172443,41,,,0,30,,172421,41,,,0,70,,172425,41,,,0,30,,172427,41,,,0,70,,172440,41,,,0,30,,172428,41,,,0,70,,172423,41,,,0,30,,172438,41,,,0,70,,172426,41,,,0,30,,172429,41,,,0,70,,172444,41,,,0,30,,172430,41,,,0,70,,172431,41,,,0,30,,172439,41,,,0,70,,172432,41,,,0,30,,172433,41,,,0,70,,172442,41,,,0,30,,172434,41,,,0,70,,172435,41,,,0,30,,172447,41,,,0,70,,172436,41,,,0,30,,172449,41,,,0,70,,172445,41,,,0,30,,172448,41,,,0
1201,'Weekday',542,,172451,30,,,0,74,,172450,14,,,0,30,,172456,14,,,0,66,,172453,41,,,0,30,,172454,41,,,0,70,,172457,41,,,0,30,,172459,41,,,0,70,,172460,41,,,0,30,,172461,41,,,0,70,,172463,41,,,0,30,,172464,41,,,0,70,,172462,41,,,0,30,,172466,41,,,0,70,,172467,41,,,0,30,,172465,41,,,0,70,,172468,41,,,0,32,,172469,41,,,0,68,,172470,41,,,0,30,,172471,41,,,0,70,,172473,41,,,0,35,,172474,41,,,0,68,,172475,41,,,0,15,,172472,41,,,0,15,,172477,41,,,0,70,,172478,41,,,0,30,,172479,41,,,0,70,,172476,41,,,0,30,,172480,41,,,0,75,,172481,41,,,0,30,,172482,41,,,0,70,,172483,41,,,0,30,,172484,41,,,0,70,,172485,41,,,0,30,,172486,41,,,0,70,,172487,41,,,0,30,,172488,41,,,0,70,,172489,41,,,0,30,,172490,41,,,0
1201,'Weekday1111000',1545,,172491,1,,,0
1201,'pB3Sep30-Saturday',713,,172492,8,,,0,34,,172517,8,,,0,70,,172493,41,,,0,30,,172497,41,,,0,70,,172513,41,,,0,30,,172498,41,,,0,70,,172511,41,,,0,30,,172496,41,,,0,70,,172494,41,,,0,30,,172495,41,,,0,70,,172512,41,,,0,30,,172500,41,,,0,70,,172504,41,,,0,30,,172519,41,,,0,70,,172499,41,,,0,30,,172505,41,,,0,70,,172515,41,,,0,30,,172502,41,,,0,70,,172501,41,,,0,30,,172520,41,,,0,70,,172503,41,,,0,30,,172507,41,,,0,70,,172516,41,,,0,30,,172508,41,,,0,70,,172521,41,,,0,30,,172514,41,,,0,70,,172522,41,,,0,30,,172509,41,,,0,70,,172523,41,,,0,30,,172506,41,,,0,70,,172524,41,,,0,30,,172518,41,,,0,70,,172525,41,,,0,30,,172510,41,,,0
7800,'Saturday',655,,185012,27,,,0,75,,185019,27,,,0,75,,185020,27,,,0,35,,185021,27,,,0,75,,185018,27,,,0,35,,185022,27,,,0,75,,185023,27,,,0,75,,185024,27,,,0,35,,185025,27,,,0,75,,185026,27,,,0,35,,185028,27,,,0,75,,185029,27,,,0,35,,185030,27,,,0,75,,185027,27,,,0,75,,185031,27,,,0,35,,185032,27,,,0,75,,185033,27,,,0,35,,185034,27,,,0,75,,185035,27,,,0,75,,185036,27,,,0,35,,185039,27,,,0,75,,185040,27,,,0,35,,185041,27,,,0,75,,185037,27,,,0,35,,185038,27,,,0,75,,185042,27,,,0,75,,185017,27,,,0,35,,185014,27,,,0,75,,185015,27,,,0,35,,185016,27,,,0,75,,185013,27,,,0
7800,'Sunday',655,,185058,27,,,0,75,,185043,27,,,0,75,,185059,27,,,0,35,,185044,27,,,0,75,,185060,27,,,0,35,,185045,27,,,0,75,,185061,27,,,0,75,,185046,27,,,0,35,,185064,27,,,0,75,,185048,27,,,0,35,,185063,27,,,0,75,,185047,27,,,0,35,,185062,27,,,0,75,,185049,27,,,0,75,,185065,27,,,0,35,,185050,27,,,0,75,,185066,27,,,0,35,,185051,27,,,0,75,,185067,27,,,0,75,,185052,27,,,0,35,,185068,27,,,0,75,,185053,27,,,0,35,,185069,27,,,0,75,,185054,27,,,0,35,,185070,27,,,0,75,,185055,27,,,0,75,,185071,27,,,0,35,,185057,27,,,0,75,,185072,27,,,0,35,,185056,27,,,0,75,,185073,27,,,0
7800,'Weekday',513,,185074,27,,,0,30,,185087,27,,,0,60,,185103,27,,,0,20,,185075,27,,,0,35,,185088,27,,,0,60,,185105,27,,,0,20,,185076,27,,,0,20,,185085,27,,,0,60,,185089,27,,,0,20,,185106,27,,,0,20,,185077,27,,,0,58,,185086,27,,,0,20,,185090,27,,,0,22,,185107,27,,,0,65,,185078,27,,,0,25,,185091,27,,,0,65,,185108,27,,,0,25,,185079,27,,,0,65,,185092,27,,,0,25,,185109,27,,,0,25,,185080,27,,,0,65,,185093,27,,,0,25,,185110,27,,,0,65,,185081,27,,,0,25,,185094,27,,,0,67,,185111,27,,,0,25,,185082,27,,,0,21,,185114,27,,,0,60,,185095,27,,,0,20,,185112,27,,,0,20,,185083,27,,,0,60,,185121,27,,,0,20,,185097,27,,,0,20,,185113,27,,,0,59,,185084,27,,,0,19,,185096,27,,,0,20,,185098,27,,,0,71,,185115,27,,,0,34,,185100,27,,,0,75,,185116,27,,,0,35,,185099,27,,,0,75,,185117,27,,,0,75,,185101,27,,,0,35,,185118,27,,,0,75,,185102,27,,,0,35,,185119,27,,,0,77,,185104,27,,,0,75,,185120,27,,,0
7800,'pB3Sep30-Saturday',655,,185122,27,,,0,75,,185129,27,,,0,75,,185130,27,,,0,35,,185131,27,,,0,75,,185128,27,,,0,35,,185132,27,,,0,75,,185133,27,,,0,75,,185134,27,,,0,35,,185135,27,,,0,75,,185136,27,,,0,35,,185138,27,,,0,75,,185139,27,,,0,35,,185140,27,,,0,75,,185137,27,,,0,75,,185141,27,,,0,35,,185142,27,,,0,75,,185143,27,,,0,35,,185144,27,,,0,75,,185145,27,,,0,75,,185146,27,,,0,35,,185149,27,,,0,75,,185150,27,,,0,35,,185151,27,,,0,75,,185147,27,,,0,35,,185148,27,,,0,75,,185152,27,,,0,75,,185127,27,,,0,35,,185124,27,,,0,75,,185125,27,,,0,35,,185126,27,,,0,75,,185123,27,,,0
70800,'Weekday',830,,200975,17,4,,0
70801,'Weekday0000100',1325,10,200976,1,0,67 1 61,0
70801,'Weekday1111000',1545,10,200977,1,0,67 1 61,0
