501,'Saturday',618,4,170545,36,,,0,24,4,170544,36,,,0,64,4,170546,36,,,0,24,4,170547,36,,,0,26,4,170548,36,,,0,65,4,170549,36,,,0,24,4,170551,36,,,0,64,4,170553,36,,,0,24,4,170550,36,,,0,24,4,170554,36,,,0,64,4,170555,36,,,0,26,4,170552,36,,,0,65,4,170556,36,,,0,25,4,170558,36,,,0,66,44,170559,36,,,0,25,4,170560,36,,,0,25,4,170557,36,,,0,66,4,170561,36,,,0,25,4,170562,36,,,0,65,4,170563,36,,,0,26,4,170564,36,,,0,66,44,170565,36,,,0,26,4,170569,36,,,0,26,4,170566,36,,,0,66,4,170568,36,,,0,26,4,170567,36,,,0,65,4,170570,36,,,0,25,4,170571,36,,,0,66,44,170572,36,,,0,25,4,170575,36,,,0,25,4,170574,36,,,0,65,4,170573,36,,,0,25,4,170577,36,,,0,65,4,170578,36,,,0,22,4,170579,36,,,0,24,4,170576,36,,,0,64,4,170580,36,,,0,24,4,170581,36,,,0,64,4,170582,36,,,0,24,4,170583,36,,,0,24,4,170587,36,,,0,64,4,170584,36,,,0,29,4,170585,36,,,0,75,4,170586,36,,,0
501,'Sunday',618,4,170588,36,,,0,24,4,170589,36,,,0,64,4,170590,36,,,0,24,4,170591,36,,,0,26,4,170592,36,,,0,65,4,170593,36,,,0,24,4,170594,36,,,0,64,4,170596,36,,,0,24,4,170597,36,,,0,24,4,170598,36,,,0,64,4,170595,36,,,0,26,4,170599,36,,,0,65,4,170600,36,,,0,25,4,170630,36,,,0,66,44,170601,36,,,0,25,4,170602,36,,,0,25,4,170603,36,,,0,66,4,170604,36,,,0,25,4,170605,36,,,0,65,4,170606,36,,,0,26,4,170607,36,,,0,66,44,170608,36,,,0,26,4,170609,36,,,0,26,4,170610,36,,,0,66,4,170612,36,,,0,26,4,170613,36,,,0,65,4,170614,36,,,0,25,4,170611,36,,,0,66,44,170617,36,,,0,25,4,170618,36,,,0,25,4,170615,36,,,0,65,4,170616,36,,,0,25,4,170619,36,,,0,65,4,170620,36,,,0,22,4,170621,36,,,0,24,4,170622,36,,,0,64,4,170624,36,,,0,24,4,170626,36,,,0,64,4,170623,36,,,0,24,4,170627,36,,,0,24,4,170629,36,,,0,64,4,170625,36,,,0,29,4,170628,36,,,0
501,'Weekday',552,2,170632,36,,,0,59,2,170633,36,,,0,19,2,170634,36,,,0,19,2,170631,36,,,0,59,2,170635,36,,,0,19,2,170636,36,,,0,23,2,170680,36,,,0,62,2,170637,36,,,0,21,2,170639,36,,,0,21,2,170640,36,,,0,60,2,170641,36,,,0,19,2,170638,36,,,0,22,2,170642,36,,,0,62,2,170643,36,,,0,22,2,170645,36,,,0,62,42,170646,36,,,0,22,2,170647,36,,,0,22,2,170644,36,,,0,62,2,170648,36,,,0,21,2,170649,36,,,0,21,2,170651,36,,,0,61,2,170652,36,,,0,21,2,170653,36,,,0,21,2,170650,36,,,0,61,2,170655,36,,,0,21,2,170656,36,,,0,21,2,170657,36,,,0,65,2,170654,36,,,0,24,2,170658,36,,,0,63,2,170660,36,,,0,23,2,170661,36,,,0,25,2,170662,36,,,0,63,2,170679,36,,,0,22,2,170659,36,,,0,62,2,170663,36,,,0,23,2,170664,36,,,0,18,2,170665,36,,,0,58,42,170667,36,,,0,21,2,170668,36,,,0,20,2,170669,36,,,0,60,2,170666,36,,,0,19,2,170682,36,,,0,18,2,170670,36,,,0,18,2,170671,36,,,0,60,2,170672,36,,,0,23,2,170681,36,,,0,64,2,170674,36,,,0,24,2,170675,36,,,0,23,2,170676,36,,,0,61,2,170677,36,,,0,33,5,170678,36,,,0,75,2,170673,36,,,0
501,'pB3Sep30-Saturday',618,4,170684,36,,,0,24,4,170683,36,,,0,64,4,170685,36,,,0,24,4,170686,36,,,0,26,4,170687,36,,,0,65,4,170688,36,,,0,24,4,170690,36,,,0,64,4,170692,36,,,0,24,4,170689,36,,,0,24,4,170693,36,,,0,64,4,170694,36,,,0,26,4,170691,36,,,0,65,4,170695,36,,,0,25,4,170697,36,,,0,66,44,170698,36,,,0,25,4,170699,36,,,0,25,4,170696,36,,,0,66,4,170700,36,,,0,25,4,170701,36,,,0,65,4,170702,36,,,0,26,4,170703,36,,,0,66,44,170704,36,,,0,26,4,170708,36,,,0,26,4,170705,36,,,0,66,4,170707,36,,,0,26,4,170706,36,,,0,65,4,170709,36,,,0,25,4,170710,36,,,0,66,44,170711,36,,,0,25,4,170714,36,,,0,25,4,170713,36,,,0,65,4,170712,36,,,0,25,4,170716,36,,,0,65,4,170717,36,,,0,22,4,170718,36,,,0,24,4,170715,36,,,0,64,4,170719,36,,,0,24,4,170720,36,,,0,64,4,170721,36,,,0,24,4,170722,36,,,0,24,4,170726,36,,,0,64,4,170723,36,,,0,29,4,170724,36,,,0,75,4,170725,36,,,0
2401,'Saturday',624,,175316,3,,,0,30,,175327,3,,,0,70,,175336,3,,,0,30,,175318,3,,,0,70,,175326,3,,,0,30,,175338,3,,,0,70,,175317,3,,,0,30,,175328,3,,,0,70,,175339,3,,,0,30,,175315,3,,,0,70,,175330,3,,,0,30,,175341,3,,,0,70,,175319,3,,,0,30,,175331,3,,,0,70,,175342,3,,,0,30,,175320,3,,,0,70,,175329,3,,,0,30,,175340,3,,,0,70,,175321,3,,,0,30,,175332,3,,,0,70,,175344,3,,,0,30,,175322,3,,,0,70,,175334,3,,,0,30,,175343,3,,,0,70,,175323,3,,,0,30,,175333,3,,,0,70,,175345,3,,,0,30,,175324,3,,,0,70,,175335,3,,,0,30,,175346,3,,,0,70,,175325,3,,,0,30,,175337,3,,,0
2401,'Sunday',624,,175347,3,,,0,30,,175357,3,,,0,70,,175368,3,,,0,30,,175348,3,,,0,70,,175359,3,,,0,30,,175370,3,,,0,70,,175349,3,,,0,30,,175361,3,,,0,70,,175371,3,,,0,30,,175350,3,,,0,70,,175360,3,,,0,30,,175372,3,,,0,70,,175351,3,,,0,30,,175362,3,,,0,70,,175373,3,,,0,30,,175352,3,,,0,70,,175363,3,,,0,30,,175374,3,,,0,70,,175355,3,,,0,30,,175364,3,,,0,70,,175375,3,,,0,30,,175353,3,,,0,70,,175365,3,,,0,30,,175377,3,,,0,70,,175356,3,,,0,30,,175367,3,,,0,70,,175376,3,,,0,30,,175354,3,,,0,70,,175366,3,,,0,30,,175378,3,,,0,70,,175358,3,,,0,30,,175369,3,,,0
2401,'Weekday',537,,175400,3,,,0,80,,175409,3,,,0,30,,175379,3,,,0,70,,175401,3,,,0,30,,175411,3,,,0,70,,175380,3,,,0,30,,175402,3,,,0,70,,175412,3,,,0,30,,175381,3,,,0,70,,175404,3,,,0,30,,175413,3,,,0,70,,175382,3,,,0,30,,175403,3,,,0,70,,175410,3,,,0,30,,175383,3,,,0,70,,175406,3,,,0,30,,175414,3,,,0,70,,175385,3,,,0,30,,175405,3,,,0,71,,175415,3,,,0,30,,175384,3,,,0,70,,175407,3,,,0,30,,175416,3,,,0,70,,175386,3,,,0,30,,175408,3,,,0,70,,175391,3,,,0,29,,175387,3,,,0,70,,175395,3,,,0,30,,175392,3,,,0,70,,175388,3,,,0,30,,175397,3,,,0,70,,175393,3,,,0,30,,175389,3,,,0,70,,175398,3,,,0,30,,175394,3,,,0,70,,175390,3,,,0,30,,175399,3,,,0,75,,175396,3,,,0
2401,'pB3Sep30-Saturday',624,,175418,3,,,0,30,,175429,3,,,0,70,,175438,3,,,0,30,,175420,3,,,0,70,,175428,3,,,0,30,,175440,3,,,0,70,,175419,3,,,0,30,,175430,3,,,0,70,,175441,3,,,0,30,,175417,3,,,0,70,,175432,3,,,0,30,,175443,3,,,0,70,,175421,3,,,0,30,,175433,3,,,0,70,,175444,3,,,0,30,,175422,3,,,0,70,,175431,3,,,0,30,,175442,3,,,0,70,,175423,3,,,0,30,,175434,3,,,0,70,,175446,3,,,0,30,,175424,3,,,0,70,,175436,3,,,0,30,,175445,3,,,0,70,,175425,3,,,0,30,,175435,3,,,0,70,,175447,3,,,0,30,,175426,3,,,0,70,,175437,3,,,0,30,,175448,3,,,0,70,,175427,3,,,0,30,,175439,3,,,0
9000,'Saturday',655,,186805,31,,,0,72,,186785,31,,,0,32,,186794,31,,,0,72,,186807,31,,,0,72,,186786,31,,,0,32,,186795,31,,,0,72,,186806,31,,,0,32,,186787,31,,,0,72,,186797,31,,,0,32,,186808,31,,,0,74,,186789,31,,,0,33,,186798,31,,,0,72,,186809,31,,,0,32,,186790,31,,,0,72,,186796,31,,,0,32,,186812,31,,,0,72,,186788,31,,,0,72,,186799,31,,,0,32,,186810,31,,,0,71,,186791,31,,,0,33,,186800,31,,,0,71,,186813,31,,,0,30,,186792,31,,,0,72,,186802,31,,,0,32,,186811,31,,,0,72,,186793,31,,,0,32,,186801,31,,,0
9000,'Sunday',655,,186835,31,,,0,72,,186815,31,,,0,32,,186823,31,,,0,72,,186834,31,,,0,72,,186816,31,,,0,32,,186825,31,,,0,72,,186836,31,,,0,32,,186814,31,,,0,72,,186824,31,,,0,32,,186838,31,,,0,73,,186818,31,,,0,34,,186827,31,,,0,72,,186839,31,,,0,32,,186817,31,,,0,72,,186826,31,,,0,32,,186837,31,,,0,72,,186820,31,,,0,72,,186828,31,,,0,32,,186840,31,,,0,71,,186819,31,,,0,33,,186829,31,,,0,71,,186841,31,,,0,30,,186821,31,,,0,72,,186830,31,,,0,32,,186842,31,,,0,72,,186822,31,,,0,32,,186831,31,,,0
9000,'Weekday',639,,186863,31,,,0,71,,186873,31,,,0,29,,186844,31,,,0,70,,186854,31,,,0,30,,186864,31,,,0,70,,186874,31,,,0,29,,186845,31,,,0,70,,186855,31,,,0,30,,186865,31,,,0,70,,186875,31,,,0,30,,186846,31,,,0,70,,186856,31,,,0,30,,186866,31,,,0,70,,186876,31,,,0,30,,186849,31,,,0,70,,186857,31,,,0,30,,186867,31,,,0,70,,186877,31,,,0,31,,186847,31,,,0,70,,186858,31,,,0,30,,186868,31,,,0,70,,186878,31,,,0,30,,186848,31,,,0,66,,186859,31,,,0,30,,186869,31,,,0,70,,186879,31,,,0,20,,186850,31,,,0,30,,186860,31,,,0,70,,186870,31,,,0,27,,186880,31,,,0,56,,186851,31,,,0,30,,186861,31,,,0,70,,186871,31,,,0,30,,186881,31,,,0,10,,186852,31,,,0,70,,186862,31,,,0,25,,186872,31,,,0
9000,'pB3Sep30-Saturday',655,,186902,31,,,0,72,,186882,31,,,0,32,,186891,31,,,0,72,,186904,31,,,0,72,,186883,31,,,0,32,,186892,31,,,0,72,,186903,31,,,0,32,,186884,31,,,0,72,,186894,31,,,0,32,,186905,31,,,0,74,,186886,31,,,0,33,,186895,31,,,0,72,,186906,31,,,0,32,,186887,31,,,0,72,,186893,31,,,0,32,,186909,31,,,0,72,,186885,31,,,0,72,,186896,31,,,0,32,,186907,31,,,0,71,,186888,31,,,0,33,,186897,31,,,0,71,,186910,31,,,0,30,,186889,31,,,0,72,,186899,31,,,0,32,,186908,31,,,0,72,,186890,31,,,0,32,,186898,31,,,0
10100,'Saturday',912,,189376,3,,,0,90,,189377,3,,,0,50,,189374,3,,,0,90,,189378,3,,,0,90,,189379,3,,,0,90,,189370,3,,,0,90,,189371,3,,,0,90,,189372,3,,,0,50,,189369,3,,,0,90,,189373,3,,,0,90,,189375,3,,,0,90,,189368,3,,,0
10100,'Sunday',912,,189382,3,,,0,90,,189383,3,,,0,50,,189384,3,,,0,90,,189385,3,,,0,90,,189386,3,,,0,90,,189387,3,,,0,90,,189388,3,,,0,90,,189389,3,,,0,50,,189390,3,,,0,90,,189391,3,,,0,90,,189381,3,,,0,90,,189380,3,,,0
10100,'Weekday',551,,189393,3,,,0,87,,189398,3,,,0,90,,189394,3,,,0,90,,189392,3,,,0,90,,189399,3,,,0,50,,189395,3,,,0,90,,189396,3,,,0,90,,189397,3,,,0,90,,189400,3,,,0,90,,189401,3,,,0,90,,189402,3,,,0,50,,189404,3,,,0,90,,189403,3,,,0,90,,189406,3,,,0,90,,189405,3,,,0,90,,189407,3,,,0,89,,189408,3,,,0,50,,189409,3,,,0,90,,189410,3,,,0,90,,189411,3,,,0
10100,'pB3Sep30-Saturday',912,,189420,3,,,0,90,,189421,3,,,0,50,,189418,3,,,0,90,,189422,3,,,0,90,,189423,3,,,0,90,,189414,3,,,0,90,,189415,3,,,0,90,,189416,3,,,0,50,,189413,3,,,0,90,,189417,3,,,0,90,,189419,3,,,0,90,,189412,3,,,0
