7601,'Saturday',612,,184777,34,,,0,40,,184786,34,,,0,80,,184787,34,,,0,80,,184785,34,,,0,40,,184788,34,,,0,80,,184789,34,,,0,80,,184790,34,,,0,40,,184791,34,,,0,80,,184792,34,,,0,80,,184793,34,,,0,41,,184794,34,,,0,80,,184795,34,,,0,80,,184796,34,,,0,40,,184798,34,,,0,80,,184799,34,,,0,80,,184800,34,,,0,40,,184797,34,,,0,80,,184801,34,,,0,80,,184802,34,,,0,39,,184803,34,,,0,80,,184783,34,,,0,80,,184780,34,,,0,40,,184782,34,,,0,80,,184778,34,,,0,80,,184784,34,,,0,40,,184781,34,,,0,80,,184779,34,,,0,80,,184804,34,,,0
7601,'Sunday',612,,184814,34,,,0,40,,184825,34,,,0,80,,184807,34,,,0,80,,184815,34,,,0,40,,184824,34,,,0,80,,184808,34,,,0,80,,184816,34,,,0,40,,184826,34,,,0,80,,184810,34,,,0,80,,184817,34,,,0,41,,184827,34,,,0,80,,184809,34,,,0,80,,184818,34,,,0,40,,184828,34,,,0,80,,184811,34,,,0,80,,184819,34,,,0,40,,184829,34,,,0,80,,184813,34,,,0,80,,184820,34,,,0,39,,184830,34,,,0,80,,184812,34,,,0,80,,184821,34,,,0,40,,184805,34,,,0,80,,184831,34,,,0,80,,184822,34,,,0,40,,184806,34,,,0,80,,184832,34,,,0,80,,184823,34,,,0
7601,'Weekday',524,,184844,34,,,0,35,,184833,34,,,0,72,,184861,34,,,0,71,,184853,34,,,0,30,,184845,34,,,0,70,,184834,34,,,0,24,,184862,34,,,0,74,,184854,34,,,0,29,,184846,34,,,0,30,,184835,34,,,0,70,,184863,34,,,0,30,,184855,34,,,0,70,,184848,34,,,0,30,,184836,34,,,0,70,,184864,34,,,0,30,,184856,34,,,0,70,,184847,34,,,0,30,,184837,34,,,0,70,,184865,34,,,0,74,,184857,34,,,0,14,,184872,34,,,0,16,,184849,34,,,0,16,,184873,34,,,0,51,,184838,34,,,0,30,,184866,34,,,0,70,,184858,34,,,0,30,,184850,34,,,0,70,,184839,34,,,0,30,,184867,34,,,0,29,,184859,34,,,0,70,,184851,34,,,0,30,,184840,34,,,0,70,,184868,34,,,0,30,,184860,34,,,0,70,,184852,34,,,0,30,,184841,34,,,0,70,,184869,34,,,0,30,,184842,34,,,0,70,,184871,34,,,0,30,,184843,34,,,0,80,,184870,34,,,0
7601,'pB3Sep30-Saturday',612,,184874,34,,,0,40,,184883,34,,,0,80,,184884,34,,,0,80,,184882,34,,,0,40,,184885,34,,,0,80,,184886,34,,,0,80,,184887,34,,,0,40,,184888,34,,,0,80,,184889,34,,,0,80,,184890,34,,,0,41,,184891,34,,,0,80,,184892,34,,,0,80,,184893,34,,,0,40,,184895,34,,,0,80,,184896,34,,,0,80,,184897,34,,,0,40,,184894,34,,,0,80,,184898,34,,,0,80,,184899,34,,,0,39,,184900,34,,,0,80,,184880,34,,,0,80,,184877,34,,,0,40,,184879,34,,,0,80,,184875,34,,,0,80,,184881,34,,,0,40,,184878,34,,,0,80,,184876,34,,,0,80,,184901,34,,,0
9701,'Saturday',613,,188399,16,,,0,46,,188417,16,,,0,80,,188408,16,,,0,80,,188400,16,,,0,40,,188418,16,,,0,80,,188409,16,,,0,80,,188401,16,,,0,40,,188419,16,,,0,81,,188410,16,,,0,81,,188402,16,,,0,80,,188420,16,,,0,40,,188411,16,,,0,80,,188403,16,,,0,80,,188421,16,,,0,40,,188412,16,,,0,80,,188404,16,,,0,80,,188422,16,,,0,40,,188413,16,,,0,80,,188405,16,,,0,80,,188423,16,,,0,39,,188414,16,,,0,80,,188406,16,,,0,80,,188424,16,,,0,40,,188415,16,,,0,79,,188407,16,,,0,40,,188425,16,,,0,80,,188416,16,,,0
9701,'Sunday',613,,188427,16,,,0,46,,188445,16,,,0,80,,188435,16,,,0,80,,188426,16,,,0,40,,188443,16,,,0,80,,188436,16,,,0,80,,188428,16,,,0,40,,188446,16,,,0,81,,188437,16,,,0,81,,188429,16,,,0,80,,188447,16,,,0,40,,188438,16,,,0,80,,188430,16,,,0,80,,188448,16,,,0,40,,188439,16,,,0,80,,188431,16,,,0,80,,188449,16,,,0,40,,188440,16,,,0,80,,188432,16,,,0,80,,188450,16,,,0,39,,188441,16,,,0,80,,188433,16,,,0,80,,188451,16,,,0,40,,188442,16,,,0,79,,188434,16,,,0,40,,188452,16,,,0,80,,188444,16,,,0
9701,'Weekday',528,,188453,16,,,0,80,,188472,16,,,0,30,,188485,16,,,0,70,,188466,16,,,0,30,,188454,16,,,0,70,,188473,16,,,0,30,,188486,16,,,0,69,,188467,16,,,0,29,,188455,16,,,0,70,,188474,16,,,0,30,,188487,16,,,0,70,,188468,16,,,0,30,,188456,16,,,0,70,,188475,16,,,0,30,,188488,16,,,0,70,,188469,16,,,0,30,,188457,16,,,0,70,,188476,16,,,0,30,,188489,16,,,0,71,,188470,16,,,0,31,,188458,16,,,0,70,,188477,16,,,0,30,,188490,16,,,0,70,,188471,16,,,0,30,,188460,16,,,0,70,,188479,16,,,0,29,,188459,16,,,0,69,,188478,16,,,0,30,,188461,16,,,0,70,,188480,16,,,0,30,,188462,16,,,0,70,,188482,16,,,0,30,,188463,16,,,0,70,,188481,16,,,0,30,,188464,16,,,0,70,,188483,16,,,0,45,,188484,16,,,0
9701,'pB3Sep30-Saturday',613,,188491,16,,,0,46,,188509,16,,,0,80,,188500,16,,,0,80,,188492,16,,,0,40,,188510,16,,,0,80,,188501,16,,,0,80,,188493,16,,,0,40,,188511,16,,,0,81,,188502,16,,,0,81,,188494,16,,,0,80,,188512,16,,,0,40,,188503,16,,,0,80,,188495,16,,,0,80,,188513,16,,,0,40,,188504,16,,,0,80,,188496,16,,,0,80,,188514,16,,,0,40,,188505,16,,,0,80,,188497,16,,,0,80,,188515,16,,,0,39,,188506,16,,,0,80,,188498,16,,,0,80,,188516,16,,,0,40,,188507,16,,,0,79,,188499,16,,,0,40,,188517,16,,,0,80,,188508,16,,,0
11301,'Weekday',616,,190695,24,,,0,35,,190687,24,,,0,72,,190696,24,,,0,32,,190688,24,,,0,72,,190697,24,,,0,32,,190689,24,,,0,72,,190698,24,,,0,72,,190690,24,,,0,32,,190700,24,,,0,72,,190691,24,,,0,32,,190699,24,,,0,72,,190692,24,,,0,32,,190701,24,,,0,72,,190693,24,,,0,32,,190702,24,,,0,72,,190694,24,,,0,32,,190703,24,,,0,74,,190712,24,,,0,32,,190704,24,,,0,72,,190713,24,,,0,72,,190705,24,,,0,30,,190714,24,,,0,72,,190706,24,,,0,32,,190715,24,,,0,72,,190707,24,,,0,32,,190716,24,,,0,71,,190708,24,,,0,31,,190717,24,,,0,72,,190709,24,,,0,32,,190719,24,,,0,72,,190710,24,,,0,32,,190718,24,,,0,72,,190711,24,,,0,32,,190720,24,,,0
13801,'Saturday',627,,193509,37,,,0,74,,193484,37,,,0,40,,193483,37,,,0,80,,193485,37,,,0,80,,193488,37,,,0,40,,193489,37,,,0,80,,193490,37,,,0,80,,193487,37,,,0,40,,193491,37,,,0,80,,193486,37,,,0,80,,193493,37,,,0,40,,193494,37,,,0,80,,193495,37,,,0,80,,193492,37,,,0,40,,193496,37,,,0,80,,193497,37,,,0,80,,193498,37,,,0,40,,193499,37,,,0,80,,193500,37,,,0,80,,193501,37,,,0,40,,193502,37,,,0,80,,193503,37,,,0,80,,193504,37,,,0,40,,193506,37,,,0,80,,193505,37,,,0,80,,193508,37,,,0,40,,193507,37,,,0,80,,193510,37,,,0
13801,'Sunday',627,,193511,37,,,0,74,,193520,37,,,0,40,,193530,37,,,0,80,,193512,37,,,0,80,,193521,37,,,0,40,,193531,37,,,0,80,,193513,37,,,0,80,,193522,37,,,0,40,,193532,37,,,0,80,,193514,37,,,0,80,,193523,37,,,0,40,,193533,37,,,0,80,,193515,37,,,0,80,,193524,37,,,0,40,,193534,37,,,0,80,,193516,37,,,0,80,,193525,37,,,0,40,,193535,37,,,0,80,,193517,37,,,0,80,,193526,37,,,0,40,,193536,37,,,0,80,,193518,37,,,0,80,,193527,37,,,0,40,,193537,37,,,0,80,,193519,37,,,0,80,,193528,37,,,0,40,,193529,37,,,0
13801,'Weekday',515,,193554,37,,,0,30,,193562,37,,,0,73,,193538,37,,,0,31,,193544,37,,,0,70,,193555,37,,,0,30,,193563,37,,,0,56,,193576,37,,,0,15,,193539,37,,,0,30,,193545,37,,,0,68,,193556,37,,,0,29,,193564,37,,,0,72,,193540,37,,,0,30,,193546,37,,,0,70,,193557,37,,,0,30,,193565,37,,,0,70,,193541,37,,,0,30,,193547,37,,,0,70,,193558,37,,,0,30,,193566,37,,,0,70,,193542,37,,,0,30,,193548,37,,,0,71,,193559,37,,,0,33,,193567,37,,,0,72,,193543,37,,,0,30,,193549,37,,,0,70,,193560,37,,,0,32,,193568,37,,,0,65,,193550,37,,,0,27,,193561,37,,,0,69,,193571,37,,,0,30,,193551,37,,,0,70,,193574,37,,,0,30,,193569,37,,,0,70,,193572,37,,,0,29,,193552,37,,,0,70,,193575,37,,,0,30,,193570,37,,,0,70,,193573,37,,,0,30,,193553,37,,,0,70,,193577,37,,,0
13801,'pB3Sep30-Saturday',627,,193604,37,,,0,74,,193579,37,,,0,40,,193578,37,,,0,80,,193580,37,,,0,80,,193583,37,,,0,40,,193584,37,,,0,80,,193585,37,,,0,80,,193582,37,,,0,40,,193586,37,,,0,80,,193581,37,,,0,80,,193588,37,,,0,40,,193589,37,,,0,80,,193590,37,,,0,80,,193587,37,,,0,40,,193591,37,,,0,80,,193592,37,,,0,80,,193593,37,,,0,40,,193594,37,,,0,80,,193596,37,,,0,80,,193597,37,,,0,40,,193598,37,,,0,80,,193595,37,,,0,80,,193599,37,,,0,40,,193601,37,,,0,80,,193600,37,,,0,80,,193603,37,,,0,40,,193602,37,,,0,80,,193605,37,,,0
