1400,'Saturday',611,,172821,21,,,0,28,,172808,21,,,0,72,,172796,21,,,0,30,,172785,21,,,0,70,,172809,21,,,0,30,,172798,21,,,0,70,,172784,21,,,0,30,,172810,21,,,0,70,,172797,21,,,0,30,,172786,21,,,0,70,,172812,21,,,0,30,,172800,21,,,0,70,,172787,21,,,0,30,,172813,21,,,0,70,,172799,21,,,0,30,,172788,21,,,0,70,,172814,21,,,0,30,,172801,21,,,0,70,,172789,21,,,0,30,,172811,21,,,0,70,,172802,21,,,0,30,,172790,21,,,0,70,,172815,21,,,0,30,,172804,21,,,0,70,,172792,21,,,0,30,,172816,21,,,0,70,,172803,21,,,0,30,,172791,21,,,0,70,,172817,21,,,0,30,,172806,21,,,0,70,,172793,21,,,0,30,,172818,21,,,0,70,,172805,21,,,0,30,,172795,21,,,0,77,,172819,21,,,0,23,,172807,21,,,0,70,,172794,21,,,0,30,,172820,21,,,0
1400,'Sunday',611,,172836,21,,,0,28,,172824,21,,,0,72,,172849,21,,,0,30,,172837,21,,,0,70,,172825,21,,,0,30,,172851,21,,,0,70,,172838,21,,,0,30,,172827,21,,,0,70,,172850,21,,,0,30,,172839,21,,,0,70,,172826,21,,,0,30,,172852,21,,,0,70,,172841,21,,,0,30,,172823,21,,,0,70,,172853,21,,,0,30,,172840,21,,,0,70,,172828,21,,,0,30,,172854,21,,,0,70,,172842,21,,,0,30,,172830,21,,,0,70,,172855,21,,,0,30,,172844,21,,,0,70,,172829,21,,,0,30,,172856,21,,,0,70,,172843,21,,,0,30,,172831,21,,,0,70,,172857,21,,,0,30,,172845,21,,,0,70,,172833,21,,,0,30,,172858,21,,,0,70,,172846,21,,,0,30,,172832,21,,,0,70,,172859,21,,,0,30,,172847,21,,,0,76,,172834,21,,,0,24,,172822,21,,,0,70,,172848,21,,,0,30,,172835,21,,,0
1400,'Weekday',444,,172865,21,,,0,70,,172875,21,0,27,0,21,,172885,21,,,0,15,,172866,21,0,27,0,63,,172861,21,,,0,16,,172902,21,,,0,15,,172876,21,0,27,0,15,,172886,21,,,0,55,,172867,21,0,27,0,15,,172896,21,,,0,16,,172862,21,,,0,55,,172903,21,,,0,15,,172877,21,0,27,0,15,,172904,21,,,0,14,,172868,21,0,27,0,7,,172863,21,,,0,8,,172898,21,,,0,45,,172909,21,,,0,8,,172864,21,,,0,15,,172887,21,,,0,22,,172878,21,0,27,0,62,,172869,21,0,27,0,22,,172897,21,,,0,22,,172888,21,,,0,62,,172879,21,0,27,0,22,,172870,21,0,27,0,62,,172899,21,,,0,22,,172889,21,,,0,22,,172880,21,0,27,0,62,,172871,21,0,27,0,22,,172900,21,,,0,22,,172890,21,,,0,64,,172881,21,0,27,0,24,,172872,21,0,27,0,62,,172901,21,,,0,16,,172891,21,0,27,0,12,,172893,21,,,0,20,,172882,21,,,0,55,,172860,21,,,0,15,,172873,21,0,27,0,17,,172906,21,,,0,20,,172908,21,,,0,60,,172883,21,,,0,20,,172894,21,,,0,20,,172874,21,,,0,53,,172907,21,,,0,10,,172884,21,,,0,15,,172895,21,0,27,0,15,,172892,21,,,0,59,,172921,21,0,27,0,28,,172912,21,0,27,0,70,,172913,21,0,27,0,30,,172914,21,0,27,0,70,,172915,21,0,27,0,30,,172916,21,0,27,0,70,,172917,21,0,27,0,30,,172918,21,0,27,0,70,,172919,21,0,27,0,25,,172920,21,0,27,0,70,,172910,21,0,27,0,35,,172911,21,0,27,0
1400,'pB3Sep30-Saturday',611,,172960,21,,,0,28,,172947,21,,,0,72,,172935,21,,,0,30,,172924,21,,,0,70,,172948,21,,,0,30,,172937,21,,,0,70,,172923,21,,,0,30,,172949,21,,,0,70,,172936,21,,,0,30,,172925,21,,,0,70,,172951,21,,,0,30,,172939,21,,,0,70,,172926,21,,,0,30,,172952,21,,,0,70,,172938,21,,,0,30,,172927,21,,,0,70,,172953,21,,,0,30,,172940,21,,,0,70,,172928,21,,,0,30,,172950,21,,,0,70,,172941,21,,,0,30,,172929,21,,,0,70,,172954,21,,,0,30,,172944,21,,,0,70,,172931,21,,,0,30,,172955,21,,,0,70,,172943,21,,,0,30,,172930,21,,,0,70,,172956,21,,,0,30,,172945,21,,,0,70,,172932,21,,,0,30,,172957,21,,,0,70,,172942,21,,,0,30,,172934,21,,,0,77,,172958,21,,,0,23,,172946,21,,,0,70,,172933,21,,,0,30,,172959,21,,,0
7501,'Saturday',623,2,184513,29,,,0,35,2,184523,29,,,0,75,2,184531,29,,,0,76,2,184514,29,,,0,35,2,184524,29,,,0,75,2,184534,29,,,0,35,2,184517,29,,,0,75,2,184525,29,,,0,75,2,184533,29,,,0,35,2,184515,29,,,0,75,2,184526,29,,,0,35,2,184535,29,,,0,75,2,184516,29,,,0,35,2,184527,29,,,0,75,2,184536,29,,,0,75,2,184518,29,,,0,35,2,184528,29,,,0,75,2,184538,29,,,0,35,2,184519,29,,,0,75,2,184530,29,,,0,75,2,184537,29,,,0,35,2,184520,29,,,0,75,2,184529,29,,,0,35,2,184539,29,,,0,75,2,184521,29,,,0,35,2,184532,29,,,0,74,2,184540,29,,,0,75,2,184522,29,,,0,35,2,184542,29,,,0,75,2,184543,29,,,0,35,2,184541,29,,,0
7501,'Sunday',623,2,184546,29,,,0,35,2,184553,29,,,0,75,2,184563,29,,,0,76,2,184544,29,,,0,35,2,184556,29,,,0,75,2,184564,29,,,0,35,2,184545,29,,,0,75,2,184555,29,,,0,75,2,184565,29,,,0,35,2,184547,29,,,0,75,2,184557,29,,,0,35,2,184566,29,,,0,75,2,184549,29,,,0,35,2,184558,29,,,0,75,2,184567,29,,,0,75,2,184548,29,,,0,35,2,184559,29,,,0,75,2,184568,29,,,0,35,2,184551,29,,,0,75,2,184561,29,,,0,75,2,184569,29,,,0,35,2,184550,29,,,0,75,2,184560,29,,,0,35,2,184571,29,,,0,75,2,184552,29,,,0,35,2,184562,29,,,0,74,2,184570,29,,,0,75,2,184554,29,,,0,35,2,184574,29,,,0,75,2,184573,29,,,0,35,2,184572,29,,,0
7501,'Weekday',501,42,184611,29,,,0,30,2,184583,29,,,0,69,42,184613,29,,,0,27,2,184580,29,,,0,23,2,184579,29,,,0,63,2,184590,29,,,0,23,2,184596,29,,,0,23,2,184585,29,,,0,63,2,184576,29,,,0,22,2,184587,29,,,0,1,,184618,29,,,0,62,2,184578,29,,,0,32,2,184600,29,,,0,74,2,184616,29,,,0,34,2,184617,29,,,0,74,2,184598,29,,,0,34,2,184589,29,,,0,74,2,184586,29,,,0,74,2,184601,29,,,0,34,2,184614,29,,,0,74,2,184575,29,,,0,35,2,184588,29,,,0,75,2,184610,29,,,0,19,2,184592,29,,,0,19,2,184595,29,,,0,62,2,184591,29,,,0,16,2,184599,29,,,0,19,2,184593,29,,,0,59,2,184603,29,,,0,19,2,184607,29,,,0,19,2,184582,29,,,0,59,2,184594,29,,,0,19,2,184608,29,,,0,19,2,184605,29,,,0,58,2,184577,29,,,0,33,2,184584,29,,,0,74,2,184606,29,,,0,34,2,184602,29,,,0,72,2,184609,29,,,0,34,2,184612,29,,,0,74,2,184581,29,,,0,74,2,184597,29,,,0,34,2,184615,29,,,0,74,2,184604,29,,,0
7501,'Weekday0000100',1327,,184619,1,,,0
7501,'pB3Sep30-Saturday',623,2,184620,29,,,0,35,2,184630,29,,,0,75,2,184638,29,,,0,76,2,184621,29,,,0,35,2,184631,29,,,0,75,2,184641,29,,,0,35,2,184624,29,,,0,75,2,184632,29,,,0,75,2,184640,29,,,0,35,2,184622,29,,,0,75,2,184633,29,,,0,35,2,184642,29,,,0,75,2,184623,29,,,0,35,2,184634,29,,,0,75,2,184643,29,,,0,75,2,184625,29,,,0,35,2,184635,29,,,0,75,2,184645,29,,,0,35,2,184626,29,,,0,75,2,184637,29,,,0,75,2,184644,29,,,0,35,2,184627,29,,,0,75,2,184636,29,,,0,35,2,184646,29,,,0,75,2,184628,29,,,0,35,2,184639,29,,,0,74,2,184647,29,,,0,75,2,184629,29,,,0,35,2,184649,29,,,0,75,2,184650,29,,,0,35,2,184648,29,,,0
7901,'Saturday',848,5,185393,14,,,0,72,5,185394,14,,,0,32,5,185395,14,,,0,72,5,185396,14,,,0,32,5,185397,14,,,0,72,5,185398,14,,,0,72,45,185399,14,,,0,32,5,185400,14,,,0,72,45,185401,14,,,0,32,5,185402,14,,,0,72,5,185403,14,,,0,32,5,185404,14,,,0,72,5,185405,14,,,0,32,5,185406,14,,,0,72,5,185407,14,,,0,32,5,185408,14,,,0,72,5,185409,14,,,0,32,5,185410,14,,,0,72,5,185392,14,,,0
7901,'Sunday',847,5,185411,14,,,0,72,5,185421,14,,,0,32,5,185412,14,,,0,72,5,185422,14,,,0,32,5,185413,14,,,0,72,5,185423,14,,,0,32,5,185414,14,,,0,72,5,185424,14,,,0,72,45,185415,14,,,0,32,5,185425,14,,,0,72,5,185416,14,,,0,32,5,185426,14,,,0,72,5,185417,14,,,0,32,5,185427,14,,,0,72,5,185418,14,,,0,32,5,185428,14,,,0,72,5,185419,14,,,0,32,5,185429,14,,,0,72,5,185420,14,,,0
7901,'Weekday',451,6,185457,14,,,0,64,6,185442,14,,,0,24,6,185444,14,,,0,64,46,185443,14,,,0,26,6,185459,14,,,0,24,6,185441,14,,,0,64,6,185439,14,,,0,24,6,185436,14,,,0,64,46,185460,14,,,0,24,6,185458,14,,,0,20,2,185449,14,,,0,68,6,185455,14,,,0,30,6,185451,14,,,0,72,6,185452,14,,,0,32,6,185450,14,,,0,72,6,185445,14,,,0,32,6,185433,14,,,0,72,6,185447,14,,,0,32,6,185446,14,,,0,72,6,185430,14,,,0,72,46,185438,14,,,0,32,6,185453,14,,,0,73,6,185435,14,,,0,26,6,185454,14,,,0,24,6,185456,14,,,0,64,6,185440,14,,,0,24,6,185431,14,,,0,64,6,185432,14,,,0,24,6,185448,14,,,0,24,6,185437,14,,,0,64,6,185434,14,,,0,29,6,185461,14,,,0,71,6,185462,14,,,0,32,6,185468,14,,,0,72,6,185467,14,,,0,32,6,185464,14,,,0,71,6,185466,14,,,0,72,46,185465,14,,,0,32,6,185463,14,,,0
7901,'Weekday0000100',1325,,185469,1,,,0
7901,'pB3Sep30-Saturday',848,5,185471,14,,,0,72,5,185472,14,,,0,32,5,185473,14,,,0,72,5,185474,14,,,0,32,5,185475,14,,,0,72,5,185476,14,,,0,72,45,185477,14,,,0,32,5,185478,14,,,0,72,45,185479,14,,,0,32,5,185480,14,,,0,72,5,185481,14,,,0,32,5,185482,14,,,0,72,5,185483,14,,,0,32,5,185484,14,,,0,72,5,185485,14,,,0,32,5,185486,14,,,0,72,5,185487,14,,,0,32,5,185488,14,,,0,72,5,185470,14,,,0
