8701,'Saturday',611,,186586,13,,,0,30,,186607,13,,,0,70,,186595,13,,,0,30,,186587,13,,,0,70,,186608,13,,,0,31,,186596,13,,,0,70,,186588,13,,,0,30,,186609,13,,,0,70,,186597,13,,,0,30,,186589,13,,,0,70,,186610,13,,,0,30,,186598,13,,,0,70,,186590,13,,,0,30,,186611,13,,,0,70,,186599,13,,,0,30,,186591,13,,,0,70,,186612,13,,,0,30,,186601,13,,,0,70,,186592,13,,,0,30,,186613,13,,,0,70,,186600,13,,,0,30,,186593,13,,,0,70,,186614,13,,,0,30,,186603,13,,,0,70,,186594,13,,,0,30,,186602,13,,,0,70,,186615,13,,,0,30,,186620,13,,,0,70,,186604,13,,,0,30,,186616,13,,,0,70,,186619,13,,,0,30,,186605,13,,,0,70,,186617,13,,,0,30,,186621,13,,,0,70,,186606,13,,,0,30,,186618,13,,,0,70,,186622,13,,,0
8701,'Sunday',611,,186623,13,,,0,30,,186648,13,,,0,70,,186636,13,,,0,30,,186624,13,,,0,70,,186649,13,,,0,31,,186637,13,,,0,70,,186625,13,,,0,30,,186650,13,,,0,70,,186638,13,,,0,30,,186626,13,,,0,70,,186651,13,,,0,30,,186639,13,,,0,70,,186627,13,,,0,30,,186652,13,,,0,70,,186641,13,,,0,30,,186628,13,,,0,70,,186653,13,,,0,30,,186640,13,,,0,70,,186629,13,,,0,30,,186654,13,,,0,70,,186642,13,,,0,30,,186630,13,,,0,70,,186655,13,,,0,30,,186643,13,,,0,70,,186631,13,,,0,30,,186656,13,,,0,70,,186644,13,,,0,30,,186632,13,,,0,70,,186657,13,,,0,30,,186645,13,,,0,70,,186633,13,,,0,30,,186658,13,,,0,70,,186646,13,,,0,30,,186634,13,,,0,70,,186659,13,,,0,30,,186647,13,,,0,70,,186635,13,,,0
8701,'Weekday',510,,186683,13,,,0,30,,186660,13,,,0,70,,186684,13,,,0,30,,186661,13,,,0,70,,186685,13,,,0,30,,186687,13,,,0,71,,186662,13,,,0,12,,186699,13,,,0,18,,186686,13,,,0,70,,186688,13,,,0,30,,186663,13,,,0,70,,186673,13,,,0,30,,186689,13,,,0,70,,186665,13,,,0,30,,186674,13,,,0,70,,186690,13,,,0,30,,186666,13,,,0,70,,186675,13,,,0,30,,186691,13,,,0,70,,186664,13,,,0,30,,186676,13,,,0,74,,186692,13,,,0,31,,186667,13,,,0,71,,186677,13,,,0,31,,186693,13,,,0,72,,186668,13,,,0,30,,186678,13,,,0,71,,186694,13,,,0,32,,186669,13,,,0,69,,186679,13,,,0,30,,186696,13,,,0,70,,186670,13,,,0,30,,186680,13,,,0,69,,186695,13,,,0,28,,186671,13,,,0,68,,186681,13,,,0,28,,186697,13,,,0,69,,186672,13,,,0,28,,186682,13,,,0,69,,186698,13,,,0
8701,'Weekday0000100',1454,,186700,13,,,0
8701,'Weekday1111000',1607,,186701,13,,,0
8701,'pB3Sep30-Saturday',611,,186702,13,,,0,30,,186723,13,,,0,70,,186711,13,,,0,30,,186703,13,,,0,70,,186724,13,,,0,31,,186712,13,,,0,70,,186704,13,,,0,30,,186725,13,,,0,70,,186713,13,,,0,30,,186705,13,,,0,70,,186726,13,,,0,30,,186714,13,,,0,70,,186706,13,,,0,30,,186727,13,,,0,70,,186715,13,,,0,30,,186707,13,,,0,70,,186728,13,,,0,30,,186717,13,,,0,70,,186708,13,,,0,30,,186729,13,,,0,70,,186716,13,,,0,30,,186709,13,,,0,70,,186730,13,,,0,30,,186719,13,,,0,70,,186710,13,,,0,30,,186718,13,,,0,70,,186731,13,,,0,30,,186736,13,,,0,70,,186720,13,,,0,30,,186732,13,,,0,70,,186735,13,,,0,30,,186721,13,,,0,70,,186733,13,,,0,30,,186737,13,,,0,70,,186722,13,,,0,30,,186734,13,,,0,70,,186738,13,,,0
30701,'Saturday',546,,199771,4,,,0,60,,199786,4,,,0,20,,199798,4,,,0,20,,199811,4,,,0,60,,199772,4,,,0,20,,199785,4,,,0,20,,199799,4,,,0,60,,199812,4,,,0,20,,199773,4,,,0,20,,199787,4,,,0,60,,199800,4,,,0,20,,199813,4,,,0,20,,199774,4,,,0,60,,199788,4,,,0,20,,199801,4,,,0,20,,199815,4,,,0,60,,199776,4,,,0,20,,199789,4,,,0,20,,199802,4,,,0,60,,199814,4,,,0,20,,199775,4,,,0,20,,199790,4,,,0,60,,199804,4,,,0,20,,199816,4,,,0,20,,199777,4,,,0,60,,199791,4,,,0,20,,199803,4,,,0,20,,199817,4,,,0,60,,199778,4,,,0,20,,199792,4,,,0,20,,199805,4,,,0,60,,199818,4,,,0,20,,199779,4,,,0,20,,199793,4,,,0,60,,199806,4,,,0,20,,199819,4,,,0,20,,199780,4,,,0,60,,199794,4,,,0,20,,199807,4,,,0,20,,199820,4,,,0,60,,199781,4,,,0,20,,199795,4,,,0,20,,199808,4,,,0,60,,199821,4,,,0,20,,199782,4,,,0,20,,199796,4,,,0,60,,199809,4,,,0,20,,199822,4,,,0,20,,199783,4,,,0,60,,199797,4,,,0,20,,199810,4,,,0,20,,199823,4,,,0,60,,199784,4,,,0
30701,'Sunday',546,,199824,4,,,0,60,,199838,4,,,0,20,,199852,4,,,0,20,,199864,4,,,0,60,,199825,4,,,0,20,,199839,4,,,0,20,,199851,4,,,0,60,,199865,4,,,0,20,,199826,4,,,0,20,,199840,4,,,0,60,,199853,4,,,0,20,,199866,4,,,0,20,,199827,4,,,0,60,,199841,4,,,0,20,,199854,4,,,0,20,,199867,4,,,0,60,,199828,4,,,0,20,,199842,4,,,0,20,,199855,4,,,0,60,,199868,4,,,0,20,,199829,4,,,0,20,,199843,4,,,0,60,,199856,4,,,0,20,,199869,4,,,0,20,,199830,4,,,0,60,,199844,4,,,0,20,,199857,4,,,0,20,,199870,4,,,0,60,,199831,4,,,0,20,,199845,4,,,0,20,,199858,4,,,0,60,,199871,4,,,0,20,,199832,4,,,0,20,,199846,4,,,0,60,,199859,4,,,0,20,,199873,4,,,0,20,,199834,4,,,0,60,,199847,4,,,0,20,,199860,4,,,0,20,,199874,4,,,0,60,,199835,4,,,0,20,,199848,4,,,0,20,,199861,4,,,0,60,,199875,4,,,0,20,,199836,4,,,0,20,,199849,4,,,0,60,,199862,4,,,0,20,,199872,4,,,0,20,,199833,4,,,0,60,,199850,4,,,0,20,,199863,4,,,0,20,,199876,4,,,0,60,,199837,4,,,0
30701,'Weekday',527,,199879,4,,,0,21,,199892,4,,,0,70,,199914,4,,,0,20,,199893,4,,,0,20,,199903,4,,,0,60,,199881,4,,,0,20,,199915,4,,,0,20,,199894,4,,,0,60,,199902,4,,,0,20,,199882,4,,,0,20,,199916,4,,,0,60,,199895,4,,,0,20,,199904,4,,,0,20,,199883,4,,,0,60,,199917,4,,,0,20,,199896,4,,,0,20,,199906,4,,,0,60,,199884,4,,,0,20,,199918,4,,,0,20,,199897,4,,,0,60,,199905,4,,,0,20,,199886,4,,,0,20,,199919,4,,,0,60,,199898,4,,,0,20,,199907,4,,,0,20,,199885,4,,,0,60,,199920,4,,,0,20,,199899,4,,,0,20,,199908,4,,,0,61,,199887,4,,,0,20,,199921,4,,,0,20,,199900,4,,,0,60,,199909,4,,,0,20,,199888,4,,,0,20,,199910,4,,,0,60,,199901,4,,,0,20,,199923,4,,,0,20,,199877,4,,,0,59,,199911,4,,,0,20,,199890,4,,,0,20,,199924,4,,,0,60,,199878,4,,,0,20,,199913,4,,,0,20,,199891,4,,,0,70,,199927,4,,,0,25,,199933,4,,,0,64,,199932,4,,,0,25,,199930,4,,,0,65,,199931,4,,,0,25,,199929,4,,,0,25,,199928,4,,,0,62,,199926,4,,,0,35,,199925,4,,,0
30701,'pB3Sep30-Saturday',546,,199934,4,,,0,60,,199949,4,,,0,20,,199961,4,,,0,20,,199974,4,,,0,60,,199935,4,,,0,20,,199948,4,,,0,20,,199962,4,,,0,60,,199975,4,,,0,20,,199936,4,,,0,20,,199950,4,,,0,60,,199963,4,,,0,20,,199976,4,,,0,20,,199937,4,,,0,60,,199951,4,,,0,20,,199964,4,,,0,20,,199978,4,,,0,60,,199939,4,,,0,20,,199952,4,,,0,20,,199965,4,,,0,60,,199977,4,,,0,20,,199938,4,,,0,20,,199953,4,,,0,60,,199967,4,,,0,20,,199979,4,,,0,20,,199940,4,,,0,60,,199954,4,,,0,20,,199966,4,,,0,20,,199980,4,,,0,60,,199941,4,,,0,20,,199955,4,,,0,20,,199968,4,,,0,60,,199981,4,,,0,20,,199942,4,,,0,20,,199956,4,,,0,60,,199969,4,,,0,20,,199982,4,,,0,20,,199943,4,,,0,60,,199957,4,,,0,20,,199970,4,,,0,20,,199983,4,,,0,60,,199944,4,,,0,20,,199958,4,,,0,20,,199971,4,,,0,60,,199984,4,,,0,20,,199945,4,,,0,20,,199959,4,,,0,60,,199972,4,,,0,20,,199985,4,,,0,20,,199946,4,,,0,60,,199960,4,,,0,20,,199973,4,,,0,20,,199986,4,,,0,60,,199947,4,,,0
44001,'Weekday',532,,200334,7,,,0,91,,200335,7,,,0,93,,200333,7,,,0,94,,200336,7,,,0,94,,200337,7,,,0,54,,200339,7,,,0,488,,200338,7,,,0,103,,200340,7,,,0,100,,200341,7,,,0,99,,200342,7,,,0,100,,200343,7,,,0,100,,200344,7,,,0
