300,'Saturday',612,,169849,25,,,0,18,,169858,25,,,0,20,,169865,25,,,0,60,,169819,25,,,0,20,,169826,25,,,0,20,,169834,25,,,0,60,,169842,25,,,0,20,,169851,25,,,0,20,,169859,25,,,0,60,,169868,25,,,0,20,,169820,25,,,0,20,,169827,25,,,0,60,,169835,25,,,0,20,,169843,25,,,0,20,,169853,25,,,0,60,,169860,25,,,0,20,,169869,25,,,0,20,,169821,25,,,0,61,,169829,25,,,0,21,,169836,25,,,0,20,,169844,25,,,0,60,,169852,25,,,0,20,,169861,25,,,0,20,,169870,25,,,0,60,,169822,25,,,0,21,,169828,25,,,0,20,,169838,25,,,0,60,,169845,25,,,0,20,,169854,25,,,0,20,,169862,25,,,0,60,,169871,25,,,0,20,,169823,25,,,0,20,,169830,25,,,0,60,,169837,25,,,0,20,,169850,25,,,0,20,,169855,25,,,0,59,,169863,25,,,0,19,,169873,25,,,0,20,,169824,25,,,0,61,,169831,25,,,0,20,,169840,25,,,0,20,,169846,25,,,0,60,,169856,25,,,0,20,,169864,25,,,0,20,,169872,25,,,0,60,,169825,25,,,0,20,,169832,25,,,0,20,,169839,25,,,0,60,,169847,25,,,0,20,,169857,25,,,0,20,,169866,25,,,0,60,,169874,25,,,0,29,,169833,25,,,0,71,,169841,25,,,0,28,,169848,25,,,0,72,,169867,25,,,0
300,'Sunday',612,,169906,25,,,0,18,,169916,25,,,0,20,,169923,25,,,0,60,,169875,25,,,0,20,,169882,25,,,0,20,,169890,25,,,0,60,,169899,25,,,0,20,,169908,25,,,0,20,,169914,25,,,0,60,,169924,25,,,0,20,,169876,25,,,0,20,,169883,25,,,0,60,,169891,25,,,0,20,,169898,25,,,0,20,,169907,25,,,0,60,,169915,25,,,0,20,,169925,25,,,0,20,,169877,25,,,0,61,,169884,25,,,0,21,,169892,25,,,0,20,,169900,25,,,0,60,,169909,25,,,0,20,,169917,25,,,0,20,,169926,25,,,0,60,,169879,25,,,0,21,,169885,25,,,0,20,,169893,25,,,0,60,,169902,25,,,0,20,,169910,25,,,0,20,,169918,25,,,0,60,,169927,25,,,0,20,,169878,25,,,0,20,,169887,25,,,0,60,,169895,25,,,0,20,,169901,25,,,0,20,,169911,25,,,0,59,,169919,25,,,0,19,,169928,25,,,0,20,,169880,25,,,0,61,,169886,25,,,0,20,,169894,25,,,0,20,,169903,25,,,0,60,,169913,25,,,0,20,,169921,25,,,0,20,,169929,25,,,0,60,,169881,25,,,0,20,,169888,25,,,0,20,,169896,25,,,0,60,,169904,25,,,0,20,,169912,25,,,0,20,,169920,25,,,0,60,,169930,25,,,0,29,,169889,25,,,0,71,,169897,25,,,0,28,,169905,25,,,0,72,,169922,25,,,0
300,'Weekday',450,,169960,25,,,0,60,,169965,25,,,0,21,,169979,25,,,0,20,,169932,25,,,0,67,,169985,25,,,0,18,,169968,25,,,0,15,,169948,25,,,0,55,,169992,25,,,0,13,,169961,25,,,0,7,,170023,25,,,0,6,,170001,25,,,0,7,,169934,25,,,0,6,,169966,25,,,0,7,,169931,25,,,0,6,,169980,25,,,0,47,,170009,25,,,0,6,,169933,25,,,0,13,,169993,25,,,0,13,,169986,25,,,0,13,,169953,25,,,0,8,,169940,25,0,43 44,0,44,,169969,25,,,0,17,,169949,25,,,0,16,,169962,25,,,0,15,,170002,25,,,0,55,,169935,25,,,0,15,,169981,25,,,0,15,,170010,25,,,0,15,,169994,25,,,0,55,,169987,25,,,0,15,,169954,25,,,0,15,,169970,25,,,0,15,,169950,25,,,0,55,,169963,25,,,0,15,,170003,25,,,0,15,,169936,25,,,0,15,,169982,25,,,0,55,,170011,25,,,0,15,,169995,25,,,0,15,,169988,25,,,0,15,,169955,25,,,0,55,,169971,25,,,0,15,,169951,25,,,0,15,,169964,25,,,0,6,,170018,25,,,0,7,,169941,25,,,0,6,,170004,25,,,0,46,,169942,25,,,0,8,,169937,25,,,0,7,,169943,25,,,0,8,,169983,25,,,0,7,,169944,25,,,0,7,,170012,25,,,0,6,,169945,14,,,0,7,,169996,25,,,0,6,,169946,14,,,0,47,,169967,25,,,0,6,,169947,14,0,117,0,7,,169989,25,,,0,13,,169956,25,,,0,13,,169972,25,,,0,13,,169952,25,,,0,53,,169976,25,,,0,13,,170019,25,,,0,13,,170005,25,,,0,13,,169938,25,,,0,12,,169984,25,,,0,52,,170013,25,,,0,12,,169997,25,,,0,15,,169990,25,,,0,15,,169957,25,,,0,55,,169973,25,,,0,15,,169977,25,,,0,15,,170020,25,,,0,15,,170006,25,,,0,55,,169939,25,,,0,15,,170014,25,,,0,15,,169998,25,,,0,15,,169991,25,,,0,55,,169958,25,,,0,15,,169974,25,,,0,15,,169978,25,,,0,15,,170021,25,,,0,61,,170007,25,,,0,20,,170015,25,,,0,24,,169999,25,,,0,65,,169959,25,,,0,14,,169975,25,,,0,71,,170022,25,,,0,30,,170016,25,,,0,72,,170000,25,,,0
300,'pB3Sep30-Saturday',547,,170062,25,,,0,65,,170046,25,,,0,23,,170051,25,,,0,15,,170055,25,,,0,55,,170063,25,,,0,15,,170064,25,,,0,15,,170065,25,,,0,15,,170066,25,,,0,55,,170067,25,,,0,15,,170068,25,,,0,15,,170069,25,,,0,15,,170070,25,,,0,55,,170071,25,,,0,15,,170072,25,,,0,15,,170025,25,,,0,15,,170030,25,,,0,60,,170036,25,,,0,20,,170041,25,,,0,20,,170048,25,,,0,60,,170052,25,,,0,20,,170058,25,,,0,20,,170026,25,,,0,61,,170032,25,,,0,21,,170037,25,,,0,20,,170042,25,,,0,60,,170047,25,,,0,20,,170053,25,,,0,20,,170059,25,,,0,60,,170027,25,,,0,21,,170031,25,,,0,14,,170085,25,,,0,54,,170086,25,,,0,14,,170087,25,,,0,14,,170088,25,,,0,14,,170089,25,,,0,14,,170083,25,,,0,54,,170084,25,,,0,14,,170078,25,,,0,14,,170080,25,,,0,14,,170073,25,,,0,54,,170074,25,,,0,14,,170075,25,,,0,14,,170076,25,,,0,14,,170077,25,,,0,54,,170079,25,,,0,13,,170081,25,,,0,14,,170082,25,,,0,21,,170028,25,,,0,61,,170033,25,,,0,20,,170039,25,,,0,20,,170043,25,,,0,60,,170049,25,,,0,20,,170054,25,,,0,20,,170060,25,,,0,60,,170029,25,,,0,20,,170034,25,,,0,20,,170038,25,,,0,60,,170045,25,,,0,20,,170050,25,,,0,20,,170056,25,,,0,60,,170061,25,,,0,29,,170035,25,,,0,71,,170040,25,,,0,28,,170044,25,,,0,72,,170057,25,,,0
1500,'Saturday',624,,173158,38,,,0,78,,173164,38,,,0,38,,173171,38,,,0,78,,173157,38,,,0,38,,173165,38,,,0,78,,173172,38,,,0,78,,173159,38,,,0,38,,173166,38,,,0,78,,173173,38,,,0,78,,173160,38,,,0,38,,173167,38,,,0,78,,173174,38,,,0,78,,173161,38,,,0,38,,173168,38,,,0,78,,173175,38,,,0,38,,173162,38,,,0,78,,173169,38,,,0,78,,173176,38,,,0,38,,173163,38,,,0,78,,173170,38,,,0
1500,'Sunday',624,,173178,38,,,0,97,,173184,38,,,0,97,,173177,38,,,0,97,,173185,38,,,0,97,,173179,38,,,0,97,,173186,38,,,0,97,,173180,38,,,0,97,,173187,38,,,0,97,,173181,38,,,0,57,,173188,38,,,0,97,,173182,38,,,0,97,,173189,38,,,0,97,,173183,38,,,0,97,,173190,38,,,0
1500,'Weekday',604,,173217,38,,,0,35,,173216,38,,,0,73,,173215,38,,,0,30,,173214,38,,,0,60,,173213,38,,,0,30,,173212,38,,,0,70,,173211,38,,,0,38,,173210,38,,,0,80,,173209,38,,,0,36,,173208,38,,,0,78,,173207,38,,,0,78,,173206,38,,,0,38,,173205,38,,,0,78,,173204,38,,,0,80,,173203,38,,,0,38,,173202,38,,,0,74,,173201,38,,,0,28,,173200,38,,,0,65,,173199,38,,,0,31,,173198,38,,,0,70,,173197,38,,,0,30,,173196,38,,,0,68,,173195,38,,,0,35,,173194,38,,,0,73,,173193,38,,,0,38,,173192,38,,,0,76,,173191,38,,,0
1500,'pB3Sep30-Saturday',624,,173219,38,,,0,78,,173225,38,,,0,38,,173232,38,,,0,78,,173218,38,,,0,38,,173226,38,,,0,78,,173233,38,,,0,78,,173220,38,,,0,38,,173227,38,,,0,78,,173234,38,,,0,78,,173221,38,,,0,38,,173228,38,,,0,78,,173235,38,,,0,78,,173222,38,,,0,38,,173229,38,,,0,78,,173236,38,,,0,38,,173223,38,,,0,78,,173230,38,,,0,78,,173237,38,,,0,38,,173224,38,,,0,78,,173231,38,,,0
1700,'Saturday',639,,173316,17,,,0,85,,173318,17,,,0,85,,173320,17,,,0,45,,173321,17,,,0,85,,173322,17,,,0,85,,173317,17,,,0,85,,173319,17,,,0,45,,173323,17,,,0,85,,173324,17,,,0,85,,173326,17,,,0,85,,173327,17,,,0,45,,173328,17,,,0,85,,173325,17,,,0,85,,173331,17,,,0,85,,173332,17,,,0,45,,173329,17,,,0,85,,173330,17,0,43 44,0,85,,173333,17,0,43 44,0
1700,'Sunday',809,,173338,17,,,0,45,,173340,17,,,0,85,,173341,17,,,0,85,,173336,17,,,0,85,,173337,17,,,0,45,,173339,17,,,0,85,,173342,17,,,0,85,,173344,17,,,0,85,,173345,17,,,0,45,,173346,17,,,0,85,,173343,17,,,0,85,,173347,17,,,0,85,,173348,17,,,0,45,,173349,17,,,0,85,,173350,17,0,43 44,0,85,,173351,17,0,43 44,0
1700,'Weekday',605,,173380,17,,,0,32,,173356,17,,,0,73,,173368,17,,,0,35,,173378,17,,,0,72,,173357,17,,,0,32,,173369,17,,,0,71,,173381,17,,,0,32,,173358,17,,,0,72,,173370,17,,,0,32,,173382,17,,,0,72,,173360,17,,,0,72,,173371,17,,,0,32,,173383,17,,,0,72,,173359,17,,,0,32,,173372,17,,,0,72,,173384,17,,,0,32,,173361,17,,,0,72,,173373,17,,,0,33,,173385,17,,,0,72,,173362,17,,,0,32,,173374,17,,,0,72,,173386,17,,,0,32,,173363,17,,,0,71,,173375,17,,,0,32,,173387,17,,,0,72,,173364,17,,,0,72,,173376,17,,,0,32,,173389,17,,,0,72,,173365,17,,,0,32,,173377,17,,,0,72,,173388,17,,,0,32,,173366,17,,,0,72,,173379,17,,,0,32,,173355,17,,,0
1700,'pB3Sep30-Saturday',639,,173391,17,,,0,85,,173393,17,,,0,85,,173394,17,,,0,45,,173395,17,,,0,85,,173396,17,,,0,85,,173392,17,,,0,85,,173390,17,,,0,45,,173397,17,,,0,85,,173398,17,,,0,85,,173400,17,,,0,85,,173401,17,,,0,45,,173402,17,,,0,85,,173399,17,,,0,85,,173405,17,,,0,85,,173406,17,,,0,45,,173403,17,,,0,85,,173404,17,0,43 44,0,85,,173407,17,0,43 44,0
