200,'Saturday',553,,169443,18,,,0,65,,169452,18,,,0,25,,169469,18,,,0,65,,169461,18,,,0,25,,169478,18,,,0,25,,169444,18,,,0,65,,169453,18,,,0,25,,169470,18,,,0,65,,169462,18,,,0,26,,169479,18,,,0,66,,169445,18,,,0,26,,169454,18,,,0,26,,169471,18,,,0,66,,169463,18,,,0,26,,169480,18,,,0,66,,169446,18,,,0,26,,169455,18,,,0,66,,169472,18,,,0,26,,169464,18,,,0,26,,169481,18,,,0,66,,169447,18,,,0,26,,169456,18,,,0,66,,169473,18,,,0,26,,169465,18,,,0,66,,169482,18,,,0,26,,169448,18,,,0,66,,169457,18,,,0,26,,169474,18,,,0,26,,169466,18,,,0,66,,169483,18,,,0,26,,169449,18,,,0,66,,169458,18,,,0,26,,169475,18,,,0,66,,169467,18,,,0,26,,169484,18,,,0,26,,169450,18,,,0,66,,169459,18,,,0,26,,169476,18,,,0,66,,169468,18,,,0,26,,169485,18,,,0,63,,169451,18,,,0,29,,169460,18,,,0,26,,169477,18,,,0
200,'Sunday',553,,169506,18,,,0,65,,169509,18,,,0,25,,169513,18,,,0,65,,169512,18,,,0,25,,169517,18,,,0,25,,169508,18,,,0,65,,169510,18,,,0,25,,169515,18,,,0,65,,169516,18,,,0,26,,169518,18,,,0,66,,169507,18,,,0,26,,169511,18,,,0,26,,169514,18,,,0,66,,169524,18,,,0,26,,169528,18,,,0,66,,169519,18,,,0,26,,169521,18,,,0,66,,169523,18,,,0,26,,169525,18,,,0,26,,169527,18,,,0,66,,169520,18,,,0,26,,169522,18,,,0,66,,169526,18,,,0,26,,169498,18,,,0,66,,169495,18,,,0,26,,169486,18,,,0,66,,169502,18,,,0,26,,169499,18,,,0,26,,169491,18,,,0,66,,169493,18,,,0,26,,169487,18,,,0,66,,169504,18,,,0,26,,169496,18,,,0,66,,169500,18,,,0,26,,169488,18,,,0,26,,169503,18,,,0,66,,169492,18,,,0,26,,169501,18,,,0,66,,169494,18,,,0,26,,169490,18,,,0,63,,169489,18,,,0,29,,169505,18,,,0,26,,169497,18,,,0
200,'Weekday',505,,169529,18,,,0,30,,169535,18,,,0,13,,169543,18,,,0,53,,169545,18,,,0,15,,169541,18,,,0,14,,169551,18,,,0,14,,169557,18,,,0,14,,169558,18,,,0,54,,169530,18,,,0,13,,169560,18,,,0,14,,169536,18,,,0,15,,169544,18,,,0,55,,169546,18,,,0,16,,169542,18,,,0,15,,169552,18,,,0,17,,169584,18,,,0,57,,169559,18,,,0,16,,169531,18,,,0,27,,169537,18,,,0,67,,169547,18,,,0,27,,169553,18,,,0,67,,169561,18,,,0,27,,169532,18,,,0,68,,169538,18,,,0,27,,169548,18,,,0,67,,169554,18,,,0,27,,169562,18,,,0,67,,169533,18,,,0,27,,169539,18,,,0,15,,169567,18,,,0,15,,169549,18,,,0,55,,169574,18,,,0,15,,169555,18,,,0,17,,169572,18,,,0,55,,169563,18,,,0,15,,169579,18,,,0,15,,169534,18,,,0,15,,169582,18,,,0,55,,169540,18,,,0,15,,169568,18,,,0,15,,169550,18,,,0,16,,169575,18,,,0,56,,169556,18,,,0,14,,169573,18,,,0,15,,169564,18,,,0,15,,169585,18,,,0,66,,169583,18,,,0,24,,169569,18,,,0,70,,169576,18,,,0,30,,169565,18,,,0,70,,169580,18,,,0,30,,169570,18,,,0,70,,169577,18,,,0,30,,169566,18,,,0,70,,169581,18,,,0,31,,169571,18,,,0,71,,169578,18,,,0
200,'pB3Sep30-Saturday',553,,169589,18,,,0,65,,169597,18,,,0,25,,169614,18,,,0,65,,169606,18,,,0,25,,169623,18,,,0,25,,169590,18,,,0,65,,169598,18,,,0,25,,169615,18,,,0,65,,169607,18,,,0,26,,169624,18,,,0,66,,169591,18,,,0,26,,169599,18,,,0,26,,169616,18,,,0,66,,169608,18,,,0,26,,169625,18,,,0,66,,169588,18,,,0,26,,169600,18,,,0,66,,169619,18,,,0,26,,169609,18,,,0,26,,169626,18,,,0,66,,169592,18,,,0,26,,169601,18,,,0,66,,169617,18,,,0,26,,169610,18,,,0,66,,169627,18,,,0,26,,169593,18,,,0,66,,169602,18,,,0,26,,169620,18,,,0,26,,169611,18,,,0,66,,169628,18,,,0,26,,169594,18,,,0,66,,169603,18,,,0,26,,169621,18,,,0,66,,169612,18,,,0,26,,169629,18,,,0,26,,169595,18,,,0,66,,169604,18,,,0,26,,169618,18,,,0,66,,169613,18,,,0,26,,169630,18,,,0,63,,169596,18,,,0,29,,169605,18,,,0,26,,169622,18,,,0
600,'Saturday',546,,170728,28,,,0,70,,170729,28,,,0,30,,170727,28,,,0,70,,170731,28,,,0,30,,170733,28,,,0,70,,170734,28,,,0,31,,170732,28,,,0,70,,170737,28,,,0,30,,170730,28,,,0,70,,170735,28,,,0,30,,170739,28,,,0,70,,170736,28,,,0,30,,170740,28,,,0,70,,170738,28,,,0,30,,170741,28,,,0,70,,170742,28,,,0,30,,170743,28,,,0,70,,170744,28,,,0,30,,170745,28,,,0,70,,170746,28,,,0,30,,170747,28,,,0,70,,170749,28,,,0,30,,170750,28,,,0,70,,170748,28,,,0,30,,170753,28,,,0,70,,170755,28,,,0,30,,170751,28,,,0,70,,170756,28,,,0,29,,170752,28,,,0,70,,170757,28,,,0,30,,170754,28,,,0,70,,170758,28,,,0,30,,170760,28,,,0,70,,170761,28,,,0,30,,170762,28,,,0,70,,170759,28,,,0,91,,170763,28,,,0
600,'Sunday',546,,170764,28,,,0,70,,170766,28,,,0,30,,170767,28,,,0,70,,170768,28,,,0,30,,170770,28,,,0,70,,170772,28,,,0,31,,170773,28,,,0,70,,170769,28,,,0,30,,170774,28,,,0,70,,170771,28,,,0,30,,170776,28,,,0,70,,170777,28,,,0,30,,170778,28,,,0,70,,170779,28,,,0,30,,170780,28,,,0,70,,170781,28,,,0,30,,170785,28,,,0,70,,170786,28,,,0,30,,170784,28,,,0,70,,170775,28,,,0,30,,170782,28,,,0,70,,170783,28,,,0,30,,170788,28,,,0,70,,170789,28,,,0,30,,170790,28,,,0,70,,170787,28,,,0,30,,170794,28,,,0,70,,170791,28,,,0,29,,170792,28,,,0,70,,170793,28,,,0,30,,170795,28,,,0,70,,170796,28,,,0,30,,170798,28,,,0,70,,170799,28,,,0,30,,170797,28,,,0,70,,170800,28,,,0,38,,170765,28,,,0
600,'Weekday',520,,170812,28,,,0,23,,170832,28,,,0,63,,170835,28,,,0,23,,170847,28,,,0,22,,170831,28,,,0,64,,170834,28,,,0,23,,170838,28,,,0,63,,170833,28,,,0,23,,170830,28,,,0,9,,170848,28,,,0,14,,170837,28,,,0,63,,170836,28,,,0,23,,170813,28,,,0,22,,170814,28,,,0,63,,170816,28,,,0,23,,170818,28,,,0,63,,170815,28,,,0,23,,170819,28,,,0,23,,170817,28,,,0,63,,170820,28,,,0,23,,170821,28,,,0,23,,170822,28,,,0,67,,170823,28,,,0,19,,170824,28,,,0,63,,170825,28,,,0,23,,170826,28,,,0,23,,170827,28,,,0,63,,170828,28,,,0,23,,170829,28,,,0,64,,170841,28,,,0,23,,170844,28,,,0,23,,170845,28,,,0,63,,170842,28,,,0,23,,170843,28,,,0,23,,170846,28,,,0,63,,170839,28,,,0,25,,170840,28,,,0,68,,170808,28,,,0,30,,170807,28,,,0,70,,170803,28,,,0,30,,170804,28,,,0,70,,170801,28,,,0,30,,170802,28,,,0,68,,170811,28,,,0,30,,170810,28,,,0,70,,170809,28,,,0,30,,170805,28,,,0,65,,170806,28,,,0
600,'pB3Sep30-Saturday',546,,170850,28,,,0,70,,170851,28,,,0,30,,170849,28,,,0,70,,170853,28,,,0,30,,170855,28,,,0,70,,170856,28,,,0,31,,170854,28,,,0,70,,170859,28,,,0,30,,170852,28,,,0,70,,170857,28,,,0,30,,170861,28,,,0,70,,170858,28,,,0,30,,170862,28,,,0,70,,170860,28,,,0,30,,170863,28,,,0,70,,170864,28,,,0,30,,170865,28,,,0,70,,170866,28,,,0,30,,170867,28,,,0,70,,170868,28,,,0,30,,170869,28,,,0,70,,170871,28,,,0,30,,170872,28,,,0,70,,170870,28,,,0,30,,170875,28,,,0,70,,170877,28,,,0,30,,170873,28,,,0,70,,170878,28,,,0,29,,170874,28,,,0,70,,170879,28,,,0,30,,170876,28,,,0,70,,170880,28,,,0,30,,170882,28,,,0,70,,170883,28,,,0,30,,170884,28,,,0,70,,170881,28,,,0,91,,170885,28,,,0
69800,'Weekday',828,,200943,20,0,172 1 12 173 1 106 107 136,0
69800,'Weekday0000100',857,,200944,20,0,172 1 12 173 1 106 107 136,0
69800,'Weekday1111000',833,,200945,20,0,172 1 12 173 1 106 107 136,0
