901,'Saturday',517,,171860,23,,,0,25,,171865,23,,,0,72,,171866,23,,,0,32,,171867,23,,,0,72,,171868,23,,,0,32,,171869,23,,,0,72,,171870,23,,,0,32,,171871,23,,,0,72,,171872,23,,,0,32,,171873,23,,,0,72,,171874,23,,,0,72,,171875,23,,,0,32,,171876,23,,,0,72,,171877,23,,,0,32,,171878,23,,,0,72,,171879,23,,,0,32,,171880,23,,,0,72,,171881,23,,,0,32,,171882,23,,,0,72,,171883,23,,,0,32,,171884,23,,,0,72,,171885,23,,,0,32,,171886,23,,,0,72,,171887,23,,,0,32,,171888,23,,,0,72,,171889,23,,,0,72,,171890,23,,,0,32,,171891,23,,,0,72,,171892,23,,,0,32,,171893,23,,,0,72,,171894,23,,,0,32,,171861,23,,,0,72,,171864,23,,,0,32,,171862,23,,,0,65,,171863,23,,,0
901,'Sunday',517,,171895,23,,,0,25,,171902,23,,,0,72,,171916,23,,,0,32,,171923,23,,,0,72,,171909,23,,,0,32,,171896,23,,,0,72,,171903,23,,,0,32,,171917,23,,,0,72,,171924,23,,,0,32,,171910,23,,,0,72,,171897,23,,,0,72,,171904,23,,,0,32,,171918,23,,,0,72,,171925,23,,,0,32,,171911,23,,,0,72,,171898,23,,,0,32,,171905,23,,,0,72,,171919,23,,,0,32,,171926,23,,,0,72,,171912,23,,,0,32,,171899,23,,,0,72,,171906,23,,,0,32,,171920,23,,,0,72,,171927,23,,,0,32,,171913,23,,,0,72,,171900,23,,,0,72,,171907,23,,,0,32,,171921,23,,,0,72,,171928,23,,,0,32,,171914,23,,,0,72,,171901,23,,,0,32,,171908,23,,,0,72,,171922,23,,,0,32,,171929,23,,,0,65,,171915,23,,,0
901,'Weekday',439,,171930,23,,,0,62,,171945,23,,,0,22,,171955,23,,,0,22,,171970,23,,,0,63,,171938,23,,,0,27,,171950,23,,,0,22,,171963,23,,,0,62,,171931,23,,,0,22,,171946,23,,,0,11,,171983,23,,,0,51,,171956,23,,,0,11,,171984,23,,,0,11,,171978,23,,,0,11,,171990,23,,,0,11,,171971,23,,,0,11,,171985,23,,,0,51,,171939,23,,,0,10,,171982,23,,,0,10,,171951,23,,,0,22,,171964,23,,,0,62,,171932,23,,,0,22,,171947,23,,,0,22,,171957,23,,,0,62,,171979,23,,,0,22,,171972,23,,,0,62,,171940,23,,,0,22,,171952,23,,,0,22,,171965,23,,,0,62,,171933,23,,,0,22,,171948,23,,,0,22,,171958,23,,,0,62,,171980,23,,,0,22,,171973,23,,,0,22,,171941,23,,,0,63,,171953,23,,,0,23,,171966,23,,,0,10,,171986,23,,,0,53,,171934,23,,,0,9,,171987,23,,,0,14,,171949,23,,,0,8,,171988,23,,,0,15,,171959,23,,,0,63,,171981,23,,,0,23,,171974,23,,,0,62,,171942,23,,,0,12,,171989,23,,,0,6,,171954,23,,,0,23,,171967,23,,,0,70,,171935,23,,,0,30,,171960,23,,,0,70,,171975,23,,,0,30,,171943,23,,,0,70,,171968,23,,,0,30,,171936,23,,,0,70,,171961,23,,,0,30,,171976,23,,,0,70,,171944,23,,,0,30,,171969,23,,,0,70,,171937,23,,,0,30,,171962,23,,,0,70,,171977,23,,,0
901,'pB3Sep30-Saturday',517,,171991,23,,,0,25,,171996,23,,,0,72,,171997,23,,,0,32,,171998,23,,,0,72,,171999,23,,,0,32,,172000,23,,,0,72,,172001,23,,,0,32,,172002,23,,,0,72,,172003,23,,,0,32,,172004,23,,,0,72,,172005,23,,,0,72,,172006,23,,,0,32,,172007,23,,,0,72,,172008,23,,,0,32,,172009,23,,,0,72,,172010,23,,,0,32,,172011,23,,,0,72,,172012,23,,,0,32,,172013,23,,,0,72,,172014,23,,,0,32,,172015,23,,,0,72,,172016,23,,,0,32,,172017,23,,,0,72,,172018,23,,,0,32,,172019,23,,,0,72,,172020,23,,,0,72,,172021,23,,,0,32,,172022,23,,,0,72,,172023,23,,,0,32,,172024,23,,,0,72,,172025,23,,,0,32,,171992,23,,,0,72,,171995,23,,,0,32,,171993,23,,,0,65,,171994,23,,,0
4001,'Saturday',713,,177823,6,,,0,2,,177823,9,,,0,33,,177825,6,,,0,2,,177825,9,,,0,73,,177826,6,,,0,2,,177826,9,,,0,33,,177827,6,,,0,42,,177827,9,,,0,33,,177824,6,,,0,2,,177824,9,,,0,73,,177829,6,,,0,2,,177829,9,,,0,33,,177830,6,,,0,2,,177830,9,,,0,73,,177832,6,,,0,2,,177832,9,,,0,33,,177828,6,,,0,2,,177828,9,,,0,73,,177833,6,,,0,2,,177833,9,,,0,73,,177834,6,,,0,2,,177834,9,,,0,33,,177831,6,,,0,2,,177831,9,,,0,73,,177835,6,,,0,2,,177835,9,,,0,33,,177836,6,,,0,2,,177836,9,,,0,73,,177837,6,,,0,2,,177837,9,,,0,33,,177838,6,,,0,42,,177838,9,,,0,33,,177822,6,,,0,2,,177822,9,,,0,73,,177821,6,,,0,2,,177821,9,,,0,33,,177820,6,,,0,2,,177820,9,,,0,73,,177819,6,,,0,2,,177819,9,,,0
4001,'Sunday',713,,177843,6,,,0,2,,177843,9,,,0,33,,177844,6,,,0,2,,177844,9,,,0,73,,177845,6,,,0,2,,177845,9,,,0,33,,177846,6,,,0,42,,177846,9,,,0,33,,177848,6,,,0,2,,177848,9,,,0,73,,177849,6,,,0,2,,177849,9,,,0,33,,177841,6,,,0,2,,177841,9,,,0,73,,177850,6,,,0,2,,177850,9,,,0,33,,177847,6,,,0,2,,177847,9,,,0,73,,177851,6,,,0,2,,177851,9,,,0,73,,177852,6,,,0,2,,177852,9,,,0,33,,177853,6,,,0,2,,177853,9,,,0,73,,177854,6,,,0,2,,177854,9,,,0,33,,177855,6,,,0,2,,177855,9,,,0,73,,177856,6,,,0,2,,177856,9,,,0,33,,177857,6,,,0,42,,177857,9,,,0,33,,177858,6,,,0,2,,177858,9,,,0,73,,177840,6,,,0,2,,177840,9,,,0,33,,177839,6,,,0,2,,177839,9,,,0,73,,177842,6,,,0,2,,177842,9,,,0
4001,'Weekday',605,,177869,6,,,0,2,,177869,9,,,0,31,,177882,6,,,0,2,,177882,9,,,0,73,,177876,6,,,0,2,,177876,9,,,0,33,,177870,6,,,0,2,,177870,9,,,0,73,,177883,6,,,0,2,,177883,9,,,0,33,,177877,6,,,0,42,,177877,9,,,0,31,,177871,6,,,0,2,,177871,9,,,0,73,,177884,6,,,0,2,,177884,9,,,0,33,,177878,6,,,0,2,,177878,9,,,0,73,,177872,6,,,0,2,,177872,9,,,0,33,,177885,6,,,0,2,,177885,9,,,0,73,,177879,6,,,0,2,,177879,9,,,0,73,,177873,6,,,0,2,,177873,9,,,0,33,,177886,6,,,0,2,,177886,9,,,0,75,,177880,6,,,0,2,,177880,9,,,0,34,,177874,6,,,0,2,,177874,9,,,0,74,,177887,6,,,0,2,,177887,9,,,0,76,,177881,6,,,0,2,,177881,9,,,0,37,,177875,6,,,0,3,,177875,9,,,0,73,,177888,6,,,0,2,,177888,9,,,0,31,,177862,6,,,0,2,,177862,9,,,0,74,,177859,6,,,0,2,,177859,9,,,0,73,,177866,6,,,0,2,,177866,9,,,0,29,,177863,6,,,0,2,,177863,9,,,0,71,,177860,6,,,0,2,,177860,9,,,0,28,,177867,6,,,0,2,,177867,9,,,0,73,,177864,6,,,0,2,,177864,9,,,0,35,,177861,6,,,0,2,,177861,9,,,0,76,,177868,6,,,0,2,,177868,9,,,0,73,,177865,6,,,0,2,,177865,9,,,0
4001,'pB3Sep30-Saturday',713,,177893,6,,,0,2,,177893,9,,,0,33,,177895,6,,,0,2,,177895,9,,,0,73,,177896,6,,,0,2,,177896,9,,,0,33,,177897,6,,,0,42,,177897,9,,,0,33,,177894,6,,,0,2,,177894,9,,,0,73,,177899,6,,,0,2,,177899,9,,,0,33,,177900,6,,,0,2,,177900,9,,,0,73,,177902,6,,,0,2,,177902,9,,,0,33,,177898,6,,,0,2,,177898,9,,,0,73,,177903,6,,,0,2,,177903,9,,,0,73,,177904,6,,,0,2,,177904,9,,,0,33,,177901,6,,,0,2,,177901,9,,,0,73,,177905,6,,,0,2,,177905,9,,,0,33,,177906,6,,,0,2,,177906,9,,,0,73,,177907,6,,,0,2,,177907,9,,,0,33,,177908,6,,,0,42,,177908,9,,,0,33,,177892,6,,,0,2,,177892,9,,,0,73,,177891,6,,,0,2,,177891,9,,,0,33,,177890,6,,,0,2,,177890,9,,,0,73,,177889,6,,,0,2,,177889,9,,,0
9000,'Saturday',632,,186805,11,,,0,72,,186785,11,,,0,32,,186794,11,,,0,72,,186807,11,,,0,32,,186786,11,,,0,72,,186795,11,,,0,32,,186806,11,,,0,72,,186787,11,,,0,32,,186797,11,,,0,72,,186808,11,,,0,33,,186789,11,,,0,72,,186798,11,,,0,32,,186809,11,,,0,72,,186790,11,,,0,72,,186796,11,,,0,32,,186812,11,,,0,72,,186788,11,,,0,32,,186799,11,,,0,72,,186810,11,,,0,31,,186791,11,,,0,73,,186800,11,,,0,31,,186813,11,,,0,72,,186792,11,,,0,32,,186802,11,,,0,72,,186811,11,,,0,32,,186793,11,,,0,72,,186801,11,,,0
9000,'Sunday',632,,186835,11,,,0,72,,186815,11,,,0,32,,186823,11,,,0,72,,186834,11,,,0,32,,186816,11,,,0,72,,186825,11,,,0,32,,186836,11,,,0,72,,186814,11,,,0,32,,186824,11,,,0,72,,186838,11,,,0,32,,186818,11,,,0,73,,186827,11,,,0,32,,186839,11,,,0,72,,186817,11,,,0,72,,186826,11,,,0,32,,186837,11,,,0,72,,186820,11,,,0,32,,186828,11,,,0,72,,186840,11,,,0,31,,186819,11,,,0,73,,186829,11,,,0,31,,186841,11,,,0,72,,186821,11,,,0,32,,186830,11,,,0,72,,186842,11,,,0,32,,186822,11,,,0,72,,186831,11,,,0
9000,'Weekday',611,,186863,11,,,0,30,,186873,11,,,0,69,,186844,11,,,0,30,,186854,11,,,0,70,,186864,11,,,0,30,,186874,11,,,0,69,,186845,11,,,0,30,,186855,11,,,0,70,,186865,11,,,0,30,,186875,11,,,0,70,,186846,11,,,0,30,,186856,11,,,0,70,,186866,11,,,0,30,,186876,11,,,0,70,,186849,11,,,0,30,,186857,11,,,0,70,,186867,11,,,0,30,,186877,11,,,0,71,,186847,11,,,0,30,,186858,11,,,0,70,,186868,11,,,0,30,,186878,11,,,0,70,,186848,11,,,0,27,,186859,11,,,0,70,,186869,11,,,0,30,,186879,11,,,0,20,,186850,11,,,0,70,,186860,11,,,0,30,,186870,11,,,0,70,,186880,11,,,0,16,,186851,11,,,0,70,,186861,11,,,0,30,,186871,11,,,0,70,,186881,11,,,0,10,,186852,11,,,0,30,,186862,11,,,0,65,,186872,11,,,0
9000,'pB3Sep30-Saturday',632,,186902,11,,,0,72,,186882,11,,,0,32,,186891,11,,,0,72,,186904,11,,,0,32,,186883,11,,,0,72,,186892,11,,,0,32,,186903,11,,,0,72,,186884,11,,,0,32,,186894,11,,,0,72,,186905,11,,,0,33,,186886,11,,,0,72,,186895,11,,,0,32,,186906,11,,,0,72,,186887,11,,,0,72,,186893,11,,,0,32,,186909,11,,,0,72,,186885,11,,,0,32,,186896,11,,,0,72,,186907,11,,,0,31,,186888,11,,,0,73,,186897,11,,,0,31,,186910,11,,,0,72,,186889,11,,,0,32,,186899,11,,,0,72,,186908,11,,,0,32,,186890,11,,,0,72,,186898,11,,,0
9101,'Saturday',642,,187238,5,,,0,61,,187237,5,,,0,21,,187240,5,,,0,21,,187241,5,,,0,61,,187239,5,,,0,21,,187243,5,,,0,21,,187242,5,,,0,61,,187245,5,,,0,21,,187244,5,,,0,21,,187246,5,,,0,61,,187247,5,,,0,21,,187248,5,,,0,21,,187249,5,,,0,61,,187250,5,,,0,21,,187251,5,,,0,21,,187252,5,,,0,61,,187254,5,,,0,21,,187253,5,,,0,61,,187256,5,,,0,21,,187255,5,,,0,21,,187257,5,,,0,61,,187258,5,,,0,21,,187260,5,,,0,21,,187259,5,,,0,61,,187261,5,,,0,21,,187262,5,,,0,21,,187263,5,,,0,61,,187264,5,,,0,21,,187265,5,,,0,21,,187267,5,,,0,61,,187269,5,,,0,21,,187266,5,,,0,21,,187268,5,,,0,61,,187270,5,,,0,21,,187271,5,,,0,21,,187273,5,,,0,61,,187275,5,,,0,21,,187278,5,,,0,61,,187272,5,,,0,21,,187276,5,,,0,21,,187274,5,,,0,61,,187277,5,,,0,21,,187279,5,,,0,21,,187280,5,,,0,61,,187281,5,,,0,21,,187282,5,,,0,21,,187284,5,,,0,61,,187283,5,,,0,21,,187285,5,,,0,21,,187286,5,,,0
9101,'Sunday',642,,187288,5,,,0,61,,187287,5,,,0,21,,187289,5,,,0,21,,187290,5,,,0,61,,187291,5,,,0,21,,187292,5,,,0,21,,187293,5,,,0,61,,187295,5,,,0,21,,187294,5,,,0,21,,187297,5,,,0,61,,187296,5,,,0,21,,187298,5,,,0,21,,187299,5,,,0,61,,187302,5,,,0,21,,187300,5,,,0,21,,187303,5,,,0,61,,187301,5,,,0,21,,187304,5,,,0,61,,187305,5,,,0,21,,187306,5,,,0,21,,187307,5,,,0,61,,187308,5,,,0,21,,187309,5,,,0,21,,187310,5,,,0,61,,187312,5,,,0,21,,187311,5,,,0,21,,187314,5,,,0,61,,187315,5,,,0,21,,187313,5,,,0,21,,187317,5,,,0,61,,187316,5,,,0,21,,187318,5,,,0,21,,187319,5,,,0,61,,187320,5,,,0,21,,187321,5,,,0,21,,187322,5,,,0,61,,187323,5,,,0,21,,187324,5,,,0,61,,187326,5,,,0,21,,187325,5,,,0,21,,187327,5,,,0,61,,187329,5,,,0,21,,187328,5,,,0,21,,187330,5,,,0,61,,187331,5,,,0,21,,187332,5,,,0,21,,187334,5,,,0,61,,187333,5,,,0,21,,187335,5,,,0,21,,187336,5,,,0
9101,'Weekday',624,,187337,5,,,0,21,,187338,5,,,0,61,,187339,5,,,0,23,,187340,5,,,0,19,,187342,5,,,0,61,,187343,5,,,0,21,,187341,5,,,0,21,,187344,5,,,0,61,,187345,5,,,0,21,,187346,5,,,0,21,,187347,5,,,0,61,,187349,5,,,0,21,,187348,5,,,0,21,,187350,5,,,0,61,,187351,5,,,0,21,,187353,5,,,0,61,,187354,5,,,0,21,,187352,5,,,0,21,,187356,5,,,0,61,,187355,5,,,0,21,,187357,5,,,0,21,,187358,5,,,0,61,,187359,5,,,0,21,,187361,5,,,0,21,,187360,5,,,0,61,,187362,5,,,0,21,,187363,5,,,0,21,,187365,5,,,0,61,,187364,5,,,0,21,,187366,5,,,0,21,,187367,5,,,0,61,,187368,5,,,0,21,,187369,5,,,0,21,,187370,5,,,0,61,,187371,5,,,0,21,,187372,5,,,0,61,,187373,5,,,0,21,,187374,5,,,0,21,,187375,5,,,0,61,,187376,5,,,0,21,,187377,5,,,0,21,,187379,5,,,0,61,,187380,5,,,0,21,,187378,5,,,0,21,,187381,5,,,0,61,,187382,5,,,0,21,,187383,5,,,0,18,,187384,5,,,0,68,,187385,5,,,0,17,,187386,5,,,0,21,,187387,5,,,0,61,,187388,5,,,0
9101,'pB3Sep30-Saturday',642,,187390,5,,,0,61,,187389,5,,,0,21,,187392,5,,,0,21,,187393,5,,,0,61,,187391,5,,,0,21,,187395,5,,,0,21,,187394,5,,,0,61,,187397,5,,,0,21,,187396,5,,,0,21,,187398,5,,,0,61,,187399,5,,,0,21,,187400,5,,,0,21,,187401,5,,,0,61,,187402,5,,,0,21,,187403,5,,,0,21,,187404,5,,,0,61,,187406,5,,,0,21,,187405,5,,,0,61,,187408,5,,,0,21,,187407,5,,,0,21,,187409,5,,,0,61,,187410,5,,,0,21,,187412,5,,,0,21,,187411,5,,,0,61,,187413,5,,,0,21,,187414,5,,,0,21,,187415,5,,,0,61,,187416,5,,,0,21,,187417,5,,,0,21,,187419,5,,,0,61,,187421,5,,,0,21,,187418,5,,,0,21,,187420,5,,,0,61,,187422,5,,,0,21,,187423,5,,,0,21,,187425,5,,,0,61,,187427,5,,,0,21,,187430,5,,,0,61,,187424,5,,,0,21,,187428,5,,,0,21,,187426,5,,,0,61,,187429,5,,,0,21,,187431,5,,,0,21,,187432,5,,,0,61,,187433,5,,,0,21,,187434,5,,,0,21,,187436,5,,,0,61,,187435,5,,,0,21,,187437,5,,,0,21,,187438,5,,,0
10400,'Saturday',606,,189797,8,,,0,32,,189812,8,,,0,72,,189798,8,,,0,32,,189813,8,,,0,72,,189800,8,,,0,32,,189814,8,,,0,72,,189802,8,,,0,32,,189815,8,,,0,72,,189801,8,,,0,32,,189816,8,,,0,72,,189799,8,,,0,32,,189817,8,,,0,72,,189803,8,,,0,72,,189818,8,,,0,32,,189805,8,,,0,72,,189819,8,,,0,32,,189804,8,,,0,72,,189820,8,,,0,32,,189806,8,,,0,72,,189823,8,,,0,32,,189808,8,,,0,72,,189821,8,,,0,32,,189807,8,,,0,72,,189822,8,,,0,32,,189809,8,,,0,72,,189824,8,,,0,32,,189811,8,,,0,72,,189825,8,,,0,72,,189810,8,,,0,34,,189826,8,,,0
10400,'Sunday',606,,189827,8,,,0,32,,189842,8,,,0,72,,189828,8,,,0,32,,189843,8,,,0,72,,189830,8,,,0,32,,189844,8,,,0,72,,189829,8,,,0,32,,189845,8,,,0,72,,189832,8,,,0,32,,189846,8,,,0,72,,189833,8,,,0,32,,189847,8,,,0,72,,189831,8,,,0,72,,189848,8,,,0,32,,189834,8,,,0,72,,189849,8,,,0,32,,189836,8,,,0,72,,189850,8,,,0,32,,189835,8,,,0,72,,189852,8,,,0,32,,189837,8,,,0,72,,189851,8,,,0,32,,189838,8,,,0,72,,189853,8,,,0,32,,189839,8,,,0,72,,189854,8,,,0,32,,189841,8,,,0,72,,189855,8,,,0,72,,189840,8,,,0,34,,189856,8,,,0
10400,'Weekday',546,,189857,8,,,0,71,,189875,8,,,0,31,,189858,8,,,0,72,,189877,8,,,0,34,,189859,8,,,0,73,,189878,8,,,0,32,,189860,8,,,0,72,,189879,8,,,0,72,,189861,8,,,0,32,,189880,8,,,0,72,,189862,8,,,0,32,,189881,8,,,0,72,,189863,8,,,0,32,,189882,8,,,0,72,,189864,8,,,0,32,,189883,8,,,0,72,,189865,8,,,0,32,,189884,8,,,0,72,,189866,8,,,0,32,,189885,8,,,0,73,,189867,8,,,0,72,,189887,8,,,0,32,,189868,8,,,0,70,,189886,8,,,0,32,,189869,8,,,0,72,,189888,8,,,0,32,,189870,8,,,0,72,,189889,8,,,0,32,,189871,8,,,0,72,,189890,8,,,0,32,,189872,8,,,0,72,,189891,8,,,0,32,,189873,8,,,0,72,,189892,8,,,0,32,,189874,8,,,0,72,,189893,8,,,0,76,,189876,8,,,0
10400,'pB3Sep30-Saturday',606,,189894,8,,,0,32,,189909,8,,,0,72,,189895,8,,,0,32,,189910,8,,,0,72,,189897,8,,,0,32,,189911,8,,,0,72,,189899,8,,,0,32,,189912,8,,,0,72,,189898,8,,,0,32,,189913,8,,,0,72,,189896,8,,,0,32,,189914,8,,,0,72,,189900,8,,,0,72,,189915,8,,,0,32,,189902,8,,,0,72,,189916,8,,,0,32,,189901,8,,,0,72,,189917,8,,,0,32,,189903,8,,,0,72,,189920,8,,,0,32,,189905,8,,,0,72,,189918,8,,,0,32,,189904,8,,,0,72,,189919,8,,,0,32,,189906,8,,,0,72,,189921,8,,,0,32,,189908,8,,,0,72,,189922,8,,,0,72,,189907,8,,,0,34,,189923,8,,,0
