7500,'Saturday',533,,184371,8,,,0,75,,184383,8,,,0,35,,184392,8,,,0,75,,184372,8,,,0,35,,184381,8,,,0,76,,184391,8,,,0,75,,184373,8,,,0,35,,184382,8,,,0,75,,184394,8,,,0,35,,184375,8,,,0,75,,184385,8,,,0,35,,184393,8,,,0,75,,184376,8,,,0,75,,184384,8,,,0,35,,184395,8,,,0,75,,184377,8,,,0,35,,184386,8,,,0,75,,184396,8,,,0,75,,184374,8,,,0,35,,184387,8,,,0,75,,184397,8,,,0,35,,184378,8,,,0,75,,184388,8,,,0,35,,184398,8,,,0,75,,184379,8,,,0,75,,184389,8,,,0,35,,184399,8,,,0,74,,184380,8,,,0,35,,184390,8,,,0,65,,184400,8,,,0,35,,184401,8,,,0,75,,184402,8,,,0,75,,184403,8,,,0
7500,'Sunday',533,,184404,8,,,0,75,,184414,8,,,0,35,,184424,8,,,0,75,,184406,8,,,0,35,,184416,8,,,0,76,,184425,8,,,0,75,,184405,8,,,0,35,,184417,8,,,0,75,,184426,8,,,0,35,,184407,8,,,0,75,,184415,8,,,0,35,,184427,8,,,0,75,,184408,8,,,0,75,,184418,8,,,0,35,,184428,8,,,0,75,,184409,8,,,0,35,,184420,8,,,0,75,,184429,8,,,0,75,,184410,8,,,0,35,,184419,8,,,0,75,,184431,8,,,0,35,,184411,8,,,0,75,,184421,8,,,0,35,,184430,8,,,0,75,,184412,8,,,0,75,,184422,8,,,0,35,,184432,8,,,0,74,,184413,8,,,0,35,,184423,8,,,0,75,,184433,8,,,0,75,,184434,8,,,0,35,,184435,8,,,0,75,,184436,8,,,0
7500,'Weekday',547,,184437,8,,,0,72,,184455,8,,,0,23,,184457,8,,,0,63,,184469,8,,,0,23,,184464,8,,,0,23,,184446,8,,,0,63,,184440,8,,,0,23,,184476,8,,,0,22,,184478,8,,,0,63,,184444,8,,,0,34,,184472,8,,,0,74,,184463,8,,,0,74,,184466,8,,,0,34,,184454,8,,,0,74,,184477,8,,,0,34,,184475,8,,,0,74,,184439,8,,,0,34,,184438,8,,,0,74,,184465,8,,,0,74,,184473,8,,,0,26,,184458,8,,,0,10,,184470,8,,,0,62,,184447,8,,,0,19,,184451,8,,,0,19,,184449,8,,,0,19,,184448,8,,,0,59,,184452,8,,,0,19,,184441,8,,,0,19,,184461,8,,,0,57,,184456,8,,,0,19,,184442,8,,,0,19,,184459,8,,,0,59,,184453,8,,,0,18,,184471,8,,,0,33,,184460,8,,,0,74,,184468,8,,,0,73,,184443,8,,,0,32,,184445,8,,,0,74,,184467,8,,,0,34,,184474,8,,,0,74,,184479,8,,,0,34,,184462,8,,,0,71,,184450,8,,,0
7500,'pB3Sep30-Saturday',533,,184480,8,,,0,75,,184492,8,,,0,35,,184501,8,,,0,75,,184481,8,,,0,35,,184490,8,,,0,76,,184500,8,,,0,75,,184482,8,,,0,35,,184491,8,,,0,75,,184503,8,,,0,35,,184484,8,,,0,75,,184494,8,,,0,35,,184502,8,,,0,75,,184485,8,,,0,75,,184493,8,,,0,35,,184504,8,,,0,75,,184486,8,,,0,35,,184495,8,,,0,75,,184505,8,,,0,75,,184483,8,,,0,35,,184496,8,,,0,75,,184506,8,,,0,35,,184487,8,,,0,75,,184497,8,,,0,35,,184507,8,,,0,75,,184488,8,,,0,75,,184498,8,,,0,35,,184508,8,,,0,74,,184489,8,,,0,35,,184499,8,,,0,65,,184509,8,,,0,35,,184510,8,,,0,75,,184511,8,,,0,75,,184512,8,,,0
13100,'Weekday',549,,192824,6,0,53 225,0,60,,192823,6,0,53 225,0,20,,192822,6,0,53 225,0,20,,192825,6,0,53 225,0
13100,'pB3Sep30-Saturday',549,,192826,6,0,43 44,0,60,,192828,6,0,43 44,0,40,,192827,6,0,43 44,0
13101,'Weekday',1707,,192829,44,,,0,20,,192830,44,,,0,20,,192831,44,,,0,60,,192832,44,,,0
13101,'pB3Sep30-Saturday',1707,,192835,44,,,0,40,,192834,44,,,0,60,,192833,44,,,0
86400,'Weekday0000100',1446,,201301,6,0,17 18 19 1 21 22,0
86400,'Weekday1111000',1602,,201303,6,0,17 18 19 1 21 22,0
86600,'Weekday0000100',1437,,201313,7,0,17 18 19 1 20,0
86600,'Weekday1111000',1553,,201315,7,0,17 18 19 1 20,0
