15100,'Weekday',555,,194630,14,,,0,89,,194629,15,,,0
15100,'pB3Sep30-Saturday',555,,194632,14,,,0,89,,194631,15,,,0
15101,'Weekday',1725,,194634,36,,,0,86,,194633,41,,,0
15101,'pB3Sep30-Saturday',1725,,194636,36,,,0,86,,194635,41,,,0
15301,'Saturday',636,,194807,11,,,0,77,,194805,11,,,0,37,,194808,11,,,0,77,,194806,11,,,0,77,,194813,11,,,0,37,,194816,11,,,0,77,,194817,11,,,0,37,,194818,11,,,0,77,,194819,11,,,0,77,,194820,11,,,0,37,,194821,11,,,0,77,,194822,11,,,0,77,,194823,11,,,0,37,,194824,11,,,0,77,,194825,11,,,0,37,,194826,11,,,0,77,,194827,11,,,0,77,,194828,11,,,0,37,,194829,11,,,0,77,,194830,11,,,0,37,,194831,11,,,0,77,,194810,11,,,0,77,,194811,11,,,0,37,,194812,11,,,0,77,,194814,11,,,0,77,,194815,11,,,0,37,,194809,11,,,0
15301,'Sunday',827,,194855,11,,,0,78,,194833,11,,,0,37,,194838,11,,,0,77,,194841,11,,,0,37,,194839,11,,,0,77,,194842,11,,,0,77,,194844,11,,,0,37,,194845,11,,,0,77,,194846,11,,,0,77,,194843,11,,,0,37,,194840,11,,,0,77,,194848,11,,,0,37,,194849,11,,,0,77,,194850,11,,,0,77,,194852,11,,,0,37,,194853,11,,,0,77,,194847,11,,,0,37,,194851,11,,,0,76,,194854,11,,,0,77,,194834,11,,,0,37,,194836,11,,,0,76,,194837,11,,,0,35,,194835,11,,,0,72,,194832,11,,,0
15301,'Weekday',555,,194856,11,,,0,65,,194860,11,,,0,24,,194878,11,,,0,66,,194857,11,,,0,25,,194861,11,,,0,10,,194894,11,,,0,12,,194879,11,,,0,50,,194895,11,,,0,8,,194896,11,,,0,8,,194858,11,,,0,15,,194898,11,,,0,15,,194862,11,,,0,66,,194880,11,,,0,25,,194901,11,,,0,65,,194863,11,,,0,25,,194881,11,,,0,25,,194902,11,,,0,65,,194864,11,,,0,25,,194882,11,,,0,65,,194903,11,,,0,25,,194865,11,,,0,65,,194883,11,,,0,25,,194904,11,,,0,25,,194866,11,,,0,65,,194884,11,,,0,25,,194905,11,,,0,65,,194867,11,,,0,26,,194908,11,,,0,14,,194885,11,,,0,51,,194875,11,,,0,11,,194906,11,,,0,11,,194893,11,,,0,11,,194868,11,,,0,11,,194876,11,,,0,11,,194897,11,,,0,51,,194859,11,0,42 202,0,14,,194886,11,,,0,8,,194899,11,0,42 202,0,11,,194907,11,0,42 202,0,11,,194892,11,0,42 202,0,52,,194869,11,,,0,10,,194877,11,0,42 202,0,26,,194887,11,,,0,76,,194870,11,,,0,36,,194888,11,,,0,76,,194871,11,,,0,75,,194889,11,,,0,36,,194872,11,,,0,76,,194890,11,,,0,36,,194873,11,,,0,76,,194891,11,,,0,76,,194874,11,,,0
15301,'pB3Sep30-Saturday',636,,194911,11,,,0,77,,194909,11,,,0,37,,194912,11,,,0,77,,194910,11,,,0,77,,194917,11,,,0,37,,194920,11,,,0,77,,194921,11,,,0,37,,194922,11,,,0,77,,194923,11,,,0,77,,194924,11,,,0,37,,194925,11,,,0,77,,194926,11,,,0,77,,194927,11,,,0,37,,194928,11,,,0,77,,194929,11,,,0,37,,194930,11,,,0,77,,194931,11,,,0,77,,194932,11,,,0,37,,194933,11,,,0,77,,194934,11,,,0,37,,194935,11,,,0,77,,194914,11,,,0,77,,194915,11,,,0,37,,194916,11,,,0,77,,194918,11,,,0,77,,194919,11,,,0,37,,194913,11,,,0
71700,'Weekday',812,,201006,11,0,29 1 132,0
71701,'Weekday0000100',1443,,201008,15,0,29 1 132,0
71701,'Weekday1111000',1608,,201010,15,0,29 1 132,0
