101,'Saturday',535,,169257,10,,,0,67,,169269,10,,,0,25,,169246,10,,,0,25,,169263,10,,,0,66,,169276,10,,,0,25,,169281,10,,,0,65,,169258,10,,,0,25,,169271,10,,,0,25,,169251,10,,,0,66,,169244,10,,,0,25,,169264,10,,,0,65,,169278,10,,,0,25,,169284,10,,,0,65,,169259,10,,,0,25,,169270,10,,,0,25,,169253,10,,,0,65,,169245,10,,,0,25,,169265,10,,,0,65,,169277,10,,,0,25,,169283,10,,,0,25,,169260,10,,,0,65,,169272,10,,,0,25,,169254,10,,,0,65,,169247,10,,,0,25,,169266,10,,,0,65,,169279,10,,,0,25,,169285,10,,,0,25,,169261,10,,,0,65,,169273,10,,,0,25,,169252,10,,,0,65,,169249,10,,,0,25,,169267,10,,,0,25,,169280,10,,,0,65,,169286,10,,,0,24,,169262,10,,,0,65,,169274,10,,,0,25,,169256,10,,,0,65,,169250,10,,,0,25,,169268,10,,,0,25,,169282,10,,,0,69,,169287,10,,,0,30,,169275,10,,,0,68,,169255,10,,,0,30,,169248,10,,,0
101,'Sunday',535,,169300,10,,,0,67,,169313,10,,,0,25,,169288,10,,,0,25,,169307,10,,,0,66,,169320,10,,,0,25,,169325,10,,,0,65,,169301,10,,,0,25,,169312,10,,,0,26,,169294,10,,,0,65,,169289,10,,,0,25,,169305,10,,,0,65,,169318,10,,,0,25,,169326,10,,,0,65,,169302,10,,,0,25,,169314,10,,,0,25,,169295,10,,,0,65,,169291,10,,,0,25,,169308,10,,,0,65,,169322,10,,,0,25,,169327,10,,,0,25,,169303,10,,,0,65,,169315,10,,,0,25,,169296,10,,,0,65,,169290,10,,,0,25,,169309,10,,,0,65,,169321,10,,,0,25,,169329,10,,,0,25,,169304,10,,,0,65,,169316,10,,,0,25,,169297,10,,,0,65,,169292,10,,,0,25,,169310,10,,,0,25,,169323,10,,,0,65,,169328,10,,,0,24,,169306,10,,,0,65,,169317,10,,,0,25,,169298,10,,,0,65,,169293,10,,,0,25,,169311,10,,,0,25,,169324,10,,,0,69,,169330,10,,,0,30,,169319,10,,,0,68,,169299,10,,,0,30,,169331,10,0,43 44,0
101,'Weekday',439,,169333,10,,,0,17,,169337,10,,,0,56,,169341,10,,,0,16,,169345,10,,,0,16,,169349,10,,,0,57,,169332,10,,,0,16,,169335,10,,,0,16,,169340,10,,,0,16,,169344,10,,,0,56,,169348,10,,,0,16,,169353,10,,,0,16,,169334,10,,,0,16,,169338,10,,,0,56,,169342,10,,,0,16,,169346,10,,,0,16,,169350,10,,,0,59,,169357,10,,,0,19,,169358,10,,,0,19,,169359,10,,,0,19,,169360,10,,,0,60,,169361,10,,,0,19,,169362,10,,,0,19,,169363,10,,,0,59,,169364,10,,,0,19,,169365,10,,,0,19,,169366,10,,,0,59,,169367,10,,,0,19,,169368,10,,,0,19,,169369,10,,,0,59,,169370,10,,,0,19,,169371,10,,,0,19,,169372,10,,,0,59,,169373,10,,,0,19,,169375,10,,,0,19,,169376,10,,,0,59,,169377,10,,,0,19,,169374,10,,,0,16,,169378,10,,,0,16,,169379,10,,,0,56,,169380,10,,,0,17,,169381,10,,,0,15,,169356,10,,,0,16,,169354,10,,,0,56,,169336,10,,,0,16,,169339,10,,,0,16,,169343,10,,,0,56,,169347,10,,,0,16,,169351,10,,,0,16,,169352,10,,,0,21,,169382,10,,,0,61,,169383,10,,,0,21,,169384,10,,,0,21,,169385,10,,,0,61,,169386,10,,,0,21,,169387,10,,,0,20,,169388,10,,,0,61,,169389,10,,,0,21,,169390,10,,,0,61,,169391,10,,,0,21,,169392,10,,,0,21,,169393,10,,,0,61,,169394,10,,,0,21,,169395,10,,,0,21,,169396,10,,,0,61,,169397,10,,,0,21,,169398,10,,,0,21,,169355,10,,,0
101,'pB3Sep30-Saturday',535,,169412,10,,,0,67,,169424,10,,,0,25,,169401,10,,,0,25,,169418,10,,,0,66,,169431,10,,,0,25,,169436,10,,,0,65,,169413,10,,,0,25,,169426,10,,,0,25,,169406,10,,,0,66,,169399,10,,,0,25,,169419,10,,,0,65,,169433,10,,,0,25,,169439,10,,,0,65,,169414,10,,,0,25,,169425,10,,,0,25,,169408,10,,,0,65,,169400,10,,,0,25,,169420,10,,,0,65,,169432,10,,,0,25,,169438,10,,,0,25,,169415,10,,,0,65,,169427,10,,,0,25,,169409,10,,,0,65,,169402,10,,,0,25,,169421,10,,,0,65,,169434,10,,,0,25,,169440,10,,,0,25,,169416,10,,,0,65,,169428,10,,,0,25,,169407,10,,,0,65,,169404,10,,,0,25,,169422,10,,,0,25,,169435,10,,,0,65,,169441,10,,,0,24,,169417,10,,,0,65,,169429,10,,,0,25,,169411,10,,,0,65,,169405,10,,,0,25,,169423,10,,,0,25,,169437,10,,,0,69,,169442,10,,,0,30,,169430,10,,,0,68,,169410,10,,,0,30,,169403,10,,,0
8701,'Saturday',613,,186586,16,,,0,30,,186607,16,,,0,70,,186595,16,,,0,30,,186587,16,,,0,70,,186608,16,,,0,31,,186596,16,,,0,70,,186588,16,,,0,30,,186609,16,,,0,70,,186597,16,,,0,30,,186589,16,,,0,70,,186610,16,,,0,30,,186598,16,,,0,70,,186590,16,,,0,30,,186611,16,,,0,70,,186599,16,,,0,30,,186591,16,,,0,70,,186612,16,,,0,30,,186601,16,,,0,70,,186592,16,,,0,30,,186613,16,,,0,70,,186600,16,,,0,30,,186593,16,,,0,70,,186614,16,,,0,30,,186603,16,,,0,70,,186594,16,,,0,30,,186602,16,,,0,70,,186615,16,,,0,30,,186620,16,,,0,70,,186604,16,,,0,30,,186616,16,,,0,70,,186619,16,,,0,30,,186605,16,,,0,70,,186617,16,,,0,30,,186621,16,,,0,70,,186606,16,,,0,30,,186618,16,,,0,70,,186622,16,,,0
8701,'Sunday',613,,186623,16,,,0,30,,186648,16,,,0,70,,186636,16,,,0,30,,186624,16,,,0,70,,186649,16,,,0,31,,186637,16,,,0,70,,186625,16,,,0,30,,186650,16,,,0,70,,186638,16,,,0,30,,186626,16,,,0,70,,186651,16,,,0,30,,186639,16,,,0,70,,186627,16,,,0,30,,186652,16,,,0,70,,186641,16,,,0,30,,186628,16,,,0,70,,186653,16,,,0,30,,186640,16,,,0,70,,186629,16,,,0,30,,186654,16,,,0,70,,186642,16,,,0,30,,186630,16,,,0,70,,186655,16,,,0,30,,186643,16,,,0,70,,186631,16,,,0,30,,186656,16,,,0,70,,186644,16,,,0,30,,186632,16,,,0,70,,186657,16,,,0,30,,186645,16,,,0,70,,186633,16,,,0,30,,186658,16,,,0,70,,186646,16,,,0,30,,186634,16,,,0,70,,186659,16,,,0,30,,186647,16,,,0,70,,186635,16,,,0
8701,'Weekday',513,,186683,16,,,0,30,,186660,16,,,0,70,,186684,16,,,0,30,,186661,16,,,0,70,,186685,16,,,0,30,,186687,16,,,0,72,,186662,16,,,0,12,,186699,16,,,0,17,,186686,16,,,0,70,,186688,16,,,0,30,,186663,16,,,0,70,,186673,16,,,0,30,,186689,16,,,0,70,,186665,16,,,0,30,,186674,16,,,0,70,,186690,16,,,0,30,,186666,16,,,0,70,,186675,16,,,0,30,,186691,16,,,0,70,,186664,16,,,0,30,,186676,16,,,0,74,,186692,16,,,0,31,,186667,16,,,0,71,,186677,16,,,0,31,,186693,16,,,0,72,,186668,16,,,0,30,,186678,16,,,0,71,,186694,16,,,0,32,,186669,16,,,0,69,,186679,16,,,0,30,,186696,16,,,0,70,,186670,16,,,0,30,,186680,16,,,0,69,,186695,16,,,0,28,,186671,16,,,0,68,,186681,16,,,0,28,,186697,16,,,0,69,,186672,16,,,0,28,,186682,16,,,0,69,,186698,16,,,0
8701,'Weekday0000100',1457,,186700,16,,,0
8701,'Weekday1111000',1610,,186701,16,,,0
8701,'pB3Sep30-Saturday',613,,186702,16,,,0,30,,186723,16,,,0,70,,186711,16,,,0,30,,186703,16,,,0,70,,186724,16,,,0,31,,186712,16,,,0,70,,186704,16,,,0,30,,186725,16,,,0,70,,186713,16,,,0,30,,186705,16,,,0,70,,186726,16,,,0,30,,186714,16,,,0,70,,186706,16,,,0,30,,186727,16,,,0,70,,186715,16,,,0,30,,186707,16,,,0,70,,186728,16,,,0,30,,186717,16,,,0,70,,186708,16,,,0,30,,186729,16,,,0,70,,186716,16,,,0,30,,186709,16,,,0,70,,186730,16,,,0,30,,186719,16,,,0,70,,186710,16,,,0,30,,186718,16,,,0,70,,186731,16,,,0,30,,186736,16,,,0,70,,186720,16,,,0,30,,186732,16,,,0,70,,186735,16,,,0,30,,186721,16,,,0,70,,186733,16,,,0,30,,186737,16,,,0,70,,186722,16,,,0,30,,186734,16,,,0,70,,186738,16,,,0
44001,'Weekday',535,,200334,10,,,0,91,,200335,10,,,0,92,,200333,10,,,0,94,,200336,10,,,0,94,,200337,10,,,0,94,,200339,10,,,0,448,,200338,10,,,0,104,,200340,10,,,0,100,,200341,10,,,0,98,,200342,10,,,0,100,,200343,10,,,0,100,,200344,10,,,0
