11501,'Saturday',645,,191126,17,,,0,78,,191127,17,,,0,78,,191128,17,,,0,38,,191129,17,,,0,79,,191130,17,,,0,38,,191131,17,,,0,78,,191132,17,,,0,78,,191133,17,,,0,38,,191134,17,,,0,78,,191135,17,,,0,78,,191136,17,,,0,38,,191137,17,,,0,78,,191138,17,,,0,78,,191139,17,,,0,38,,191140,17,,,0,78,,191141,17,,,0,38,,191144,17,,,0,78,,191145,17,,,0,78,,191142,17,,,0,38,,191143,17,,,0,77,,191148,17,,,0,78,,191146,17,,,0,38,,191147,17,,,0,78,,191149,17,,,0,38,,191150,17,,,0,78,,191151,17,,,0,78,,191152,17,,,0
11501,'Sunday',645,,191153,17,,,0,78,,191154,17,,,0,78,,191155,17,,,0,38,,191156,17,,,0,79,,191157,17,,,0,38,,191158,17,,,0,78,,191159,17,,,0,78,,191160,17,,,0,38,,191161,17,,,0,78,,191162,17,,,0,78,,191163,17,,,0,38,,191164,17,,,0,78,,191165,17,,,0,78,,191166,17,,,0,38,,191167,17,,,0,78,,191168,17,,,0,38,,191171,17,,,0,78,,191172,17,,,0,78,,191169,17,,,0,38,,191170,17,,,0,77,,191175,17,,,0,78,,191173,17,,,0,38,,191174,17,,,0,78,,191176,17,,,0,38,,191177,17,,,0,78,,191178,17,,,0,78,,191179,17,,,0
11501,'Weekday',545,,191180,17,,,0,75,,191186,17,,,0,21,,191209,17,,,0,61,,191194,17,,,0,21,,191200,17,,,0,21,,191208,17,,,0,61,,191181,17,,,0,21,,191187,17,,,0,21,,191210,17,,,0,60,,191195,17,,,0,30,,191201,17,,,0,72,,191182,17,,,0,32,,191188,17,,,0,72,,191196,17,,,0,32,,191202,17,,,0,72,,191183,17,,,0,32,,191189,17,,,0,72,,191197,17,,,0,37,,191203,17,,,0,67,,191184,17,,,0,75,,191190,17,,,0,21,,191214,17,,,0,21,,191198,17,,,0,61,,191204,17,,,0,21,,191211,17,,,0,21,,191185,17,,,0,61,,191191,17,,,0,21,,191215,17,,,0,21,,191199,17,,,0,61,,191205,17,,,0,32,,191212,17,,,0,70,,191192,17,,,0,31,,191216,17,,,0,72,,191206,17,,,0,32,,191213,17,,,0,72,,191193,17,,,0,32,,191217,17,,,0,67,,191207,17,,,0
11501,'pB3Sep30-Saturday',645,,191218,17,,,0,78,,191219,17,,,0,78,,191220,17,,,0,38,,191221,17,,,0,79,,191222,17,,,0,38,,191223,17,,,0,78,,191224,17,,,0,78,,191225,17,,,0,38,,191226,17,,,0,78,,191227,17,,,0,78,,191228,17,,,0,38,,191229,17,,,0,78,,191230,17,,,0,78,,191231,17,,,0,38,,191232,17,,,0,78,,191233,17,,,0,38,,191236,17,,,0,78,,191237,17,,,0,78,,191234,17,,,0,38,,191235,17,,,0,77,,191240,17,,,0,78,,191238,17,,,0,38,,191239,17,,,0,78,,191241,17,,,0,38,,191242,17,,,0,78,,191243,17,,,0,78,,191244,17,,,0
12400,'Saturday',705,,191544,1,,,0,25,,191563,1,,,0,25,,191543,1,,,0,65,,191564,1,,,0,25,,191545,1,,,0,65,,191566,1,,,0,25,,191546,1,,,0,65,,191565,1,,,0,25,,191547,1,,,0,25,,191568,1,,,0,65,,191548,1,,,0,25,,191567,1,,,0,65,,191549,1,,,0,25,,191569,1,,,0,25,,191550,1,,,0,65,,191570,1,,,0,25,,191551,1,,,0,65,,191571,1,,,0,25,,191552,1,,,0,65,,191573,1,,,0,25,,191553,1,,,0,25,,191572,1,,,0,65,,191555,1,,,0,25,,191574,1,,,0,65,,191554,1,,,0,25,,191575,1,,,0,25,,191556,1,,,0,65,,191576,1,,,0,25,,191557,1,,,0,65,,191577,1,,,0,25,,191558,1,,,0,65,,191578,1,,,0,25,,191559,1,,,0,25,,191579,1,,,0,65,,191560,1,,,0,25,,191580,1,,,0,65,,191561,1,,,0,25,,191581,1,,,0,25,,191562,1,,,0,65,,191582,1,,,0
12400,'Sunday',705,,191584,1,,,0,25,,191603,1,,,0,25,,191583,1,,,0,65,,191605,1,,,0,25,,191585,1,,,0,65,,191604,1,,,0,25,,191586,1,,,0,65,,191606,1,,,0,25,,191587,1,,,0,25,,191607,1,,,0,65,,191588,1,,,0,25,,191608,1,,,0,65,,191590,1,,,0,25,,191609,1,,,0,25,,191589,1,,,0,65,,191610,1,,,0,25,,191591,1,,,0,65,,191611,1,,,0,25,,191592,1,,,0,65,,191612,1,,,0,25,,191593,1,,,0,25,,191613,1,,,0,65,,191594,1,,,0,25,,191614,1,,,0,65,,191595,1,,,0,25,,191615,1,,,0,25,,191596,1,,,0,65,,191616,1,,,0,25,,191597,1,,,0,65,,191617,1,,,0,25,,191599,1,,,0,65,,191618,1,,,0,25,,191598,1,,,0,25,,191619,1,,,0,65,,191600,1,,,0,25,,191620,1,,,0,65,,191601,1,,,0,25,,191621,1,,,0,25,,191602,1,,,0,65,,191622,1,,,0
12400,'Weekday',542,,191627,1,,,0,12,,191631,1,,,0,52,,191653,1,,,0,12,,191655,1,,,0,12,,191658,1,,,0,12,,191628,1,,,0,13,,191632,1,,,0,52,,191652,1,,,0,12,,191656,1,,,0,12,,191659,1,,,0,13,,191629,1,,,0,12,,191633,1,,,0,52,,191654,1,,,0,6,,191686,1,,,0,6,,191657,1,,,0,12,,191660,1,,,0,12,,191630,1,,,0,12,,191634,1,,,0,65,,191661,1,,,0,28,,191635,1,,,0,66,,191662,1,,,0,28,,191636,1,,,0,68,,191663,1,,,0,28,,191637,1,,,0,68,,191664,1,,,0,28,,191638,1,,,0,68,,191665,1,,,0,28,,191639,1,,,0,28,,191666,1,,,0,68,,191640,1,,,0,12,,191688,1,,,0,14,,191667,1,,,0,53,,191687,1,,,0,12,,191683,1,,,0,12,,191641,1,,,0,12,,191623,1,,,0,12,,191668,1,,,0,52,,191679,1,,,0,12,,191682,1,,,0,12,,191642,1,,,0,12,,191624,1,,,0,12,,191669,1,,,0,52,,191680,1,,,0,12,,191684,1,,,0,12,,191643,1,,,0,12,,191625,1,,,0,14,,191670,1,,,0,50,,191681,1,,,0,12,,191685,1,,,0,12,,191644,1,,,0,12,,191626,1,,,0,11,,191671,1,,,0,68,,191645,1,,,0,28,,191672,1,,,0,68,,191646,1,,,0,28,,191673,1,,,0,68,,191648,1,,,0,28,,191674,1,,,0,68,,191647,1,,,0,28,,191675,1,,,0,68,,191649,1,,,0,28,,191676,1,,,0,68,,191650,1,,,0,28,,191677,1,,,0,28,,191651,1,,,0,68,,191678,1,,,0
12400,'pB3Sep30-Saturday',705,,191690,1,,,0,25,,191709,1,,,0,25,,191689,1,,,0,65,,191710,1,,,0,25,,191691,1,,,0,65,,191712,1,,,0,25,,191692,1,,,0,65,,191711,1,,,0,25,,191693,1,,,0,25,,191714,1,,,0,65,,191694,1,,,0,25,,191713,1,,,0,65,,191695,1,,,0,25,,191715,1,,,0,25,,191696,1,,,0,65,,191716,1,,,0,25,,191697,1,,,0,65,,191717,1,,,0,25,,191698,1,,,0,65,,191719,1,,,0,25,,191699,1,,,0,25,,191718,1,,,0,65,,191701,1,,,0,25,,191720,1,,,0,65,,191700,1,,,0,25,,191721,1,,,0,25,,191702,1,,,0,65,,191722,1,,,0,25,,191703,1,,,0,65,,191723,1,,,0,25,,191704,1,,,0,65,,191724,1,,,0,25,,191705,1,,,0,25,,191725,1,,,0,65,,191706,1,,,0,25,,191726,1,,,0,65,,191707,1,,,0,25,,191727,1,,,0,25,,191708,1,,,0,65,,191728,1,,,0
12401,'Saturday',703,,191729,21,4,,0,25,,191749,21,4,,0,25,,191731,21,4,,0,65,,191750,21,4,,0,25,,191730,21,4,,0,65,,191751,21,4,,0,25,,191732,21,4,,0,25,,191752,21,4,,0,65,,191733,21,4,,0,25,,191753,21,4,,0,65,,191734,21,4,,0,25,,191754,21,4,,0,65,,191735,21,4,,0,25,,191755,21,4,,0,25,,191736,21,4,,0,65,,191756,21,4,,0,25,,191737,21,4,,0,65,,191757,21,4,,0,25,,191739,21,4,,0,25,,191759,21,4,,0,65,,191738,21,4,,0,25,,191760,21,4,,0,65,,191740,21,4,,0,25,,191758,21,4,,0,65,,191741,21,4,,0,25,,191762,21,4,,0,25,,191742,21,4,,0,65,,191761,21,4,,0,25,,191743,21,4,,0,64,,191763,21,4,,0,25,,191745,21,4,,0,25,,191764,21,4,,0,65,,191744,21,4,,0,25,,191765,21,4,,0,65,,191746,21,4,,0,25,,191766,21,4,,0,65,,191747,21,4,,0,25,,191767,21,4,,0,25,,191748,21,4,,0,65,,191768,21,4,,0
12401,'Sunday',703,,191770,21,4,,0,25,,191789,21,4,,0,25,,191769,21,4,,0,65,,191790,21,4,,0,25,,191772,21,4,,0,65,,191792,21,4,,0,25,,191771,21,4,,0,25,,191793,21,4,,0,65,,191773,21,4,,0,25,,191791,21,4,,0,65,,191774,21,4,,0,25,,191794,21,4,,0,65,,191775,21,4,,0,25,,191795,21,4,,0,25,,191776,21,4,,0,65,,191796,21,4,,0,25,,191777,21,4,,0,65,,191797,21,4,,0,25,,191778,21,4,,0,25,,191798,21,4,,0,65,,191779,21,4,,0,25,,191799,21,4,,0,65,,191780,21,4,,0,25,,191800,21,4,,0,65,,191781,21,4,,0,25,,191802,21,4,,0,25,,191782,21,4,,0,65,,191801,21,4,,0,25,,191783,21,4,,0,64,,191804,21,4,,0,25,,191785,21,4,,0,25,,191805,21,4,,0,65,,191786,21,4,,0,25,,191803,21,4,,0,65,,191784,21,4,,0,25,,191806,21,4,,0,65,,191787,21,4,,0,25,,191807,21,4,,0,25,,191788,21,4,,0,65,,191808,21,4,,0
12401,'Weekday',542,,191813,21,4,,0,12,,191817,21,4,,0,52,,191838,21,4,,0,12,,191841,21,4,,0,12,,191844,21,4,,0,12,,191814,21,4,,0,13,,191818,21,4,,0,52,,191839,21,4,,0,12,,191842,21,4,,0,12,,191845,21,4,,0,13,,191815,21,4,,0,12,,191819,21,4,,0,52,,191840,21,4,,0,6,,191872,21,4,,0,6,,191843,21,4,,0,12,,191846,21,4,,0,12,,191816,21,4,,0,12,,191820,21,4,,0,64,,191847,21,4,,0,28,,191821,21,4,,0,66,,191848,21,4,,0,28,,191822,21,4,,0,68,,191849,21,4,,0,28,,191823,21,4,,0,68,,191850,21,4,,0,28,,191824,21,4,,0,68,,191851,21,4,,0,28,,191825,21,4,,0,28,,191852,21,4,,0,68,,191826,21,4,,0,12,,191874,21,4,,0,15,,191853,21,4,,0,53,,191873,21,4,,0,12,,191867,21,4,,0,12,,191827,21,4,,0,12,,191809,21,4,,0,12,,191854,21,4,,0,52,,191865,21,4,,0,12,,191869,21,4,,0,12,,191828,21,4,,0,12,,191810,21,4,,0,12,,191855,21,4,,0,52,,191866,21,4,,0,12,,191870,21,4,,0,12,,191829,21,4,,0,12,,191811,21,4,,0,12,,191856,21,4,,0,52,,191868,21,4,,0,12,,191871,21,4,,0,12,,191830,21,4,,0,11,,191812,21,4,,0,9,,191857,21,4,,0,71,,191831,21,4,,0,28,,191858,21,4,,0,68,,191833,21,4,,0,28,,191859,21,4,,0,67,,191832,21,4,,0,28,,191860,21,4,,0,68,,191834,21,4,,0,28,,191861,21,4,,0,68,,191835,21,4,,0,28,,191862,21,4,,0,68,,191836,21,4,,0,28,,191863,21,4,,0,28,,191837,21,4,,0,68,,191864,21,4,,0
12401,'pB3Sep30-Saturday',703,,191875,21,4,,0,25,,191895,21,4,,0,25,,191877,21,4,,0,65,,191896,21,4,,0,25,,191876,21,4,,0,65,,191897,21,4,,0,25,,191878,21,4,,0,25,,191898,21,4,,0,65,,191879,21,4,,0,25,,191899,21,4,,0,65,,191880,21,4,,0,25,,191900,21,4,,0,65,,191881,21,4,,0,25,,191901,21,4,,0,25,,191882,21,4,,0,65,,191902,21,4,,0,25,,191883,21,4,,0,65,,191903,21,4,,0,25,,191885,21,4,,0,25,,191905,21,4,,0,65,,191884,21,4,,0,25,,191906,21,4,,0,65,,191886,21,4,,0,25,,191904,21,4,,0,65,,191887,21,4,,0,25,,191908,21,4,,0,25,,191888,21,4,,0,65,,191907,21,4,,0,25,,191889,21,4,,0,64,,191909,21,4,,0,25,,191891,21,4,,0,25,,191910,21,4,,0,65,,191890,21,4,,0,25,,191911,21,4,,0,65,,191892,21,4,,0,25,,191912,21,4,,0,65,,191893,21,4,,0,25,,191913,21,4,,0,25,,191894,21,4,,0,65,,191914,21,4,,0
73400,'Weekday0000100',1355,,201052,2,4,,0
73400,'Weekday1111000',1621,,201054,2,4,,0
73401,'Weekday',828,,201056,21,0,58 100,0
73600,'Weekday0000100',1355,,201057,2,4,,0
73600,'Weekday1111000',1621,,201058,2,4,,0
73601,'Weekday',828,,201059,12,0,99 58 1 100,0
84400,'Weekday0000100',1445,,201272,3,4,,0
84400,'Weekday1111000',1555,,201273,3,4,,0
