5400,'Saturday',633,,180365,3,,,0,85,,180366,3,,,0,85,,180367,3,,,0,45,,180368,3,,,0,85,,180369,3,,,0,85,,180370,3,,,0,85,,180373,3,,,0,45,,180374,3,,,0,85,,180375,3,,,0,85,,180371,3,,,0,85,,180372,3,,,0,45,,180376,3,,,0,85,,180377,3,,,0,85,,180380,3,,,0,85,,180381,3,,,0,45,,180382,3,,,0,85,,180378,3,,,0,85,,180379,3,,,0,85,,180383,3,,,0,45,,180384,3,,,0,85,,180385,3,,,0,85,,180386,3,,,0,85,,180387,3,,,0
5400,'Sunday',633,,180389,3,,,0,85,,180390,3,,,0,85,,180392,3,,,0,45,,180393,3,,,0,85,,180394,3,,,0,85,,180391,3,,,0,85,,180396,3,,,0,45,,180398,3,,,0,85,,180399,3,,,0,85,,180397,3,,,0,85,,180400,3,,,0,45,,180395,3,,,0,85,,180402,3,,,0,85,,180404,3,,,0,85,,180405,3,,,0,45,,180403,3,,,0,85,,180407,3,,,0,85,,180401,3,,,0,85,,180406,3,,,0,45,,180408,3,,,0,85,,180409,3,,,0,85,,180410,3,,,0,85,,180411,3,,,0
5400,'Weekday',506,,180431,3,,,0,37,,180421,3,,,0,70,,180413,3,,,0,30,,180432,3,,,0,70,,180441,3,,,0,30,,180422,3,,,0,70,,180412,3,,,0,30,,180433,3,,,0,70,,180442,3,,,0,30,,180423,3,,,0,70,,180414,3,,,0,30,,180434,3,,,0,70,,180443,3,,,0,30,,180424,3,,,0,70,,180415,3,,,0,30,,180435,3,,,0,70,,180444,3,,,0,30,,180425,3,,,0,70,,180417,3,,,0,30,,180436,3,,,0,70,,180445,3,,,0,31,,180426,3,,,0,70,,180416,3,,,0,30,,180437,3,,,0,70,,180446,3,,,0,29,,180427,3,,,0,70,,180418,3,,,0,30,,180439,3,,,0,70,,180447,3,,,0,31,,180428,3,,,0,70,,180419,3,,,0,30,,180438,3,,,0,70,,180448,3,,,0,29,,180429,3,,,0,70,,180420,3,,,0,30,,180440,3,,,0,70,,180449,3,,,0,31,,180430,3,,,0
5400,'pB3Sep30-Saturday',633,,180451,3,,,0,85,,180452,3,,,0,85,,180453,3,,,0,45,,180454,3,,,0,85,,180455,3,,,0,85,,180456,3,,,0,85,,180459,3,,,0,45,,180460,3,,,0,85,,180461,3,,,0,85,,180457,3,,,0,85,,180458,3,,,0,45,,180462,3,,,0,85,,180463,3,,,0,85,,180466,3,,,0,85,,180467,3,,,0,45,,180468,3,,,0,85,,180464,3,,,0,85,,180465,3,,,0,85,,180469,3,,,0,45,,180470,3,,,0,85,,180471,3,,,0,85,,180472,3,,,0,85,,180473,3,,,0
12900,'Saturday',702,,192590,3,,,0,40,,192607,3,,,0,80,,192599,3,,,0,80,,192591,3,,,0,40,,192608,3,,,0,80,,192600,3,,,0,80,,192592,3,,,0,40,,192609,3,,,0,80,,192601,3,,,0,80,,192593,3,,,0,40,,192610,3,,,0,80,,192602,3,,,0,80,,192595,3,,,0,40,,192612,3,,,0,80,,192603,3,,,0,80,,192594,3,,,0,40,,192611,3,,,0,80,,192604,3,,,0,80,,192596,3,,,0,40,,192613,3,,,0,83,,192605,3,,,0,77,,192597,3,,,0,40,,192614,3,,,0,80,,192606,3,,,0,80,,192598,3,,,0,43,,192615,3,,,0
12900,'Sunday',702,,192616,3,,,0,40,,192633,3,,,0,80,,192625,3,,,0,80,,192617,3,,,0,40,,192635,3,,,0,80,,192626,3,,,0,80,,192618,3,,,0,40,,192634,3,,,0,80,,192627,3,,,0,80,,192619,3,,,0,40,,192636,3,,,0,80,,192628,3,,,0,80,,192620,3,,,0,40,,192638,3,,,0,80,,192629,3,,,0,80,,192621,3,,,0,40,,192637,3,,,0,80,,192630,3,,,0,80,,192622,3,,,0,40,,192639,3,,,0,83,,192631,3,,,0,77,,192623,3,,,0,40,,192640,3,,,0,80,,192632,3,,,0,80,,192624,3,,,0,43,,192641,3,,,0
12900,'Weekday',552,,192649,3,,,0,67,,192643,3,,,0,31,,192661,3,,,0,70,,192667,3,,,0,30,,192650,3,,,0,70,,192644,3,,,0,30,,192662,3,,,0,70,,192668,3,,,0,30,,192651,3,,,0,70,,192645,3,,,0,30,,192663,3,,,0,70,,192669,3,,,0,30,,192652,3,,,0,70,,192646,3,,,0,30,,192664,3,,,0,70,,192670,3,,,0,30,,192653,3,,,0,73,,192647,3,,,0,27,,192665,3,,,0,62,,192671,3,,,0,36,,192654,3,,,0,56,,192678,3,,,0,15,,192648,3,,,0,30,,192666,3,,,0,69,,192672,3,,,0,30,,192655,3,,,0,72,,192673,3,,,0,30,,192656,3,,,0,70,,192674,3,,,0,30,,192642,3,,,0,70,,192675,3,,,0,29,,192657,3,,,0,70,,192676,3,,,0,30,,192658,3,,,0,70,,192677,3,,,0,30,,192659,3,,,0,100,,192660,3,,,0
12900,'pB3Sep30-Saturday',702,,192679,3,,,0,40,,192696,3,,,0,80,,192688,3,,,0,80,,192680,3,,,0,40,,192697,3,,,0,80,,192689,3,,,0,80,,192681,3,,,0,40,,192698,3,,,0,80,,192690,3,,,0,80,,192682,3,,,0,40,,192699,3,,,0,80,,192691,3,,,0,80,,192684,3,,,0,40,,192701,3,,,0,80,,192692,3,,,0,80,,192683,3,,,0,40,,192700,3,,,0,80,,192693,3,,,0,80,,192685,3,,,0,40,,192702,3,,,0,83,,192694,3,,,0,77,,192686,3,,,0,40,,192703,3,,,0,80,,192695,3,,,0,80,,192687,3,,,0,43,,192704,3,,,0
15400,'Saturday',635,,194936,3,,,0,85,,194940,3,,,0,85,,194938,3,,,0,45,,194939,3,,,0,85,,194941,3,,,0,85,,194942,3,,,0,85,,194944,3,,,0,45,,194946,3,,,0,86,,194947,3,,,0,85,,194948,3,,,0,85,,194945,3,,,0,45,,194950,3,,,0,85,,194951,3,,,0,85,,194952,3,,,0,85,,194953,3,,,0,45,,194943,3,,,0,85,,194954,3,,,0,85,,194955,3,,,0,85,,194949,3,,,0
15400,'Sunday',635,,194957,3,,,0,85,,194958,3,,,0,85,,194959,3,,,0,45,,194960,3,,,0,85,,194961,3,,,0,85,,194962,3,,,0,85,,194963,3,,,0,45,,194965,3,,,0,86,,194966,3,,,0,85,,194967,3,,,0,85,,194964,3,,,0,45,,194968,3,,,0,85,,194969,3,,,0,85,,194970,3,,,0,85,,194971,3,,,0,45,,194972,3,,,0,85,,194973,3,,,0,85,,194974,3,,,0,85,,194975,3,,,0
15400,'Weekday',533,,194976,3,,,0,70,,194995,3,,,0,30,,195004,3,,,0,70,,194986,3,,,0,30,,194978,3,,,0,70,,194997,3,,,0,30,,195007,3,,,0,70,,194987,3,,,0,30,,194977,3,,,0,70,,194996,3,,,0,30,,195008,3,,,0,70,,194988,3,,,0,30,,194979,3,,,0,70,,194998,3,,,0,30,,195009,3,,,0,70,,194989,3,,,0,30,,194980,3,,,0,70,,195000,3,,,0,30,,195010,3,,,0,71,,194990,3,,,0,31,,194981,3,,,0,70,,194999,3,,,0,30,,195011,3,,,0,72,,194991,3,,,0,30,,194982,3,,,0,70,,195001,3,,,0,29,,195012,3,,,0,68,,194992,3,,,0,30,,194983,3,,,0,70,,195003,3,,,0,30,,195013,3,,,0,72,,194993,3,,,0,30,,194984,3,,,0,70,,195002,3,,,0,30,,195014,3,,,0,68,,194994,3,,,0,30,,194985,3,,,0,70,,195005,3,,,0,30,,195015,3,,,0
15400,'pB3Sep30-Saturday',635,,195016,3,,,0,85,,195020,3,,,0,85,,195018,3,,,0,45,,195019,3,,,0,85,,195021,3,,,0,85,,195023,3,,,0,85,,195025,3,,,0,45,,195026,3,,,0,86,,195027,3,,,0,85,,195028,3,,,0,85,,195022,3,,,0,45,,195030,3,,,0,85,,195031,3,,,0,85,,195032,3,,,0,85,,195033,3,,,0,45,,195024,3,,,0,85,,195034,3,,,0,85,,195035,3,,,0,85,,195029,3,,,0
