5400,'Saturday',607,,180364,23,,,0,48,,180365,31,,,0,85,,180366,31,,,0,85,,180367,31,,,0,85,,180368,31,,,0,45,,180369,31,,,0,85,,180370,31,,,0,85,,180373,31,,,0,85,,180374,31,,,0,45,,180375,31,,,0,85,,180371,31,,,0,85,,180372,31,,,0,85,,180376,31,,,0,45,,180377,31,,,0,85,,180380,31,,,0,85,,180381,31,,,0,85,,180382,31,,,0,45,,180378,31,,,0,85,,180379,31,,,0,85,,180383,31,,,0,85,,180384,31,,,0,45,,180385,31,,,0,85,,180386,31,,,0,85,,180387,31,,,0
5400,'Sunday',607,,180388,23,,,0,48,,180389,31,,,0,85,,180390,31,,,0,85,,180392,31,,,0,85,,180393,31,,,0,45,,180394,31,,,0,85,,180391,31,,,0,85,,180396,31,,,0,85,,180398,31,,,0,45,,180399,31,,,0,85,,180397,31,,,0,85,,180400,31,,,0,85,,180395,31,,,0,45,,180402,31,,,0,85,,180404,31,,,0,85,,180405,31,,,0,85,,180403,31,,,0,45,,180407,31,,,0,85,,180401,31,,,0,85,,180406,31,,,0,85,,180408,31,,,0,45,,180409,31,,,0,85,,180410,31,,,0,85,,180411,31,,,0
5400,'Weekday',530,,180431,31,,,0,77,,180421,31,,,0,30,,180413,31,,,0,70,,180432,31,,,0,30,,180441,31,,,0,70,,180422,31,,,0,30,,180412,31,,,0,70,,180433,31,,,0,30,,180442,31,,,0,70,,180423,31,,,0,30,,180414,31,,,0,70,,180434,31,,,0,30,,180443,31,,,0,70,,180424,31,,,0,30,,180415,31,,,0,70,,180435,31,,,0,30,,180444,31,,,0,70,,180425,31,,,0,30,,180417,31,,,0,70,,180436,31,,,0,31,,180445,31,,,0,71,,180426,31,,,0,30,,180416,31,,,0,70,,180437,31,,,0,30,,180446,31,,,0,68,,180427,31,,,0,29,,180418,31,,,0,70,,180439,31,,,0,30,,180447,31,,,0,71,,180428,31,,,0,30,,180419,31,,,0,70,,180438,31,,,0,30,,180448,31,,,0,69,,180429,31,,,0,30,,180420,31,,,0,70,,180440,31,,,0,30,,180449,31,,,0,71,,180430,31,,,0
5400,'pB3Sep30-Saturday',607,,180450,23,,,0,48,,180451,31,,,0,85,,180452,31,,,0,85,,180453,31,,,0,85,,180454,31,,,0,45,,180455,31,,,0,85,,180456,31,,,0,85,,180459,31,,,0,85,,180460,31,,,0,45,,180461,31,,,0,85,,180457,31,,,0,85,,180458,31,,,0,85,,180462,31,,,0,45,,180463,31,,,0,85,,180466,31,,,0,85,,180467,31,,,0,85,,180468,31,,,0,45,,180464,31,,,0,85,,180465,31,,,0,85,,180469,31,,,0,85,,180470,31,,,0,45,,180471,31,,,0,85,,180472,31,,,0,85,,180473,31,,,0
12901,'Saturday',712,,192714,18,,,0,43,,192705,18,,,0,80,,192723,18,,,0,80,,192715,18,,,0,40,,192706,18,,,0,80,,192724,18,,,0,80,,192716,18,,,0,40,,192707,18,,,0,80,,192725,18,,,0,80,,192717,18,,,0,40,,192708,18,,,0,80,,192726,18,,,0,80,,192718,18,,,0,40,,192709,18,,,0,80,,192727,18,,,0,80,,192720,18,,,0,40,,192710,18,,,0,80,,192728,18,,,0,80,,192719,18,,,0,40,,192711,18,,,0,80,,192729,18,,,0,83,,192721,18,,,0,37,,192713,18,,,0,80,,192730,18,,,0,80,,192722,18,,,0,40,,192712,18,,,0
12901,'Sunday',712,,192740,18,,,0,43,,192731,18,,,0,80,,192749,18,,,0,80,,192741,18,,,0,40,,192732,18,,,0,80,,192750,18,,,0,80,,192742,18,,,0,40,,192733,18,,,0,80,,192751,18,,,0,80,,192743,18,,,0,40,,192734,18,,,0,80,,192752,18,,,0,80,,192744,18,,,0,40,,192735,18,,,0,80,,192754,18,,,0,80,,192745,18,,,0,40,,192736,18,,,0,80,,192753,18,,,0,80,,192746,18,,,0,40,,192737,18,,,0,80,,192755,18,,,0,83,,192747,18,,,0,37,,192738,18,,,0,80,,192756,18,,,0,80,,192748,18,,,0,40,,192739,18,,,0
12901,'Weekday',543,,192776,18,,,0,66,,192783,18,,,0,32,,192764,18,,,0,72,,192758,18,,,0,30,,192777,18,,,0,67,,192795,18,,,0,36,,192765,18,,,0,55,,192757,18,,,0,12,,192759,18,,,0,28,,192778,18,,,0,70,,192784,18,,,0,30,,192766,18,,,0,70,,192760,18,,,0,30,,192779,18,,,0,70,,192785,18,,,0,30,,192768,18,,,0,70,,192761,18,,,0,30,,192780,18,,,0,70,,192786,18,,,0,30,,192767,18,,,0,72,,192762,18,,,0,28,,192781,18,,,0,69,,192787,18,,,0,31,,192769,18,,,0,16,,192794,18,,,0,57,,192763,18,,,0,30,,192782,18,,,0,63,,192788,18,,,0,30,,192770,18,,,0,70,,192789,18,,,0,30,,192771,18,,,0,68,,192790,18,,,0,30,,192772,18,,,0,70,,192791,18,,,0,30,,192773,18,,,0,70,,192792,18,,,0,30,,192774,18,,,0,70,,192793,18,,,0,30,,192775,18,,,0
12901,'pB3Sep30-Saturday',712,,192805,18,,,0,43,,192796,18,,,0,80,,192814,18,,,0,80,,192806,18,,,0,40,,192797,18,,,0,80,,192815,18,,,0,80,,192807,18,,,0,40,,192798,18,,,0,80,,192816,18,,,0,80,,192808,18,,,0,40,,192799,18,,,0,80,,192817,18,,,0,80,,192809,18,,,0,40,,192800,18,,,0,80,,192818,18,,,0,80,,192811,18,,,0,40,,192801,18,,,0,80,,192819,18,,,0,80,,192810,18,,,0,40,,192802,18,,,0,80,,192820,18,,,0,83,,192812,18,,,0,37,,192804,18,,,0,80,,192821,18,,,0,80,,192813,18,,,0,40,,192803,18,,,0
70401,'Weekday',737,,200964,11,0,130 189 190,0,1,,200965,11,0,130 189 190,0
81801,'Weekday',824,,201239,30,0,12 13 14 15 16,0
