2000,'Saturday',700,,173787,44,,,0,26,,173806,44,,,0,26,,173793,44,,,0,66,,173799,44,,,0,26,,173814,44,,,0,67,,173819,44,,,0,27,,173788,44,,,0,67,,173807,44,,,0,27,,173794,44,,,0,27,,173801,44,,,0,67,,173813,44,,,0,27,,173820,44,,,0,67,,173786,44,,,0,27,,173808,44,,,0,67,,173795,44,,,0,27,,173802,44,,,0,67,,173815,44,,,0,27,,173821,44,,,0,67,,173789,44,,,0,27,,173809,44,,,0,27,,173796,44,,,0,67,,173803,44,,,0,27,,173816,44,,,0,67,,173822,44,,,0,27,,173790,44,,,0,67,,173810,44,,,0,27,,173797,44,,,0,67,,173804,44,,,0,27,,173818,44,,,0,27,,173823,44,,,0,65,,173792,44,,,0,26,,173811,44,,,0,66,,173798,44,,,0,26,,173805,44,,,0,66,,173817,44,,,0,26,,173824,44,,,0,66,,173791,44,,,0,24,,173812,44,,,0,26,,173826,44,,,0,65,,173825,44,,,0,26,,173800,44,,,0
2000,'Sunday',700,,173827,44,,,0,26,,173846,44,,,0,26,,173835,44,,,0,66,,173840,44,,,0,26,,173853,44,,,0,67,,173860,44,,,0,27,,173828,44,,,0,67,,173847,44,,,0,27,,173836,44,,,0,27,,173841,44,,,0,67,,173854,44,,,0,27,,173859,44,,,0,67,,173829,44,,,0,27,,173848,44,,,0,67,,173837,44,,,0,27,,173842,44,,,0,67,,173855,44,,,0,27,,173861,44,,,0,67,,173830,44,,,0,27,,173849,44,,,0,27,,173838,44,,,0,67,,173843,44,,,0,27,,173856,44,,,0,67,,173863,44,,,0,27,,173831,44,,,0,67,,173850,44,,,0,27,,173834,44,,,0,67,,173844,44,,,0,27,,173857,44,,,0,27,,173862,44,,,0,65,,173833,44,,,0,26,,173851,44,,,0,66,,173839,44,,,0,26,,173845,44,,,0,66,,173858,44,,,0,26,,173864,44,,,0,66,,173832,44,,,0,24,,173866,44,,,0,26,,173865,44,,,0,64,,173852,44,,,0
2000,'Weekday',525,,173867,29,,,0,25,,173877,29,,,0,66,,173881,44,,,0,30,,173895,44,,,0,66,,173889,44,,,0,16,,173901,44,,,0,14,,173875,44,,,0,14,,173903,44,,,0,54,,173868,44,,,0,14,,173905,44,,,0,13,,173876,44,,,0,14,,173900,44,,,0,53,,173882,44,,,0,14,,173902,44,,,0,12,,173893,44,,,0,14,,173904,44,,,0,14,,173891,44,,,0,68,,173906,44,,,0,28,,173869,44,,,0,68,,173878,44,,,0,28,,173883,44,,,0,68,,173896,44,,,0,28,,173890,44,,,0,68,,173907,44,,,0,28,,173870,44,,,0,68,,173879,44,,,0,25,,173884,44,,,0,71,,173897,44,,,0,30,,173892,44,,,0,3,,173912,29,,,0,20,,173917,29,,,0,45,,173908,44,,,0,14,,173915,44,,,0,14,,173871,44,,,0,14,,173923,44,,,0,54,,173880,44,,,0,14,,173926,44,,,0,14,,173886,44,,,0,13,,173913,44,,,0,12,,173918,44,,,0,54,,173898,44,,,0,14,,173894,44,,,0,13,,173914,44,,,0,12,,173909,44,,,0,54,,173916,44,,,0,14,,173872,44,,,0,13,,173922,44,,,0,28,,173885,44,,,0,68,,173919,44,,,0,28,,173899,44,,,0,68,,173910,44,,,0,28,,173873,44,,,0,68,,173924,44,,,0,28,,173887,44,,,0,75,,173920,44,,,0,27,,173911,44,,,0,70,,173874,44,,,0,30,,173925,44,,,0,70,,173888,44,,,0
2000,'Weekday0000100',1500,,173927,29,,,0
2000,'pB3Sep30-Saturday',700,,173929,44,,,0,26,,173948,44,,,0,26,,173935,44,,,0,66,,173941,44,,,0,26,,173956,44,,,0,67,,173961,44,,,0,27,,173930,44,,,0,67,,173949,44,,,0,27,,173936,44,,,0,27,,173943,44,,,0,67,,173955,44,,,0,27,,173962,44,,,0,67,,173928,44,,,0,27,,173950,44,,,0,67,,173937,44,,,0,27,,173944,44,,,0,67,,173957,44,,,0,27,,173963,44,,,0,67,,173931,44,,,0,27,,173951,44,,,0,27,,173938,44,,,0,67,,173945,44,,,0,27,,173958,44,,,0,67,,173964,44,,,0,27,,173932,44,,,0,67,,173952,44,,,0,27,,173939,44,,,0,67,,173946,44,,,0,27,,173960,44,,,0,27,,173965,44,,,0,65,,173934,44,,,0,26,,173953,44,,,0,66,,173940,44,,,0,26,,173947,44,,,0,66,,173959,44,,,0,26,,173966,44,,,0,66,,173933,44,,,0,24,,173954,44,,,0,26,,173968,44,,,0,65,,173967,44,,,0,26,,173942,44,,,0
3800,'Saturday',439,,177268,11,,,0,63,,177269,11,,,0,23,,177270,11,,,0,23,,177272,11,,,0,63,,177273,11,,,0,23,,177271,11,,,0,23,,177274,11,,,0,63,,177276,11,,,0,23,,177275,11,,,0,63,,177277,11,,,0,23,,177278,11,,,0,23,,177280,11,,,0,63,,177279,11,,,0,24,,177284,11,,,0,62,,177285,11,,,0,22,,177286,11,,,0,23,,177283,11,,,0,61,,177282,11,,,0,21,,177281,11,,,0,21,,177287,11,,,0,62,,177289,11,,,0,22,,177288,11,,,0,22,,177290,11,,,0,62,,177244,11,,,0,21,,177239,11,,,0,21,,177291,11,,,0,62,,177266,11,,,0,22,,177293,11,,,0,62,,177292,11,,,0,22,,177245,11,,,0,21,,177246,11,,,0,60,,177257,11,,,0,22,,177254,11,,,0,22,,177240,11,,,0,62,,177250,11,,,0,22,,177247,11,,,0,21,,177251,11,,,0,60,,177241,11,,,0,20,,177262,11,,,0,63,,177267,11,,,0,20,,177258,11,,,0,19,,177255,11,,,0,64,,177242,11,,,0,24,,177248,11,,,0,24,,177256,11,,,0,65,,177263,11,,,0,24,,177252,11,,,0,64,,177259,11,,,0,24,,177249,11,,,0,24,,177243,11,,,0,64,,177265,11,,,0,24,,177260,11,,,0,64,,177264,11,,,0,24,,177253,11,,,0,24,,177261,11,,,0
3800,'Sunday',439,,177294,11,,,0,63,,177295,11,,,0,23,,177296,11,,,0,23,,177297,11,,,0,63,,177298,11,,,0,23,,177299,11,,,0,23,,177300,11,,,0,63,,177301,11,,,0,23,,177302,11,,,0,63,,177303,11,,,0,23,,177304,11,,,0,23,,177305,11,,,0,63,,177306,11,,,0,24,,177307,11,,,0,62,,177308,11,,,0,22,,177309,11,,,0,23,,177310,11,,,0,61,,177311,11,,,0,21,,177312,11,,,0,21,,177313,11,,,0,62,,177314,11,,,0,22,,177315,11,,,0,22,,177316,11,,,0,62,,177317,11,,,0,21,,177318,11,,,0,21,,177319,11,,,0,62,,177320,11,,,0,22,,177321,11,,,0,62,,177322,11,,,0,22,,177323,11,,,0,21,,177348,11,,,0,60,,177324,11,,,0,22,,177325,11,,,0,22,,177326,11,,,0,62,,177327,11,,,0,22,,177328,11,,,0,21,,177329,11,,,0,60,,177330,11,,,0,20,,177331,11,,,0,22,,177332,11,,,0,61,,177333,11,,,0,20,,177334,11,,,0,63,,177335,11,,,0,24,,177336,11,,,0,24,,177337,11,,,0,65,,177338,11,,,0,24,,177339,11,,,0,64,,177340,11,,,0,24,,177341,11,,,0,24,,177342,11,,,0,64,,177343,11,,,0,24,,177344,11,,,0,64,,177345,11,,,0,24,,177346,11,,,0,24,,177347,11,,,0
3800,'Weekday',429,,177350,11,,,0,13,,177351,11,,,0,13,,177352,11,,,0,53,,177353,11,,,0,13,,177354,11,,,0,13,,177355,11,,,0,13,,177369,11,,,0,55,,177356,11,,,0,15,,177357,11,,,0,15,,177358,11,,,0,15,,177359,11,,,0,56,,177360,11,,,0,15,,177361,11,,,0,15,,177362,11,,,0,15,,177363,11,,,0,55,,177364,11,,,0,16,,177365,11,,,0,17,,177366,11,,,0,13,,177349,11,0,121 47,0,5,,177367,11,,,0,59,,177368,11,,,0,20,,177371,11,,,0,20,,177382,11,,,0,58,,177374,11,,,0,18,,177378,11,,,0,19,,177380,11,,,0,59,,177384,11,,,0,19,,177376,11,,,0,18,,177372,11,,,0,58,,177383,11,,,0,20,,177379,11,,,0,20,,177377,11,,,0,59,,177373,11,,,0,19,,177381,11,,,0,17,,177370,11,,,0,17,,177375,11,,,0,55,,177385,11,,,0,15,,177388,11,,,0,15,,177390,11,,,0,15,,177391,11,,,0,56,,177392,11,,,0,15,,177393,11,,,0,5,,177424,11,,,0,10,,177394,11,,,0,14,,177395,11,,,0,54,,177396,11,,,0,15,,177397,11,,,0,15,,177398,11,,,0,16,,177399,11,,,0,55,,177400,11,,,0,16,,177401,11,,,0,15,,177402,11,,,0,14,,177403,11,,,0,55,,177386,11,,,0,14,,177387,11,,,0,15,,177389,11,,,0,20,,177404,11,,,0,60,,177405,11,,,0,20,,177406,11,,,0,20,,177407,11,,,0,60,,177408,11,,,0,20,,177409,11,,,0,21,,177410,11,,,0,60,,177411,11,,,0,20,,177412,11,,,0,20,,177413,11,,,0,59,,177414,11,,,0,20,,177415,11,,,0,20,,177416,11,,,0,60,,177417,11,,,0,20,,177418,11,,,0,20,,177419,11,,,0,60,,177420,11,,,0,20,,177421,11,,,0,20,,177422,11,,,0,60,,177423,11,,,0
3800,'Weekday0000100',903,,177425,11,0,121 47,0,442,,177427,11,,,0,82,,177426,11,,,0
3800,'Weekday1111000',844,,177428,11,0,121 47,0,680,,177430,11,,,0,6,,177429,11,,,0
3800,'pB3Sep30-Saturday',439,,177460,11,,,0,63,,177461,11,,,0,23,,177462,11,,,0,23,,177464,11,,,0,63,,177465,11,,,0,23,,177463,11,,,0,23,,177466,11,,,0,63,,177468,11,,,0,23,,177467,11,,,0,63,,177469,11,,,0,23,,177470,11,,,0,23,,177472,11,,,0,63,,177471,11,,,0,24,,177476,11,,,0,62,,177477,11,,,0,22,,177478,11,,,0,23,,177475,11,,,0,61,,177474,11,,,0,21,,177473,11,,,0,21,,177479,11,,,0,62,,177481,11,,,0,22,,177480,11,,,0,22,,177482,11,,,0,62,,177436,11,,,0,21,,177432,11,,,0,21,,177483,11,,,0,62,,177458,11,,,0,22,,177485,11,,,0,62,,177484,11,,,0,22,,177437,11,,,0,21,,177438,11,,,0,60,,177449,11,,,0,22,,177446,11,,,0,22,,177433,11,,,0,62,,177442,11,,,0,22,,177439,11,,,0,21,,177443,11,,,0,60,,177431,11,,,0,20,,177454,11,,,0,63,,177459,11,,,0,20,,177450,11,,,0,19,,177447,11,,,0,64,,177434,11,,,0,24,,177440,11,,,0,24,,177448,11,,,0,65,,177455,11,,,0,24,,177444,11,,,0,64,,177451,11,,,0,24,,177441,11,,,0,24,,177435,11,,,0,64,,177457,11,,,0,24,,177452,11,,,0,64,,177456,11,,,0,24,,177445,11,,,0,24,,177453,11,,,0
