12000,'Saturday',711,,191342,21,4,,0,46,,191341,21,4,,0,86,,191343,21,4,,0,86,,191344,21,4,,0,86,,191345,21,4,,0,86,,191346,21,4,,0,46,,191347,21,4,,0,88,,191348,21,4,,0,86,,191350,21,4,,0,86,,191349,21,4,,0,46,,191351,21,4,,0,86,,191352,21,4,,0,86,,191353,21,4,,0,86,,191354,21,4,,0,46,,191355,21,4,,0,86,,191356,21,4,,0,86,,191357,21,4,,0,86,,191358,21,4,,0,86,,191359,21,4,,0,43,,191360,21,4,,0,86,,191361,21,4,,0,86,,191362,21,4,,0,86,,191363,21,4,,0
12000,'Sunday',711,,191364,21,4,,0,46,,191365,21,4,,0,86,,191366,21,4,,0,86,,191367,21,4,,0,86,,191368,21,4,,0,86,,191369,21,4,,0,46,,191370,21,4,,0,88,,191371,21,4,,0,86,,191372,21,4,,0,86,,191374,21,4,,0,46,,191373,21,4,,0,86,,191375,21,4,,0,86,,191376,21,4,,0,86,,191377,21,4,,0,46,,191378,21,4,,0,86,,191379,21,4,,0,86,,191380,21,4,,0,86,,191382,21,4,,0,86,,191381,21,4,,0,43,,191383,21,4,,0,86,,191384,21,4,,0,86,,191385,21,4,,0,86,,191386,21,4,,0
12000,'Weekday',536,,191387,21,4,,0,85,,191388,21,4,,0,23,,191413,21,4,,0,62,,191391,21,4,,0,23,,191414,21,4,,0,22,,191390,21,4,,0,63,,191415,21,4,,0,22,,191392,21,4,,0,85,,191393,21,4,,0,85,,191394,21,4,,0,45,,191395,21,4,,0,85,,191396,21,4,,0,85,,191397,21,4,,0,85,,191398,21,4,,0,45,,191399,21,4,,0,85,,191400,21,4,,0,87,,191401,21,4,,0,23,,191418,21,4,,0,62,,191403,21,4,,0,23,,191417,21,4,,0,22,,191404,21,4,,0,63,,191416,21,4,,0,22,,191405,21,4,,0,85,,191402,21,4,,0,83,,191406,21,4,,0,45,,191407,21,4,,0,85,,191408,21,4,,0,85,,191409,21,4,,0,83,,191410,21,4,,0,45,,191411,21,4,,0,85,,191412,21,4,,0,85,,191389,21,4,,0
12000,'pB3Sep30-Saturday',711,,191420,21,4,,0,46,,191419,21,4,,0,86,,191421,21,4,,0,86,,191422,21,4,,0,86,,191423,21,4,,0,86,,191424,21,4,,0,46,,191425,21,4,,0,88,,191426,21,4,,0,86,,191428,21,4,,0,86,,191427,21,4,,0,46,,191429,21,4,,0,86,,191430,21,4,,0,86,,191431,21,4,,0,86,,191432,21,4,,0,46,,191433,21,4,,0,86,,191434,21,4,,0,86,,191435,21,4,,0,86,,191436,21,4,,0,86,,191437,21,4,,0,43,,191438,21,4,,0,86,,191439,21,4,,0,86,,191440,21,4,,0,86,,191441,21,4,,0
12001,'Saturday',631,,191442,1,,,0,86,,191443,1,,,0,86,,191444,1,,,0,46,,191445,1,,,0,86,,191446,1,,,0,86,,191447,1,,,0,86,,191448,1,,,0,46,,191449,1,,,0,86,,191451,1,,,0,86,,191452,1,,,0,86,,191450,1,,,0,46,,191453,1,,,0,86,,191454,1,,,0,86,,191455,1,,,0,86,,191456,1,,,0,86,,191457,1,,,0,46,,191458,1,,,0,86,,191459,1,,,0,86,,191461,1,,,0,86,,191460,1,,,0,46,,191462,1,,,0,86,,191463,1,,,0,86,,191464,1,,,0
12001,'Sunday',631,,191465,1,,,0,86,,191466,1,,,0,86,,191467,1,,,0,46,,191468,1,,,0,86,,191469,1,,,0,86,,191471,1,,,0,86,,191470,1,,,0,46,,191472,1,,,0,86,,191473,1,,,0,86,,191474,1,,,0,86,,191475,1,,,0,46,,191476,1,,,0,86,,191477,1,,,0,86,,191478,1,,,0,86,,191479,1,,,0,86,,191480,1,,,0,46,,191481,1,,,0,86,,191482,1,,,0,86,,191483,1,,,0,86,,191484,1,,,0,46,,191485,1,,,0,86,,191486,1,,,0,86,,191487,1,,,0
12001,'Weekday',540,,191488,1,,,0,63,,191515,1,,,0,22,,191490,1,,,0,23,,191514,1,,,0,62,,191493,1,,,0,23,,191516,1,,,0,22,,191494,1,,,0,85,,191495,1,,,0,85,,191496,1,,,0,85,,191497,1,,,0,45,,191498,1,,,0,85,,191499,1,,,0,85,,191500,1,,,0,85,,191501,1,,,0,45,,191502,1,,,0,85,,191503,1,,,0,85,,191504,1,,,0,23,,191519,1,,,0,62,,191505,1,,,0,23,,191518,1,,,0,22,,191506,1,,,0,63,,191517,1,,,0,22,,191507,1,,,0,85,,191508,1,,,0,85,,191509,1,,,0,45,,191510,1,,,0,85,,191511,1,,,0,85,,191512,1,,,0,85,,191513,1,,,0,45,,191492,1,,,0,85,,191491,1,,,0,85,,191489,1,,,0
12001,'pB3Sep30-Saturday',631,,191520,1,,,0,86,,191521,1,,,0,86,,191522,1,,,0,46,,191523,1,,,0,86,,191524,1,,,0,86,,191525,1,,,0,86,,191526,1,,,0,46,,191527,1,,,0,86,,191529,1,,,0,86,,191530,1,,,0,86,,191528,1,,,0,46,,191531,1,,,0,86,,191532,1,,,0,86,,191533,1,,,0,86,,191534,1,,,0,86,,191535,1,,,0,46,,191536,1,,,0,86,,191537,1,,,0,86,,191539,1,,,0,86,,191538,1,,,0,46,,191540,1,,,0,86,,191541,1,,,0,86,,191542,1,,,0
13400,'Weekday',545,,192836,18,4,,0,90,,192837,18,4,,0,65,,192870,18,4,,0,25,,192838,18,4,,0,25,,192869,18,4,,0,65,,192839,18,4,,0,22,,192868,18,4,,0,68,,192840,18,4,,0,23,,192871,18,4,,0,25,,192841,18,4,,0,65,,192873,18,4,,0,25,,192842,18,4,,0,65,,192861,18,4,,0,25,,192843,18,4,,0,25,,192862,18,4,,0,65,,192844,18,4,,0,25,,192863,18,4,,0,65,,192845,18,4,,0,25,,192872,18,4,,0,65,,192846,18,4,,0,25,,192860,18,4,,0,25,,192847,18,4,,0,67,,192865,18,4,,0,25,,192848,18,4,,0,65,,192864,18,4,,0,25,,192849,18,4,,0,65,,192866,18,4,,0,25,,192850,18,4,,0,25,,192867,18,4,,0,65,,192851,18,4,,0,88,,192852,18,4,,0,50,,192853,18,4,,0,90,,192854,18,4,,0,90,,192855,18,4,,0,90,,192856,18,4,,0,90,,192857,18,4,,0,90,,192858,18,4,,0,50,,192859,18,4,,0
13401,'Weekday',548,,192874,1,,,0,90,,192875,1,,,0,65,,192908,1,,,0,25,,192876,1,,,0,25,,192906,1,,,0,65,,192877,1,,,0,25,,192904,1,,,0,65,,192878,1,,,0,25,,192897,1,,,0,25,,192879,1,,,0,65,,192901,1,,,0,25,,192880,1,,,0,65,,192910,1,,,0,25,,192881,1,,,0,65,,192900,1,,,0,25,,192882,1,,,0,25,,192899,1,,,0,65,,192883,1,,,0,25,,192902,1,,,0,65,,192884,1,,,0,25,,192903,1,,,0,25,,192885,1,,,0,65,,192898,1,,,0,25,,192886,1,,,0,65,,192907,1,,,0,25,,192888,1,,,0,65,,192909,1,,,0,25,,192889,1,,,0,25,,192905,1,,,0,65,,192887,1,,,0,90,,192890,1,,,0,50,,192891,1,,,0,90,,192892,1,,,0,90,,192893,1,,,0,90,,192894,1,,,0,90,,192895,1,,,0,90,,192896,1,,,0
