1100,'Saturday',726,,172267,22,,,0,30,,172277,22,,,0,70,,172263,22,,,0,30,,172278,22,,,0,70,,172266,22,,,0,30,,172279,22,,,0,70,,172274,22,,,0,30,,172280,22,,,0,70,,172265,22,,,0,30,,172281,22,,,0,70,,172264,22,,,0,30,,172282,22,,,0,70,,172262,22,,,0,30,,172283,22,,,0,70,,172268,22,,,0,30,,172286,22,,,0,70,,172275,22,,,0,30,,172287,22,,,0,70,,172269,22,,,0,30,,172284,22,,,0,70,,172270,22,,,0,30,,172285,22,,,0,70,,172273,22,,,0,30,,172288,22,,,0,70,,172271,22,,,0,30,,172289,22,,,0,70,,172272,22,,,0,30,,172276,22,,,0,70,,172291,22,,,0,30,,172293,22,,,0,70,,172292,22,,,0,30,,172290,22,,,0
1100,'Sunday',1107,,172294,22,,,0,30,,172309,22,,,0,70,,172296,22,,,0,30,,172308,22,,,0,70,,172297,22,,,0,30,,172307,22,,,0,70,,172295,22,,,0,30,,172306,22,,,0,70,,172300,22,,,0,30,,172303,22,,,0,70,,172298,22,,,0,30,,172305,22,,,0,70,,172299,22,,,0,30,,172302,22,,,0,70,,172301,22,,,0,30,,172304,22,,,0,70,,172314,22,,,0,30,,172315,22,,,0,70,,172316,22,,,0,30,,172311,22,,,0,70,,172310,22,,,0,30,,172313,22,,,0,70,,172312,22,,,0,30,,172317,22,,,0
1100,'Weekday',552,,172319,22,,,0,70,,172321,22,,,0,30,,172322,22,,,0,71,,172323,22,,,0,27,,172320,22,,,0,72,,172324,22,,,0,25,,172325,22,,,0,74,,172326,22,,,0,30,,172327,22,,,0,70,,172328,22,,,0,30,,172329,22,,,0,70,,172330,22,,,0,30,,172331,22,,,0,70,,172332,22,,,0,30,,172333,22,,,0,70,,172335,22,,,0,35,,172336,22,,,0,68,,172337,22,,,0,29,,172334,22,,,0,71,,172338,22,,,0,30,,172339,22,,,0,70,,172340,22,,,0,30,,172341,22,,,0,70,,172342,22,,,0,30,,172343,22,,,0,67,,172344,22,,,0,30,,172345,22,,,0,70,,172346,22,,,0,30,,172347,22,,,0,70,,172348,22,,,0,30,,172349,22,,,0,70,,172350,22,,,0
1100,'pB3Sep30-Saturday',726,,172356,22,,,0,30,,172366,22,,,0,70,,172352,22,,,0,30,,172367,22,,,0,70,,172355,22,,,0,30,,172368,22,,,0,70,,172363,22,,,0,30,,172369,22,,,0,70,,172354,22,,,0,30,,172370,22,,,0,70,,172353,22,,,0,30,,172371,22,,,0,70,,172351,22,,,0,30,,172372,22,,,0,70,,172357,22,,,0,30,,172375,22,,,0,70,,172364,22,,,0,30,,172376,22,,,0,70,,172359,22,,,0,30,,172373,22,,,0,70,,172360,22,,,0,30,,172374,22,,,0,70,,172362,22,,,0,30,,172377,22,,,0,70,,172361,22,,,0,30,,172378,22,,,0,70,,172358,22,,,0,30,,172365,22,,,0,70,,172380,22,,,0,30,,172382,22,,,0,70,,172381,22,,,0,30,,172379,22,,,0
1201,'Saturday',707,,172383,4,,,0,34,,172408,4,,,0,70,,172384,37,,,0,30,,172388,37,,,0,70,,172404,37,,,0,30,,172389,37,,,0,70,,172402,37,,,0,30,,172387,37,,,0,70,,172385,37,,,0,30,,172386,37,,,0,70,,172403,37,,,0,30,,172391,37,,,0,70,,172395,37,,,0,30,,172410,37,,,0,70,,172390,37,,,0,30,,172396,37,,,0,70,,172406,37,,,0,30,,172393,37,,,0,70,,172392,37,,,0,30,,172411,37,,,0,70,,172394,37,,,0,30,,172398,37,,,0,70,,172407,37,,,0,30,,172399,37,,,0,70,,172412,37,,,0,30,,172405,37,,,0,70,,172413,37,,,0,30,,172400,37,,,0,70,,172414,37,,,0,30,,172397,37,,,0,70,,172415,37,,,0,30,,172409,37,,,0,70,,172416,37,,,0,30,,172401,37,,,0
1201,'Sunday',737,,172418,4,,,0,70,,172446,4,,,0,34,,172419,37,,,0,70,,172441,37,,,0,30,,172420,37,,,0,70,,172417,37,,,0,30,,172437,37,,,0,70,,172422,37,,,0,30,,172424,37,,,0,70,,172443,37,,,0,30,,172421,37,,,0,70,,172425,37,,,0,30,,172427,37,,,0,70,,172440,37,,,0,30,,172428,37,,,0,70,,172423,37,,,0,30,,172438,37,,,0,70,,172426,37,,,0,30,,172429,37,,,0,70,,172444,37,,,0,30,,172430,37,,,0,70,,172431,37,,,0,30,,172439,37,,,0,70,,172432,37,,,0,30,,172433,37,,,0,70,,172442,37,,,0,30,,172434,37,,,0,70,,172435,37,,,0,30,,172447,37,,,0,70,,172436,37,,,0,30,,172449,37,,,0,70,,172445,37,,,0,30,,172448,37,,,0
1201,'Weekday',536,,172451,26,,,0,74,,172450,10,,,0,30,,172456,10,,,0,66,,172453,37,,,0,30,,172454,37,,,0,70,,172457,37,,,0,30,,172459,37,,,0,70,,172460,37,,,0,30,,172461,37,,,0,70,,172463,37,,,0,30,,172464,37,,,0,70,,172462,37,,,0,30,,172466,37,,,0,70,,172467,37,,,0,30,,172465,37,,,0,70,,172468,37,,,0,32,,172469,37,,,0,68,,172470,37,,,0,30,,172471,37,,,0,70,,172473,37,,,0,35,,172474,37,,,0,68,,172475,37,,,0,15,,172472,37,,,0,15,,172477,37,,,0,70,,172478,37,,,0,30,,172479,37,,,0,70,,172476,37,,,0,30,,172480,37,,,0,75,,172481,37,,,0,30,,172482,37,,,0,70,,172483,37,,,0,30,,172484,37,,,0,70,,172485,37,,,0,30,,172486,37,,,0,70,,172487,37,,,0,30,,172488,37,,,0,70,,172489,37,,,0,30,,172490,37,,,0
1201,'pB3Sep30-Saturday',707,,172492,4,,,0,34,,172517,4,,,0,70,,172493,37,,,0,30,,172497,37,,,0,70,,172513,37,,,0,30,,172498,37,,,0,70,,172511,37,,,0,30,,172496,37,,,0,70,,172494,37,,,0,30,,172495,37,,,0,70,,172512,37,,,0,30,,172500,37,,,0,70,,172504,37,,,0,30,,172519,37,,,0,70,,172499,37,,,0,30,,172505,37,,,0,70,,172515,37,,,0,30,,172502,37,,,0,70,,172501,37,,,0,30,,172520,37,,,0,70,,172503,37,,,0,30,,172507,37,,,0,70,,172516,37,,,0,30,,172508,37,,,0,70,,172521,37,,,0,30,,172514,37,,,0,70,,172522,37,,,0,30,,172509,37,,,0,70,,172523,37,,,0,30,,172506,37,,,0,70,,172524,37,,,0,30,,172518,37,,,0,70,,172525,37,,,0,30,,172510,37,,,0
10201,'Saturday',644,,189639,4,,,0,70,,189641,4,,,0,30,,189642,4,,,0,70,,189643,4,,,0,30,,189640,4,,,0,70,,189644,4,,,0,30,,189645,4,,,0,70,,189646,4,,,0,30,,189648,4,,,0,70,,189649,4,,,0,30,,189652,4,,,0,70,,189647,4,,,0,30,,189653,4,,,0,70,,189654,4,,,0,30,,189650,4,,,0,70,,189651,4,,,0,30,,189656,4,,,0,70,,189657,4,,,0,30,,189658,4,,,0,70,,189655,4,,,0,30,,189659,4,,,0,70,,189660,4,,,0,30,,189661,4,,,0,70,,189662,4,,,0,30,,189663,4,,,0,70,,189664,4,,,0,30,,189665,4,,,0,70,,189666,4,,,0,30,,189667,4,,,0,70,,189669,4,,,0,30,,189670,4,,,0,70,,189671,4,,,0,30,,189668,4,,,0,70,,189672,4,,,0,30,,189673,4,,,0,64,,189674,4,,,0,30,,189675,4,,,0
10201,'Sunday',644,,189676,4,,,0,70,,189689,4,,,0,30,,189678,4,,,0,70,,189691,4,,,0,30,,189677,4,,,0,70,,189690,4,,,0,30,,189679,4,,,0,70,,189692,4,,,0,30,,189680,4,,,0,70,,189693,4,,,0,30,,189681,4,,,0,70,,189694,4,,,0,30,,189682,4,,,0,70,,189695,4,,,0,30,,189683,4,,,0,70,,189697,4,,,0,30,,189684,4,,,0,70,,189696,4,,,0,30,,189685,4,,,0,70,,189698,4,,,0,30,,189686,4,,,0,70,,189700,4,,,0,30,,189687,4,,,0,70,,189699,4,,,0,30,,189688,4,,,0,70,,189701,4,,,0,30,,189702,4,,,0,70,,189703,4,,,0,30,,189704,4,,,0,70,,189705,4,,,0,30,,189706,4,,,0,70,,189707,4,,,0,30,,189708,4,,,0,70,,189709,4,,,0,24,,189710,4,,,0
10201,'Weekday',444,,189714,4,,,0,70,,189715,4,,,0,25,,189716,4,,,0,20,,189717,4,,,0,60,,189718,4,,,0,20,,189719,4,,,0,20,,189720,4,,,0,60,,189721,4,,,0,20,,189722,4,,,0,20,,189723,4,,,0,60,,189724,4,,,0,26,,189725,4,,,0,70,,189727,4,,,0,30,,189728,4,,,0,70,,189729,4,,,0,30,,189726,4,,,0,70,,189730,4,,,0,30,,189731,4,,,0,70,,189732,4,,,0,30,,189733,4,,,0,70,,189736,4,,,0,30,,189737,4,,,0,70,,189734,4,,,0,21,,189739,4,,,0,20,,189740,4,,,0,60,,189735,4,,,0,20,,189738,4,,,0,20,,189741,4,,,0,60,,189742,4,,,0,20,,189743,4,,,0,20,,189745,4,,,0,60,,189747,4,,,0,20,,189744,4,,,0,20,,189748,4,,,0,60,,189746,4,,,0,20,,189749,4,,,0,23,,189750,4,,,0,64,,189751,4,,,0,30,,189752,4,,,0,70,,189753,4,,,0,30,,189754,4,,,0,70,,189755,4,,,0,30,,189756,4,,,0,70,,189757,4,,,0,30,,189758,4,,,0,70,,189712,4,,,0,30,,189713,4,,,0,70,,189711,4,,,0,24,,189759,4,,,0
10201,'pB3Sep30-Saturday',644,,189760,4,,,0,70,,189762,4,,,0,30,,189763,4,,,0,70,,189764,4,,,0,30,,189761,4,,,0,70,,189765,4,,,0,30,,189766,4,,,0,70,,189767,4,,,0,30,,189769,4,,,0,70,,189770,4,,,0,30,,189773,4,,,0,70,,189768,4,,,0,30,,189774,4,,,0,70,,189775,4,,,0,30,,189771,4,,,0,70,,189772,4,,,0,30,,189777,4,,,0,70,,189778,4,,,0,30,,189779,4,,,0,70,,189776,4,,,0,30,,189780,4,,,0,70,,189781,4,,,0,30,,189782,4,,,0,70,,189783,4,,,0,30,,189784,4,,,0,70,,189785,4,,,0,30,,189786,4,,,0,70,,189787,4,,,0,30,,189788,4,,,0,70,,189790,4,,,0,30,,189791,4,,,0,70,,189793,4,,,0,30,,189789,4,,,0,70,,189794,4,,,0,30,,189792,4,,,0,64,,189795,4,,,0,30,,189796,4,,,0
