1901,'Saturday',640,2,173648,42,,,0,75,2,173640,42,,,0,35,2,173656,42,,,0,75,2,173664,42,,,0,75,42,173649,42,,,0,35,2,173641,42,,,0,75,2,173657,42,,,0,35,2,173665,42,,,0,75,2,173650,42,,,0,35,2,173642,42,,,0,75,2,173658,42,,,0,74,2,173666,42,,,0,35,2,173651,42,,,0,68,2,173643,42,,,0,24,2,173671,42,,,0,28,2,173660,42,,,0,68,2,173667,42,,,0,28,2,173652,42,,,0,68,2,173644,42,,,0,28,2,173672,42,,,0,68,2,173659,42,,,0,28,2,173668,42,,,0,68,2,173653,42,,,0,28,2,173645,42,,,0,68,2,173673,42,,,0,23,2,173662,42,,,0,73,2,173670,42,,,0,35,2,173654,42,,,0,75,2,173646,42,,,0,35,2,173663,42,,,0,75,2,173669,42,,,0,75,2,173655,42,,,0,35,2,173647,42,,,0,73,,173661,42,4,,0
1901,'Sunday',640,2,173682,42,,,0,75,2,173674,42,,,0,35,2,173690,42,,,0,75,2,173697,42,,,0,75,42,173683,42,,,0,35,2,173675,42,,,0,75,2,173691,42,,,0,35,2,173699,42,,,0,75,2,173684,42,,,0,35,2,173676,42,,,0,75,2,173692,42,,,0,74,2,173701,42,,,0,35,2,173686,42,,,0,68,2,173677,42,,,0,24,2,173705,42,,,0,28,2,173693,42,,,0,68,2,173700,42,,,0,28,2,173688,42,,,0,68,2,173678,42,,,0,28,2,173706,42,,,0,68,2,173694,42,,,0,28,2,173702,42,,,0,68,2,173687,42,,,0,28,2,173679,42,,,0,68,2,173707,42,,,0,23,2,173695,42,,,0,73,2,173703,42,,,0,35,2,173685,42,,,0,75,2,173680,42,,,0,35,2,173696,42,,,0,75,2,173704,42,,,0,75,2,173689,42,,,0,35,2,173681,42,,,0,73,,173698,42,4,,0
1901,'Weekday',515,,173743,1,,,0,23,2,173710,42,,,0,74,2,173718,42,,,0,24,2,173726,42,,,0,72,2,173734,42,,,0,32,2,173744,42,,,0,67,2,173711,42,,,0,37,2,173719,42,,,0,69,2,173727,42,,,0,34,2,173735,42,,,0,73,2,173745,42,,,0,32,2,173712,42,,,0,72,2,173720,42,,,0,32,2,173728,42,,,0,72,2,173736,42,,,0,72,42,173746,42,,,0,32,2,173713,42,,,0,72,2,173721,42,,,0,26,2,173709,42,,,0,3,,173708,1,,,0,5,2,173729,42,,,0,72,2,173738,42,,,0,32,2,173747,42,,,0,72,2,173714,42,,,0,31,2,173722,42,,,0,72,2,173730,42,,,0,32,2,173737,42,,,0,68,2,173748,42,,,0,29,2,173715,42,,,0,70,2,173723,42,,,0,30,2,173731,42,,,0,70,2,173739,42,,,0,30,2,173750,42,,,0,70,2,173716,42,,,0,30,2,173724,42,,,0,67,2,173732,42,,,0,28,2,173740,42,,,0,70,2,173749,42,,,0,30,2,173717,42,,,0,70,2,173725,42,,,0,30,2,173733,42,,,0,70,2,173741,42,,,0,30,2,173742,42,,,0
1901,'pB3Sep30-Saturday',640,2,173760,42,,,0,75,2,173752,42,,,0,35,2,173768,42,,,0,75,2,173776,42,,,0,75,42,173761,42,,,0,35,2,173753,42,,,0,75,2,173769,42,,,0,35,2,173777,42,,,0,75,2,173762,42,,,0,35,2,173754,42,,,0,75,2,173770,42,,,0,74,2,173778,42,,,0,35,2,173763,42,,,0,68,2,173755,42,,,0,24,2,173784,42,,,0,28,2,173772,42,,,0,68,2,173779,42,,,0,28,2,173764,42,,,0,68,2,173756,42,,,0,28,2,173783,42,,,0,68,2,173771,42,,,0,28,2,173780,42,,,0,68,2,173765,42,,,0,28,2,173757,42,,,0,68,2,173785,42,,,0,23,2,173774,42,,,0,73,2,173782,42,,,0,35,2,173766,42,,,0,75,2,173758,42,,,0,35,2,173775,42,,,0,75,2,173781,42,,,0,75,2,173767,42,,,0,35,2,173759,42,,,0,73,,173773,42,4,,0
4000,'Saturday',847,,177734,47,4,,0,75,,177735,47,4,,0,35,,177733,47,4,,0,75,,177736,47,4,,0,75,,177737,47,4,,0,35,,177738,47,4,,0,75,,177739,47,4,,0,35,,177740,47,4,,0,75,,177743,47,4,,0,75,,177744,47,4,,0,35,,177741,47,4,,0,75,,177742,47,4,,0,35,,177745,47,4,,0,75,,177746,47,4,,0,35,,177747,47,4,,0,75,,177748,47,4,,0,75,,177749,47,4,,0,35,,177750,47,4,,0,75,,177751,47,4,,0
4000,'Sunday',847,,177752,47,4,,0,75,,177753,47,4,,0,35,,177755,47,4,,0,75,,177756,47,4,,0,75,,177757,47,4,,0,35,,177754,47,4,,0,75,,177758,47,4,,0,35,,177759,47,4,,0,75,,177760,47,4,,0,75,,177761,47,4,,0,35,,177762,47,4,,0,75,,177764,47,4,,0,35,,177765,47,4,,0,75,,177766,47,4,,0,35,,177763,47,4,,0,75,,177767,47,4,,0,75,,177768,47,4,,0,35,,177769,47,4,,0,75,,177770,47,4,,0
4000,'Weekday',657,,177787,47,4,,0,75,,177781,47,4,,0,75,,177794,47,4,,0,35,,177788,47,4,,0,74,,177782,47,4,,0,35,,177795,47,4,,0,75,,177789,47,4,,0,75,,177783,47,4,,0,35,,177796,47,4,,0,75,,177790,47,4,,0,35,,177784,47,4,,0,75,,177797,47,4,,0,35,,177791,47,4,,0,77,,177785,47,4,,0,77,,177798,47,4,,0,37,,177792,47,4,,0,80,,177786,47,4,,0,73,,177799,47,4,,0,37,,177793,47,4,,0,79,,177771,47,4,,0,33,,177778,47,4,,0,72,,177775,47,4,,0,32,,177772,47,4,,0,72,,177779,47,4,,0,33,,177776,47,4,,0,74,,177773,47,4,,0,75,,177780,47,4,,0,35,,177777,47,4,,0,71,,177774,47,4,,0
4000,'pB3Sep30-Saturday',847,,177801,47,4,,0,75,,177802,47,4,,0,35,,177800,47,4,,0,75,,177803,47,4,,0,75,,177804,47,4,,0,35,,177805,47,4,,0,75,,177806,47,4,,0,35,,177807,47,4,,0,75,,177810,47,4,,0,75,,177811,47,4,,0,35,,177808,47,4,,0,75,,177809,47,4,,0,35,,177812,47,4,,0,75,,177813,47,4,,0,35,,177814,47,4,,0,75,,177815,47,4,,0,75,,177816,47,4,,0,35,,177817,47,4,,0,75,,177818,47,4,,0
4001,'Saturday',705,,177823,1,,,0,35,,177825,1,,,0,75,,177826,1,,,0,35,,177827,1,,,0,75,,177824,1,,,0,75,,177829,1,,,0,35,,177830,1,,,0,75,,177832,1,,,0,35,,177828,1,,,0,75,,177833,1,,,0,35,,177834,1,,,0,75,,177831,1,,,0,75,,177835,1,,,0,35,,177836,1,,,0,75,,177837,1,,,0,35,,177838,1,,,0,75,,177822,1,,,0,75,,177821,1,,,0,35,,177820,1,,,0,75,,177819,1,,,0
4001,'Sunday',705,,177843,1,,,0,35,,177844,1,,,0,75,,177845,1,,,0,35,,177846,1,,,0,75,,177848,1,,,0,75,,177849,1,,,0,35,,177841,1,,,0,75,,177850,1,,,0,35,,177847,1,,,0,75,,177851,1,,,0,35,,177852,1,,,0,75,,177853,1,,,0,75,,177854,1,,,0,35,,177855,1,,,0,75,,177856,1,,,0,35,,177857,1,,,0,75,,177858,1,,,0,75,,177840,1,,,0,35,,177839,1,,,0,75,,177842,1,,,0
4001,'Weekday',558,,177869,1,,,0,72,,177882,1,,,0,75,,177876,1,,,0,35,,177870,1,,,0,75,,177883,1,,,0,35,,177877,1,,,0,74,,177871,1,,,0,35,,177884,1,,,0,75,,177878,1,,,0,75,,177872,1,,,0,35,,177885,1,,,0,75,,177879,1,,,0,35,,177873,1,,,0,75,,177886,1,,,0,76,,177880,1,,,0,36,,177874,1,,,0,76,,177887,1,,,0,38,,177881,1,,,0,78,,177875,1,,,0,76,,177888,1,,,0,35,,177862,1,,,0,76,,177859,1,,,0,35,,177866,1,,,0,71,,177863,1,,,0,74,,177860,1,,,0,30,,177867,1,,,0,75,,177864,1,,,0,37,,177861,1,,,0,78,,177868,1,,,0,35,,177865,1,,,0
4001,'pB3Sep30-Saturday',705,,177893,1,,,0,35,,177895,1,,,0,75,,177896,1,,,0,35,,177897,1,,,0,75,,177894,1,,,0,75,,177899,1,,,0,35,,177900,1,,,0,75,,177902,1,,,0,35,,177898,1,,,0,75,,177903,1,,,0,35,,177904,1,,,0,75,,177901,1,,,0,75,,177905,1,,,0,35,,177906,1,,,0,75,,177907,1,,,0,35,,177908,1,,,0,75,,177892,1,,,0,75,,177891,1,,,0,35,,177890,1,,,0,75,,177889,1,,,0
9100,'Saturday',651,,187036,7,4,,0,61,,187035,7,4,,0,21,,187037,7,4,,0,21,,187038,7,4,,0,61,,187039,7,4,,0,21,,187040,7,4,,0,21,,187041,7,4,,0,61,,187042,7,4,,0,21,,187044,7,4,,0,61,,187043,7,4,,0,21,,187045,7,4,,0,21,,187046,7,4,,0,61,,187047,7,4,,0,21,,187048,7,4,,0,21,,187050,7,4,,0,62,,187049,7,4,,0,21,,187051,7,4,,0,21,,187052,7,4,,0,61,,187053,7,4,,0,21,,187054,7,4,,0,21,,187056,7,4,,0,61,,187055,7,4,,0,21,,187057,7,4,,0,21,,187059,7,4,,0,61,,187058,7,4,,0,21,,187060,7,4,,0,21,,187061,7,4,,0,61,,187062,7,4,,0,21,,187063,7,4,,0,61,,187066,7,4,,0,21,,187064,7,4,,0,21,,187065,7,4,,0,61,,187067,7,4,,0,20,,187068,7,4,,0,21,,187070,7,4,,0,61,,187069,7,4,,0,21,,187077,7,4,,0,21,,187071,7,4,,0,61,,187072,7,4,,0,21,,187073,7,4,,0,21,,187074,7,4,,0,61,,187075,7,4,,0,21,,187078,7,4,,0,21,,187076,7,4,,0,61,,187080,7,4,,0,21,,187079,7,4,,0,21,,187081,7,4,,0,61,,187082,7,4,,0,21,,187083,7,4,,0,61,,187084,7,4,,0
9100,'Sunday',651,,187086,7,4,,0,61,,187085,7,4,,0,21,,187088,7,4,,0,21,,187087,7,4,,0,61,,187089,7,4,,0,21,,187090,7,4,,0,21,,187092,7,4,,0,61,,187091,7,4,,0,21,,187094,7,4,,0,61,,187093,7,4,,0,21,,187095,7,4,,0,21,,187096,7,4,,0,61,,187097,7,4,,0,21,,187098,7,4,,0,21,,187100,7,4,,0,62,,187099,7,4,,0,21,,187101,7,4,,0,21,,187102,7,4,,0,61,,187103,7,4,,0,21,,187105,7,4,,0,21,,187104,7,4,,0,61,,187106,7,4,,0,21,,187107,7,4,,0,21,,187108,7,4,,0,61,,187110,7,4,,0,21,,187109,7,4,,0,21,,187111,7,4,,0,61,,187113,7,4,,0,21,,187114,7,4,,0,61,,187112,7,4,,0,21,,187115,7,4,,0,21,,187117,7,4,,0,61,,187116,7,4,,0,20,,187118,7,4,,0,21,,187120,7,4,,0,61,,187119,7,4,,0,21,,187121,7,4,,0,21,,187122,7,4,,0,61,,187123,7,4,,0,21,,187125,7,4,,0,21,,187124,7,4,,0,61,,187126,7,4,,0,21,,187127,7,4,,0,21,,187128,7,4,,0,61,,187130,7,4,,0,21,,187129,7,4,,0,21,,187132,7,4,,0,61,,187131,7,4,,0,21,,187134,7,4,,0,61,,187133,7,4,,0
9100,'Weekday',634,,187135,7,4,,0,21,,187136,7,4,,0,61,,187138,7,4,,0,23,,187137,7,4,,0,19,,187140,7,4,,0,61,,187139,7,4,,0,21,,187141,7,4,,0,61,,187142,7,4,,0,21,,187143,7,4,,0,21,,187144,7,4,,0,61,,187145,7,4,,0,21,,187147,7,4,,0,21,,187146,7,4,,0,61,,187148,7,4,,0,21,,187150,7,4,,0,21,,187151,7,4,,0,61,,187149,7,4,,0,21,,187152,7,4,,0,21,,187153,7,4,,0,61,,187154,7,4,,0,21,,187155,7,4,,0,21,,187156,7,4,,0,61,,187157,7,4,,0,21,,187158,7,4,,0,21,,187159,7,4,,0,61,,187160,7,4,,0,21,,187161,7,4,,0,61,,187162,7,4,,0,21,,187163,7,4,,0,21,,187164,7,4,,0,61,,187166,7,4,,0,21,,187165,7,4,,0,21,,187167,7,4,,0,61,,187168,7,4,,0,21,,187169,7,4,,0,20,,187170,7,4,,0,61,,187171,7,4,,0,21,,187173,7,4,,0,21,,187172,7,4,,0,61,,187175,7,4,,0,21,,187174,7,4,,0,21,,187177,7,4,,0,61,,187176,7,4,,0,21,,187178,7,4,,0,21,,187179,7,4,,0,61,,187180,7,4,,0,21,,187181,7,4,,0,18,,187182,7,4,,0,68,,187184,7,4,,0,17,,187183,7,4,,0,61,,187185,7,4,,0,21,,187186,7,4,,0
9100,'pB3Sep30-Saturday',651,,187188,7,4,,0,61,,187187,7,4,,0,21,,187189,7,4,,0,21,,187190,7,4,,0,61,,187191,7,4,,0,21,,187192,7,4,,0,21,,187193,7,4,,0,61,,187194,7,4,,0,21,,187196,7,4,,0,61,,187195,7,4,,0,21,,187197,7,4,,0,21,,187198,7,4,,0,61,,187199,7,4,,0,21,,187200,7,4,,0,21,,187202,7,4,,0,62,,187201,7,4,,0,21,,187203,7,4,,0,21,,187204,7,4,,0,61,,187205,7,4,,0,21,,187206,7,4,,0,21,,187208,7,4,,0,61,,187207,7,4,,0,21,,187209,7,4,,0,21,,187211,7,4,,0,61,,187210,7,4,,0,21,,187212,7,4,,0,21,,187213,7,4,,0,61,,187214,7,4,,0,21,,187215,7,4,,0,61,,187218,7,4,,0,21,,187216,7,4,,0,21,,187217,7,4,,0,61,,187220,7,4,,0,20,,187219,7,4,,0,21,,187222,7,4,,0,61,,187221,7,4,,0,21,,187229,7,4,,0,21,,187223,7,4,,0,61,,187224,7,4,,0,21,,187225,7,4,,0,21,,187226,7,4,,0,61,,187227,7,4,,0,21,,187230,7,4,,0,21,,187228,7,4,,0,61,,187232,7,4,,0,21,,187231,7,4,,0,21,,187233,7,4,,0,61,,187234,7,4,,0,21,,187235,7,4,,0,61,,187236,7,4,,0
9101,'Saturday',635,,187238,1,,,0,21,,187237,1,,,0,61,,187240,1,,,0,21,,187241,1,,,0,21,,187239,1,,,0,61,,187243,1,,,0,21,,187242,1,,,0,61,,187245,1,,,0,21,,187244,1,,,0,21,,187246,1,,,0,61,,187247,1,,,0,21,,187248,1,,,0,21,,187249,1,,,0,61,,187250,1,,,0,21,,187251,1,,,0,21,,187252,1,,,0,61,,187254,1,,,0,21,,187253,1,,,0,21,,187256,1,,,0,61,,187255,1,,,0,21,,187257,1,,,0,21,,187258,1,,,0,61,,187260,1,,,0,21,,187259,1,,,0,21,,187261,1,,,0,61,,187262,1,,,0,21,,187263,1,,,0,61,,187264,1,,,0,21,,187265,1,,,0,21,,187267,1,,,0,61,,187269,1,,,0,21,,187266,1,,,0,21,,187268,1,,,0,61,,187270,1,,,0,21,,187271,1,,,0,21,,187273,1,,,0,61,,187275,1,,,0,21,,187278,1,,,0,21,,187272,1,,,0,61,,187276,1,,,0,21,,187274,1,,,0,21,,187277,1,,,0,61,,187279,1,,,0,21,,187280,1,,,0,21,,187281,1,,,0,61,,187282,1,,,0,21,,187284,1,,,0,61,,187283,1,,,0,21,,187285,1,,,0,21,,187286,1,,,0
9101,'Sunday',635,,187288,1,,,0,21,,187287,1,,,0,61,,187289,1,,,0,21,,187290,1,,,0,21,,187291,1,,,0,61,,187292,1,,,0,21,,187293,1,,,0,61,,187295,1,,,0,21,,187294,1,,,0,21,,187297,1,,,0,61,,187296,1,,,0,21,,187298,1,,,0,21,,187299,1,,,0,61,,187302,1,,,0,21,,187300,1,,,0,21,,187303,1,,,0,61,,187301,1,,,0,21,,187304,1,,,0,21,,187305,1,,,0,61,,187306,1,,,0,21,,187307,1,,,0,21,,187308,1,,,0,61,,187309,1,,,0,21,,187310,1,,,0,21,,187312,1,,,0,61,,187311,1,,,0,21,,187314,1,,,0,61,,187315,1,,,0,21,,187313,1,,,0,21,,187317,1,,,0,61,,187316,1,,,0,21,,187318,1,,,0,21,,187319,1,,,0,61,,187320,1,,,0,21,,187321,1,,,0,21,,187322,1,,,0,61,,187323,1,,,0,21,,187324,1,,,0,21,,187326,1,,,0,61,,187325,1,,,0,21,,187327,1,,,0,21,,187329,1,,,0,61,,187328,1,,,0,21,,187330,1,,,0,21,,187331,1,,,0,61,,187332,1,,,0,21,,187334,1,,,0,61,,187333,1,,,0,21,,187335,1,,,0,21,,187336,1,,,0
9101,'Weekday',616,,187337,1,,,0,21,,187338,1,,,0,21,,187339,1,,,0,63,,187340,1,,,0,19,,187342,1,,,0,61,,187343,1,,,0,21,,187341,1,,,0,21,,187344,1,,,0,61,,187345,1,,,0,21,,187346,1,,,0,21,,187347,1,,,0,61,,187349,1,,,0,21,,187348,1,,,0,21,,187350,1,,,0,61,,187351,1,,,0,21,,187353,1,,,0,21,,187354,1,,,0,61,,187352,1,,,0,21,,187356,1,,,0,21,,187355,1,,,0,61,,187357,1,,,0,21,,187358,1,,,0,21,,187359,1,,,0,61,,187361,1,,,0,21,,187360,1,,,0,61,,187362,1,,,0,21,,187363,1,,,0,21,,187365,1,,,0,61,,187364,1,,,0,21,,187366,1,,,0,21,,187367,1,,,0,61,,187368,1,,,0,21,,187369,1,,,0,21,,187370,1,,,0,61,,187371,1,,,0,21,,187372,1,,,0,21,,187373,1,,,0,61,,187374,1,,,0,21,,187375,1,,,0,21,,187376,1,,,0,61,,187377,1,,,0,21,,187379,1,,,0,21,,187380,1,,,0,61,,187378,1,,,0,21,,187381,1,,,0,61,,187382,1,,,0,21,,187383,1,,,0,18,,187384,1,,,0,68,,187385,1,,,0,17,,187386,1,,,0,21,,187387,1,,,0,61,,187388,1,,,0
9101,'pB3Sep30-Saturday',635,,187390,1,,,0,21,,187389,1,,,0,61,,187392,1,,,0,21,,187393,1,,,0,21,,187391,1,,,0,61,,187395,1,,,0,21,,187394,1,,,0,61,,187397,1,,,0,21,,187396,1,,,0,21,,187398,1,,,0,61,,187399,1,,,0,21,,187400,1,,,0,21,,187401,1,,,0,61,,187402,1,,,0,21,,187403,1,,,0,21,,187404,1,,,0,61,,187406,1,,,0,21,,187405,1,,,0,21,,187408,1,,,0,61,,187407,1,,,0,21,,187409,1,,,0,21,,187410,1,,,0,61,,187412,1,,,0,21,,187411,1,,,0,21,,187413,1,,,0,61,,187414,1,,,0,21,,187415,1,,,0,61,,187416,1,,,0,21,,187417,1,,,0,21,,187419,1,,,0,61,,187421,1,,,0,21,,187418,1,,,0,21,,187420,1,,,0,61,,187422,1,,,0,21,,187423,1,,,0,21,,187425,1,,,0,61,,187427,1,,,0,21,,187430,1,,,0,21,,187424,1,,,0,61,,187428,1,,,0,21,,187426,1,,,0,21,,187429,1,,,0,61,,187431,1,,,0,21,,187432,1,,,0,21,,187433,1,,,0,61,,187434,1,,,0,21,,187436,1,,,0,61,,187435,1,,,0,21,,187437,1,,,0,21,,187438,1,,,0
