3500,'Saturday',656,,176582,38,4,,0,100,,176596,38,4,,0,100,,176595,38,4,,0,100,,176593,38,4,,0,100,,176594,38,4,,0,100,,176592,38,4,,0,100,,176591,38,4,,0,100,,176590,38,4,,0,100,,176589,38,4,,0,100,,176588,38,4,,0,100,,176587,38,4,,0,100,,176586,38,4,,0,100,,176585,38,4,,0,100,,176584,38,4,,0,100,,176583,38,4,,0
3500,'Sunday',756,,176609,38,4,,0,100,,176608,38,4,,0,100,,176607,38,4,,0,100,,176606,38,4,,0,100,,176605,38,4,,0,100,,176604,38,4,,0,100,,176603,38,4,,0,100,,176602,38,4,,0,100,,176601,38,4,,0,100,,176600,38,4,,0,100,,176599,38,4,,0,100,,176597,38,4,,0,100,,176598,38,4,,0
3500,'Weekday',619,,176610,38,4,,0,31,,176630,38,4,,0,70,,176611,38,4,,0,30,,176631,38,4,,0,67,,176612,38,4,,0,30,,176629,38,4,,0,73,,176613,38,4,,0,101,,176614,38,4,,0,100,,176615,38,4,,0,100,,176616,38,4,,0,100,,176617,38,4,,0,100,,176618,38,4,,0,100,,176619,38,4,,0,30,,176632,38,4,,0,70,,176620,38,4,,0,30,,176633,38,4,,0,70,,176621,38,4,,0,30,,176634,38,4,,0,70,,176623,38,4,,0,99,,176624,38,4,,0,99,,176625,38,4,,0,100,,176626,38,4,,0,100,,176627,38,4,,0,100,,176628,38,4,,0,100,,176622,38,4,,0
3500,'pB3Sep30-Saturday',656,,176635,38,4,,0,100,,176649,38,4,,0,100,,176648,38,4,,0,100,,176646,38,4,,0,100,,176647,38,4,,0,100,,176645,38,4,,0,100,,176644,38,4,,0,100,,176643,38,4,,0,100,,176642,38,4,,0,100,,176641,38,4,,0,100,,176640,38,4,,0,100,,176639,38,4,,0,100,,176638,38,4,,0,100,,176637,38,4,,0,100,,176636,38,4,,0
3501,'Saturday',600,,176663,1,,,0,100,,176664,1,,,0,100,,176662,1,,,0,100,,176660,1,,,0,100,,176661,1,,,0,100,,176659,1,,,0,100,,176658,1,,,0,100,,176655,1,,,0,100,,176657,1,,,0,100,,176656,1,,,0,100,,176654,1,,,0,100,,176653,1,,,0,100,,176651,1,,,0,100,,176652,1,,,0,100,,176650,1,,,0
3501,'Sunday',700,,176677,1,,,0,100,,176676,1,,,0,100,,176675,1,,,0,100,,176674,1,,,0,100,,176673,1,,,0,100,,176672,1,,,0,100,,176671,1,,,0,100,,176670,1,,,0,100,,176669,1,,,0,100,,176668,1,,,0,100,,176667,1,,,0,100,,176666,1,,,0,100,,176665,1,,,0
3501,'Weekday',525,,176678,1,,,0,30,,176698,1,,,0,70,,176679,1,,,0,30,,176699,1,,,0,70,,176680,1,,,0,30,,176697,1,,,0,70,,176681,1,,,0,100,,176683,1,,,0,100,,176682,1,,,0,100,,176684,1,,,0,100,,176685,1,,,0,100,,176686,1,,,0,100,,176687,1,,,0,30,,176700,1,,,0,70,,176688,1,,,0,30,,176701,1,,,0,70,,176689,1,,,0,30,,176702,1,,,0,70,,176690,1,,,0,100,,176691,1,,,0,100,,176693,1,,,0,100,,176694,1,,,0,100,,176692,1,,,0,100,,176695,1,,,0,100,,176696,1,,,0
3501,'pB3Sep30-Saturday',600,,176716,1,,,0,100,,176717,1,,,0,100,,176715,1,,,0,100,,176713,1,,,0,100,,176714,1,,,0,100,,176712,1,,,0,100,,176711,1,,,0,100,,176708,1,,,0,100,,176710,1,,,0,100,,176709,1,,,0,100,,176707,1,,,0,100,,176706,1,,,0,100,,176704,1,,,0,100,,176705,1,,,0,100,,176703,1,,,0
76700,'Weekday0000100',1347,,201127,7,4,,0
76700,'Weekday1111000',1552,,201128,7,4,,0
76701,'Weekday',832,,201129,1,0,48 49 1 195,0,14,,201130,1,0,48 49 1 195,0
