11500,'Saturday',611,,191001,2,,,0,38,,191021,2,,,0,78,,191002,2,,,0,78,,191003,2,,,0,38,,191004,2,,,0,78,,191005,2,,,0,38,,191006,2,,,0,78,,191007,2,,,0,78,,191008,2,,,0,38,,191009,2,,,0,78,,191010,2,,,0,78,,191011,2,,,0,38,,191012,2,,,0,78,,191013,2,,,0,78,,191014,2,,,0,38,,191015,2,,,0,78,,191016,2,,,0,38,,191018,2,,,0,78,,191019,2,,,0,78,,191020,2,,,0,38,,191017,2,,,0,78,,191022,2,,,0,78,,191024,2,,,0,38,,191023,2,,,0,78,,191025,2,,,0,78,,191028,2,,,0,38,,191027,2,,,0,78,,191026,2,,,0
11500,'Sunday',611,,191029,2,,,0,38,,191030,2,,,0,78,,191031,2,,,0,78,,191032,2,,,0,38,,191033,2,,,0,78,,191034,2,,,0,38,,191035,2,,,0,78,,191036,2,,,0,78,,191037,2,,,0,38,,191038,2,,,0,78,,191039,2,,,0,78,,191040,2,,,0,38,,191041,2,,,0,78,,191042,2,,,0,78,,191043,2,,,0,38,,191044,2,,,0,78,,191045,2,,,0,38,,191047,2,,,0,78,,191048,2,,,0,78,,191049,2,,,0,38,,191046,2,,,0,78,,191050,2,,,0,78,,191052,2,,,0,38,,191051,2,,,0,78,,191053,2,,,0,78,,191056,2,,,0,38,,191055,2,,,0,78,,191054,2,,,0
11500,'Weekday',423,,191057,2,,,0,32,,191064,2,,,0,72,,191073,2,,,0,32,,191079,2,,,0,61,,191087,2,,,0,21,,191058,2,,,0,61,,191065,2,,,0,21,,191089,2,,,0,21,,191074,2,,,0,61,,191080,2,,,0,21,,191088,2,,,0,21,,191059,2,,,0,72,,191066,2,,,0,32,,191075,2,,,0,72,,191081,2,,,0,32,,191060,2,,,0,72,,191067,2,,,0,32,,191076,2,,,0,72,,191082,2,,,0,72,,191061,2,,,0,32,,191068,2,,,0,72,,191077,2,,,0,32,,191083,2,,,0,61,,191090,2,,,0,21,,191062,2,,,0,21,,191069,2,,,0,61,,191094,2,,,0,21,,191078,2,,,0,21,,191084,2,,,0,61,,191091,2,,,0,21,,191063,2,,,0,21,,191070,2,,,0,72,,191095,2,,,0,32,,191085,2,,,0,72,,191092,2,,,0,32,,191071,2,,,0,72,,191096,2,,,0,72,,191086,2,,,0,32,,191093,2,,,0,72,,191072,2,,,0,29,,191097,2,,,0
11500,'pB3Sep30-Saturday',611,,191098,2,,,0,38,,191118,2,,,0,78,,191099,2,,,0,78,,191100,2,,,0,38,,191101,2,,,0,78,,191102,2,,,0,38,,191103,2,,,0,78,,191104,2,,,0,78,,191105,2,,,0,38,,191106,2,,,0,78,,191107,2,,,0,78,,191108,2,,,0,38,,191109,2,,,0,78,,191110,2,,,0,78,,191111,2,,,0,38,,191112,2,,,0,78,,191113,2,,,0,38,,191115,2,,,0,78,,191116,2,,,0,78,,191117,2,,,0,38,,191114,2,,,0,78,,191119,2,,,0,78,,191121,2,,,0,38,,191120,2,,,0,78,,191122,2,,,0,78,,191125,2,,,0,38,,191124,2,,,0,78,,191123,2,,,0
15800,'Saturday',548,,195911,4,,,0,80,,195886,4,,,0,80,,195888,4,,,0,40,,195891,4,,,0,80,,195887,4,,,0,80,,195889,4,,,0,40,,195890,4,,,0,80,,195892,4,,,0,80,,195893,4,,,0,40,,195894,4,,,0,80,,195895,4,,,0,80,,195896,4,,,0,40,,195897,4,,,0,80,,195898,4,,,0,80,,195899,4,,,0,40,,195900,4,,,0,80,,195901,4,,,0,80,,195902,4,,,0,40,,195904,4,,,0,80,,195905,4,,,0,80,,195903,4,,,0,40,,195906,4,,,0,80,,195907,4,,,0,80,,195908,4,,,0,40,,195912,4,,,0,80,,195909,4,,,0,80,,195910,4,,,0
15800,'Sunday',548,,195922,4,,,0,80,,195932,4,,,0,80,,195913,4,,,0,40,,195923,4,,,0,80,,195933,4,,,0,80,,195914,4,,,0,40,,195924,4,,,0,80,,195934,4,,,0,80,,195915,4,,,0,40,,195925,4,,,0,80,,195935,4,,,0,80,,195916,4,,,0,40,,195926,4,,,0,80,,195936,4,,,0,80,,195917,4,,,0,40,,195927,4,,,0,80,,195937,4,,,0,80,,195918,4,,,0,40,,195928,4,,,0,80,,195938,4,,,0,80,,195919,4,,,0,40,,195930,4,,,0,80,,195939,4,,,0,80,,195920,4,,,0,40,,195929,4,,,0,80,,195940,4,,,0,80,,195921,4,,,0,40,,195931,4,,,0
15800,'Weekday',459,,195941,4,,,0,73,,195949,4,,,0,70,,195959,4,,,0,30,,195964,4,,,0,70,,195942,4,,,0,30,,195950,4,,,0,70,,195958,4,,,0,30,,195965,4,,,0,72,,195943,4,,,0,30,,195951,4,,,0,70,,195960,4,,,0,30,,195966,4,,,0,69,,195944,4,,,0,30,,195952,4,,,0,70,,195961,4,,,0,30,,195967,4,,,0,70,,195945,4,,,0,30,,195953,4,,,0,70,,195962,4,,,0,30,,195968,4,,,0,79,,195946,4,,,0,23,,195954,4,,,0,70,,195963,4,,,0,32,,195969,4,,,0,67,,195947,4,,,0,30,,195955,4,,,0,70,,195948,4,,,0,29,,195975,4,,,0,70,,195976,4,,,0,30,,195970,4,,,0,70,,195973,4,,,0,30,,195956,4,,,0,70,,195977,4,,,0,30,,195971,4,,,0,70,,195974,4,,,0,30,,195957,4,,,0,70,,195978,4,,,0,30,,195972,4,,,0
15800,'pB3Sep30-Saturday',548,,196004,4,,,0,80,,195979,4,,,0,80,,195981,4,,,0,40,,195985,4,,,0,80,,195980,4,,,0,80,,195982,4,,,0,40,,195984,4,,,0,80,,195986,4,,,0,80,,195983,4,,,0,40,,195987,4,,,0,80,,195988,4,,,0,80,,195989,4,,,0,40,,195990,4,,,0,80,,195991,4,,,0,80,,195992,4,,,0,40,,195993,4,,,0,80,,195994,4,,,0,80,,195995,4,,,0,40,,195997,4,,,0,80,,195998,4,,,0,80,,195996,4,,,0,40,,195999,4,,,0,80,,196000,4,,,0,80,,196001,4,,,0,40,,196005,4,,,0,80,,196002,4,,,0,80,,196003,4,,,0
16900,'Saturday',610,,196721,2,,,0,40,,196719,2,,,0,80,,196722,2,,,0,80,,196723,2,,,0,40,,196720,2,,,0,80,,196724,2,,,0,80,,196725,2,,,0,40,,196726,2,,,0,80,,196727,2,,,0,80,,196729,2,,,0,40,,196731,2,,,0,80,,196728,2,,,0,80,,196732,2,,,0,40,,196730,2,,,0,80,,196734,2,,,0,80,,196735,2,,,0,40,,196738,2,,,0,80,,196736,2,,,0,80,,196733,2,,,0,40,,196737,2,,,0,80,,196739,2,,,0,80,,196740,2,,,0,40,,196741,2,,,0,80,,196742,2,,,0,80,,196745,2,,,0,40,,196743,2,,,0,80,,196744,2,,,0
16900,'Sunday',610,,196756,2,,,0,40,,196765,2,,,0,80,,196746,2,,,0,80,,196757,2,,,0,40,,196766,2,,,0,80,,196747,2,,,0,80,,196759,2,,,0,40,,196767,2,,,0,80,,196748,2,,,0,80,,196758,2,,,0,40,,196769,2,,,0,80,,196751,2,,,0,80,,196760,2,,,0,40,,196768,2,,,0,80,,196750,2,,,0,80,,196761,2,,,0,40,,196770,2,,,0,80,,196752,2,,,0,80,,196762,2,,,0,40,,196771,2,,,0,80,,196753,2,,,0,80,,196763,2,,,0,40,,196772,2,,,0,80,,196754,2,,,0,80,,196764,2,,,0,40,,196749,2,,,0,80,,196755,2,,,0
16900,'Weekday',457,,196796,2,,,0,71,,196773,2,,,0,30,,196781,2,,,0,68,,196790,2,,,0,30,,196797,2,,,0,72,,196774,2,,,0,30,,196780,2,,,0,70,,196791,2,,,0,29,,196798,2,,,0,72,,196775,2,,,0,30,,196782,2,,,0,70,,196792,2,,,0,30,,196799,2,,,0,69,,196776,2,,,0,30,,196783,2,,,0,70,,196794,2,,,0,30,,196800,2,,,0,70,,196777,2,,,0,30,,196784,2,,,0,70,,196793,2,,,0,30,,196801,2,,,0,73,,196778,2,,,0,70,,196785,2,,,0,30,,196795,2,,,0,72,,196802,2,,,0,29,,196779,2,,,0,70,,196786,2,,,0,29,,196805,2,,,0,27,,196787,2,,,0,70,,196808,2,,,0,30,,196803,2,,,0,70,,196806,2,,,0,30,,196788,2,,,0,70,,196809,2,,,0,30,,196804,2,,,0,70,,196807,2,,,0,30,,196789,2,,,0,70,,196810,2,,,0
16900,'pB3Sep30-Saturday',610,,196813,2,,,0,40,,196811,2,,,0,80,,196814,2,,,0,80,,196815,2,,,0,40,,196812,2,,,0,80,,196816,2,,,0,80,,196817,2,,,0,40,,196818,2,,,0,80,,196819,2,,,0,80,,196821,2,,,0,40,,196823,2,,,0,80,,196820,2,,,0,80,,196824,2,,,0,40,,196822,2,,,0,80,,196826,2,,,0,80,,196827,2,,,0,40,,196830,2,,,0,80,,196828,2,,,0,80,,196825,2,,,0,40,,196829,2,,,0,80,,196831,2,,,0,80,,196832,2,,,0,40,,196833,2,,,0,80,,196834,2,,,0,80,,196837,2,,,0,40,,196835,2,,,0,80,,196836,2,,,0
