2000,'Saturday',628,,173787,18,,,0,26,,173806,18,,,0,66,,173793,18,,,0,26,,173799,18,,,0,66,,173814,18,,,0,26,,173819,18,,,0,66,,173788,18,,,0,27,,173807,18,,,0,27,,173794,18,,,0,67,,173801,18,,,0,27,,173813,18,,,0,67,,173820,18,,,0,27,,173786,18,,,0,67,,173808,18,,,0,27,,173795,18,,,0,67,,173802,18,,,0,27,,173815,18,,,0,67,,173821,18,,,0,27,,173789,18,,,0,27,,173809,18,,,0,67,,173796,18,,,0,27,,173803,18,,,0,67,,173816,18,,,0,27,,173822,18,,,0,67,,173790,18,,,0,27,,173810,18,,,0,67,,173797,18,,,0,27,,173804,18,,,0,27,,173818,18,,,0,67,,173823,18,,,0,27,,173792,18,,,0,66,,173811,18,,,0,26,,173798,18,,,0,66,,173805,18,,,0,26,,173817,18,,,0,66,,173824,18,,,0,26,,173791,18,,,0,26,,173812,18,,,0,66,,173826,18,,,0,25,,173825,18,,,0,66,,173800,18,,,0
2000,'Sunday',628,,173827,18,,,0,26,,173846,18,,,0,66,,173835,18,,,0,26,,173840,18,,,0,66,,173853,18,,,0,26,,173860,18,,,0,66,,173828,18,,,0,27,,173847,18,,,0,27,,173836,18,,,0,67,,173841,18,,,0,27,,173854,18,,,0,67,,173859,18,,,0,27,,173829,18,,,0,67,,173848,18,,,0,27,,173837,18,,,0,67,,173842,18,,,0,27,,173855,18,,,0,67,,173861,18,,,0,27,,173830,18,,,0,27,,173849,18,,,0,67,,173838,18,,,0,27,,173843,18,,,0,67,,173856,18,,,0,27,,173863,18,,,0,67,,173831,18,,,0,27,,173850,18,,,0,67,,173834,18,,,0,27,,173844,18,,,0,27,,173857,18,,,0,67,,173862,18,,,0,27,,173833,18,,,0,66,,173851,18,,,0,26,,173839,18,,,0,66,,173845,18,,,0,26,,173858,18,,,0,66,,173864,18,,,0,26,,173832,18,,,0,26,,173866,18,,,0,66,,173865,18,,,0,24,,173852,18,,,0
2000,'Weekday',453,,173867,3,,,0,61,,173877,3,,,0,21,,173881,18,,,0,70,,173895,18,,,0,28,,173889,18,,,0,14,,173901,18,,,0,54,,173875,18,,,0,14,,173903,18,,,0,14,,173868,18,,,0,14,,173905,18,,,0,14,,173876,18,,,0,54,,173900,18,,,0,14,,173882,18,,,0,15,,173902,18,,,0,12,,173893,18,,,0,54,,173904,18,,,0,14,,173891,18,,,0,28,,173906,18,,,0,68,,173869,18,,,0,28,,173878,18,,,0,68,,173883,18,,,0,28,,173896,18,,,0,68,,173890,18,,,0,28,,173907,18,,,0,68,,173870,18,,,0,28,,173879,18,,,0,25,,173884,18,,,0,71,,173897,18,,,0,30,,173892,18,,,0,43,,173912,3,,,0,20,,173917,3,,,0,5,,173908,18,,,0,14,,173915,18,,,0,14,,173871,18,,,0,54,,173923,18,,,0,14,,173880,18,,,0,14,,173926,18,,,0,14,,173886,18,,,0,54,,173913,18,,,0,12,,173918,18,,,0,14,,173898,18,,,0,14,,173894,18,,,0,14,,173914,18,,,0,54,,173909,18,,,0,14,,173916,18,,,0,14,,173872,18,,,0,13,,173922,18,,,0,68,,173885,18,,,0,28,,173919,18,,,0,68,,173899,18,,,0,28,,173910,18,,,0,68,,173873,18,,,0,28,,173924,18,,,0,68,,173887,18,,,0,35,,173920,18,,,0,67,,173911,18,,,0,30,,173874,18,,,0,70,,173925,18,,,0,30,,173888,18,,,0,60,,173921,18,,,0
2000,'Weekday0000100',1422,,173927,3,,,0
2000,'pB3Sep30-Saturday',628,,173929,18,,,0,26,,173948,18,,,0,66,,173935,18,,,0,26,,173941,18,,,0,66,,173956,18,,,0,26,,173961,18,,,0,66,,173930,18,,,0,27,,173949,18,,,0,27,,173936,18,,,0,67,,173943,18,,,0,27,,173955,18,,,0,67,,173962,18,,,0,27,,173928,18,,,0,67,,173950,18,,,0,27,,173937,18,,,0,67,,173944,18,,,0,27,,173957,18,,,0,67,,173963,18,,,0,27,,173931,18,,,0,27,,173951,18,,,0,67,,173938,18,,,0,27,,173945,18,,,0,67,,173958,18,,,0,27,,173964,18,,,0,67,,173932,18,,,0,27,,173952,18,,,0,67,,173939,18,,,0,27,,173946,18,,,0,27,,173960,18,,,0,67,,173965,18,,,0,27,,173934,18,,,0,66,,173953,18,,,0,26,,173940,18,,,0,66,,173947,18,,,0,26,,173959,18,,,0,66,,173966,18,,,0,26,,173933,18,,,0,26,,173954,18,,,0,66,,173968,18,,,0,25,,173967,18,,,0,66,,173942,18,,,0
69900,'Weekday0000100',1350,,200951,6,0,115 116,0,80,,200950,6,0,115 116,0
69900,'Weekday1111000',1542,,200952,6,0,115 116,0
82500,'Weekday',850,,201254,20,4,,0
82501,'Weekday0000100',1425,10,201255,1,0,40 85 1 42 86,0
82501,'Weekday1111000',1525,10,201256,1,0,40 85 1 42 86,0
82600,'Weekday0000100',1425,10,201257,1,0,40 85 1 149 1 150,0
82600,'Weekday1111000',1525,10,201258,1,0,40 85 1 149 1 150,0
