2800,'Saturday',603,,175693,38,,,0,30,,175699,38,,,0,70,,175691,38,,,0,30,,175707,38,,,0,70,,175697,38,,,0,30,,175705,38,,,0,70,,175690,38,,,0,30,,175712,38,,,0,70,,175692,38,,,0,30,,175709,38,,,0,70,,175694,38,,,0,30,,175708,38,,,0,70,,175695,38,,,0,30,,175710,38,,,0,70,,175696,38,,,0,30,,175711,38,,,0,70,,175681,38,,,0,30,,175700,38,,,0,70,,175682,38,,,0,30,,175704,38,,,0,70,,175683,38,,,0,30,,175698,38,,,0,70,,175684,38,,,0,30,,175703,38,,,0,70,,175685,38,,,0,30,,175701,38,,,0,70,,175686,38,,,0,30,,175702,38,,,0,70,,175687,38,,,0,30,,175706,38,,,0,70,,175688,38,,,0,30,,175713,38,,,0,72,,175689,38,,,0
2800,'Sunday',733,,175718,38,,,0,70,,175729,38,,,0,30,,175723,38,,,0,70,,175730,38,,,0,30,,175724,38,,,0,70,,175731,38,,,0,30,,175725,38,,,0,70,,175732,38,,,0,30,,175721,38,,,0,70,,175733,38,,,0,30,,175714,38,,,0,70,,175734,38,,,0,30,,175715,38,,,0,70,,175735,38,,,0,30,,175716,38,,,0,70,,175736,38,,,0,30,,175717,38,,,0,70,,175737,38,,,0,30,,175719,38,,,0,70,,175738,38,,,0,30,,175722,38,,,0,70,,175739,38,,,0,30,,175720,38,,,0,70,,175740,38,,,0,30,,175727,38,,,0,70,,175741,38,,,0,30,,175728,38,,,0,70,,175742,38,,,0,32,,175726,38,,,0,70,,175743,38,,,0
2800,'Weekday',532,,175745,21,,,0,72,,175746,38,,,0,38,,175747,38,,,0,70,,175763,38,,,0,30,,175748,38,,,0,70,,175764,38,,,0,30,,175749,38,,,0,70,,175766,38,,,0,30,,175750,38,,,0,70,,175765,38,,,0,30,,175751,38,,,0,70,,175767,38,,,0,30,,175753,38,,,0,70,,175768,38,,,0,30,,175752,38,,,0,70,,175770,38,,,0,30,,175754,38,,,0,70,,175769,38,,,0,30,,175755,38,,,0,70,,175772,38,,,0,30,,175756,38,,,0,70,,175773,38,,,0,30,,175757,38,,,0,70,,175771,38,,,0,30,,175758,38,,,0,70,,175774,38,,,0,30,,175759,38,,,0,65,,175775,38,,,0,28,,175744,38,,,0,69,,175777,38,,,0,30,,175760,38,,,0,70,,175778,38,,,0,30,,175761,38,,,0,70,,175779,38,,,0,30,,175762,38,,,0,70,,175776,38,,,0,30,,175781,38,,,0,70,,175780,38,,,0
2800,'pB3Sep30-Saturday',603,,175791,38,,,0,30,,175801,38,,,0,70,,175793,38,,,0,30,,175808,38,,,0,70,,175798,38,,,0,30,,175806,38,,,0,70,,175792,38,,,0,30,,175813,38,,,0,70,,175794,38,,,0,30,,175810,38,,,0,70,,175795,38,,,0,30,,175809,38,,,0,70,,175796,38,,,0,30,,175811,38,,,0,70,,175797,38,,,0,30,,175812,38,,,0,70,,175782,38,,,0,30,,175799,38,,,0,70,,175783,38,,,0,30,,175805,38,,,0,70,,175784,38,,,0,30,,175800,38,,,0,70,,175785,38,,,0,30,,175804,38,,,0,70,,175786,38,,,0,30,,175802,38,,,0,70,,175787,38,,,0,30,,175803,38,,,0,70,,175788,38,,,0,30,,175807,38,,,0,70,,175789,38,,,0,30,,175814,38,,,0,72,,175790,38,,,0
4400,'Saturday',703,,178618,35,,,0,40,,178619,35,,,0,80,,178620,35,,,0,80,,178621,35,,,0,40,,178622,35,,,0,80,,178623,35,,,0,80,,178624,35,,,0,40,,178626,35,,,0,80,,178628,35,,,0,80,,178627,35,,,0,40,,178629,35,,,0,80,,178625,35,,,0,80,,178630,35,,,0,40,,178631,35,,,0,80,,178632,35,,,0,80,,178633,35,,,0,40,,178634,35,,,0,80,,178635,35,,,0,80,,178636,35,,,0,42,,178637,35,,,0
4400,'Weekday',545,,178638,35,,,0,80,,178639,35,,,0,80,,178640,35,,,0,38,,178641,35,,,0,73,,178642,35,,,0,40,,178644,35,,,0,89,,178645,35,,,0,80,,178643,35,,,0,80,,178647,35,,,0,40,,178648,35,,,0,80,,178646,35,,,0,80,,178649,35,,,0,40,,178650,35,,,0,80,,178651,35,,,0,88,,178653,35,,,0,34,,178654,35,,,0,78,,178655,35,,,0,80,,178652,35,,,0,40,,178656,35,,,0,80,,178657,35,,,0,80,,178658,35,,,0,40,,178659,35,,,0
4400,'pB3Sep30-Saturday',703,,178660,35,,,0,40,,178661,35,,,0,80,,178662,35,,,0,80,,178663,35,,,0,40,,178664,35,,,0,80,,178665,35,,,0,80,,178666,35,,,0,40,,178668,35,,,0,80,,178670,35,,,0,80,,178669,35,,,0,40,,178671,35,,,0,80,,178667,35,,,0,80,,178672,35,,,0,40,,178673,35,,,0,80,,178674,35,,,0,80,,178675,35,,,0,40,,178676,35,,,0,80,,178677,35,,,0,80,,178678,35,,,0,42,,178679,35,,,0
8300,'Saturday',624,,186030,27,,,0,30,,186044,27,,,0,70,,186029,27,,,0,30,,186041,27,,,0,70,,186023,27,,,0,30,,186039,27,,,0,70,,186025,27,,,0,30,,186040,27,,,0,70,,186024,27,,,0,30,,186043,27,,,0,70,,186026,27,,,0,30,,186042,27,,,0,70,,186027,27,,,0,30,,186045,27,,,0,70,,186028,27,,,0,30,,186038,27,,,0,70,,186015,27,,,0,30,,186032,27,,,0,70,,186016,27,,,0,30,,186034,27,,,0,70,,186018,27,,,0,30,,186036,27,,,0,70,,186019,27,,,0,30,,186033,27,,,0,70,,186020,27,,,0,30,,186037,27,,,0,70,,186021,27,,,0,30,,186035,27,,,0,70,,186022,27,,,0,30,,186031,27,,,0,70,,186017,27,,,0,30,,186046,27,,,0
8300,'Sunday',754,,186056,27,,,0,70,,186063,27,,,0,30,,186057,27,,,0,70,,186062,27,,,0,30,,186054,27,,,0,70,,186065,27,,,0,30,,186055,27,,,0,70,,186064,27,,,0,30,,186058,27,,,0,70,,186066,27,,,0,30,,186047,27,,,0,70,,186068,27,,,0,30,,186048,27,,,0,70,,186067,27,,,0,30,,186049,27,,,0,70,,186070,27,,,0,30,,186050,27,,,0,70,,186069,27,,,0,30,,186051,27,,,0,70,,186071,27,,,0,30,,186052,27,,,0,70,,186072,27,,,0,30,,186059,27,,,0,70,,186073,27,,,0,30,,186060,27,,,0,70,,186074,27,,,0,30,,186061,27,,,0,70,,186075,27,,,0,32,,186053,27,,,0,70,,186076,27,,,0
8300,'Weekday',552,,186094,12,,,0,61,,186095,27,,,0,22,,186096,27,,,0,70,,186078,27,,,0,30,,186098,27,,,0,70,,186079,27,,,0,30,,186097,27,,,0,70,,186080,27,,,0,30,,186100,27,,,0,70,,186081,27,,,0,30,,186099,27,,,0,70,,186082,27,,,0,30,,186101,27,,,0,70,,186083,27,,,0,30,,186102,27,,,0,70,,186084,27,,,0,30,,186103,27,,,0,70,,186085,27,,,0,30,,186105,27,,,0,75,,186086,27,,,0,26,,186104,27,,,0,70,,186087,27,,,0,30,,186106,27,,,0,70,,186089,27,,,0,30,,186107,27,,,0,70,,186088,27,,,0,30,,186108,27,,,0,68,,186077,27,,,0,25,,186109,27,,,0,30,,186090,27,,,0,70,,186110,27,,,0,30,,186091,27,,,0,70,,186111,27,,,0,30,,186092,27,,,0,70,,186112,27,,,0,30,,186093,27,,,0,70,,186113,27,,,0
8300,'pB3Sep30-Saturday',624,,186129,27,,,0,30,,186143,27,,,0,70,,186128,27,,,0,30,,186140,27,,,0,70,,186122,27,,,0,30,,186138,27,,,0,70,,186124,27,,,0,30,,186139,27,,,0,70,,186123,27,,,0,30,,186142,27,,,0,70,,186125,27,,,0,30,,186141,27,,,0,70,,186126,27,,,0,30,,186144,27,,,0,70,,186127,27,,,0,30,,186137,27,,,0,70,,186114,27,,,0,30,,186131,27,,,0,70,,186115,27,,,0,30,,186133,27,,,0,70,,186117,27,,,0,30,,186135,27,,,0,70,,186118,27,,,0,30,,186132,27,,,0,70,,186119,27,,,0,30,,186136,27,,,0,70,,186120,27,,,0,30,,186134,27,,,0,70,,186121,27,,,0,30,,186130,27,,,0,70,,186116,27,,,0,30,,186145,27,,,0
71200,'Weekday',834,,200981,12,0,29 158,0
71300,'Weekday',837,,200984,21,0,29 160,0
76001,'Weekday',832,,201102,5,0,48 49 78 164,0
