3200,'Saturday',645,,175926,30,,,0,66,,175914,30,,,0,27,,175938,30,,,0,70,,175927,30,,,0,30,,175915,30,,,0,68,,175939,30,,,0,30,,175928,30,,,0,70,,175916,30,,,0,30,,175940,30,,,0,70,,175929,30,,,0,30,,175917,30,,,0,70,,175941,30,,,0,30,,175930,30,,,0,70,,175918,30,,,0,30,,175942,30,,,0,70,,175931,30,,,0,30,,175919,30,,,0,70,,175943,30,,,0,30,,175932,30,,,0,70,,175920,30,,,0,30,,175944,30,,,0,70,,175933,30,,,0,30,,175921,30,,,0,70,,175945,30,,,0,30,,175934,30,,,0,70,,175922,30,,,0,30,,175946,30,,,0,69,,175935,30,,,0,26,,175923,30,,,0,70,,175947,30,,,0,30,,175936,30,,,0,70,,175924,30,,,0,30,,175948,30,,,0,70,,175937,30,,,0,30,,175925,30,,,0
3200,'Sunday',645,,175961,30,,,0,66,,175949,30,,,0,27,,175973,30,,,0,70,,175962,30,,,0,30,,175950,30,,,0,68,,175974,30,,,0,30,,175963,30,,,0,70,,175951,30,,,0,30,,175975,30,,,0,70,,175964,30,,,0,30,,175952,30,,,0,70,,175976,30,,,0,30,,175965,30,,,0,70,,175953,30,,,0,30,,175977,30,,,0,70,,175966,30,,,0,30,,175954,30,,,0,70,,175978,30,,,0,30,,175967,30,,,0,70,,175955,30,,,0,30,,175979,30,,,0,70,,175968,30,,,0,30,,175956,30,,,0,70,,175980,30,,,0,30,,175969,30,,,0,70,,175957,30,,,0,30,,175981,30,,,0,69,,175970,30,,,0,26,,175958,30,,,0,70,,175982,30,,,0,30,,175971,30,,,0,70,,175959,30,,,0,30,,175983,30,,,0,70,,175972,30,,,0,30,,175960,30,,,0
3200,'Weekday',550,,175984,30,,,0,55,,176001,30,,,0,15,,176015,30,,,0,16,,176017,30,,,0,15,,175993,30,,,0,55,,176013,30,,,0,15,,175985,30,,,0,16,,176018,30,,,0,16,,176002,30,,,0,56,,176016,30,,,0,16,,175994,30,,,0,16,,176014,30,,,0,15,,175986,30,,,0,55,,176019,30,,,0,15,,176003,30,,,0,30,,175995,30,,,0,70,,175987,30,,,0,29,,176004,30,,,0,69,,175996,30,,,0,30,,175988,30,,,0,70,,176005,30,,,0,30,,175997,30,,,0,70,,175989,30,,,0,30,,176006,30,,,0,70,,175998,30,,,0,30,,175990,30,,,0,58,,176026,30,,,0,18,,176007,30,,,0,16,,176035,30,,,0,55,,176020,30,,,0,16,,175999,30,,,0,16,,176033,30,,,0,17,,175991,30,,,0,57,,176027,30,,,0,17,,176008,30,,,0,15,,176021,30,,,0,15,,176000,30,,,0,56,,176034,30,,,0,13,,175992,30,,,0,15,,176028,30,,,0,69,,176009,30,,,0,28,,176022,30,,,0,68,,176029,30,,,0,28,,176010,30,,,0,28,,176023,30,,,0,67,,176030,30,,,0,28,,176011,30,,,0,68,,176024,30,,,0,28,,176031,30,,,0,68,,176012,30,,,0,28,,176025,30,,,0,75,,176032,30,,,0
3200,'pB3Sep30-Saturday',645,,176048,30,,,0,66,,176036,30,,,0,27,,176060,30,,,0,70,,176049,30,,,0,30,,176037,30,,,0,68,,176061,30,,,0,30,,176050,30,,,0,70,,176038,30,,,0,30,,176062,30,,,0,70,,176051,30,,,0,30,,176047,30,,,0,70,,176063,30,,,0,30,,176052,30,,,0,70,,176039,30,,,0,30,,176064,30,,,0,70,,176053,30,,,0,30,,176040,30,,,0,70,,176065,30,,,0,30,,176054,30,,,0,70,,176041,30,,,0,30,,176066,30,,,0,70,,176055,30,,,0,30,,176042,30,,,0,70,,176067,30,,,0,30,,176056,30,,,0,70,,176043,30,,,0,30,,176068,30,,,0,69,,176057,30,,,0,26,,176044,30,,,0,70,,176069,30,,,0,30,,176058,30,,,0,70,,176045,30,,,0,30,,176070,30,,,0,70,,176059,30,,,0,30,,176046,30,,,0
3800,'Saturday',456,,177268,27,,,0,63,,177269,27,,,0,23,,177270,27,,,0,63,,177272,27,,,0,23,,177273,27,,,0,23,,177271,27,,,0,63,,177274,27,,,0,23,,177276,27,,,0,63,,177275,27,,,0,23,,177277,27,,,0,23,,177278,27,,,0,63,,177280,27,,,0,24,,177279,27,,,0,26,,177284,27,,,0,62,,177285,27,,,0,22,,177286,27,,,0,63,,177283,27,,,0,21,,177282,27,,,0,21,,177281,27,,,0,61,,177287,27,,,0,22,,177289,27,,,0,22,,177288,27,,,0,62,,177290,27,,,0,22,,177244,27,,,0,21,,177239,27,,,0,61,,177291,27,,,0,22,,177266,27,,,0,62,,177293,27,,,0,22,,177292,27,,,0,22,,177245,27,,,0,61,,177246,27,,,0,20,,177257,27,,,0,22,,177254,27,,,0,62,,177240,27,,,0,22,,177250,27,,,0,22,,177247,27,,,0,61,,177251,27,,,0,20,,177241,27,,,0,20,,177262,27,,,0,63,,177267,27,,,0,20,,177258,27,,,0,18,,177255,27,,,0,64,,177242,27,,,0,24,,177248,27,,,0,64,,177256,27,,,0,25,,177263,27,,,0,24,,177252,27,,,0,64,,177259,27,,,0,24,,177249,27,,,0,64,,177243,27,,,0,24,,177265,27,,,0,24,,177260,27,,,0,64,,177264,27,,,0,24,,177253,27,,,0,64,,177261,27,,,0
3800,'Sunday',456,,177294,27,,,0,63,,177295,27,,,0,23,,177296,27,,,0,63,,177297,27,,,0,23,,177298,27,,,0,23,,177299,27,,,0,63,,177300,27,,,0,23,,177301,27,,,0,63,,177302,27,,,0,23,,177303,27,,,0,23,,177304,27,,,0,63,,177305,27,,,0,24,,177306,27,,,0,26,,177307,27,,,0,62,,177308,27,,,0,22,,177309,27,,,0,63,,177310,27,,,0,21,,177311,27,,,0,21,,177312,27,,,0,61,,177313,27,,,0,22,,177314,27,,,0,22,,177315,27,,,0,62,,177316,27,,,0,22,,177317,27,,,0,21,,177318,27,,,0,61,,177319,27,,,0,22,,177320,27,,,0,62,,177321,27,,,0,22,,177322,27,,,0,22,,177323,27,,,0,61,,177348,27,,,0,20,,177324,27,,,0,22,,177325,27,,,0,62,,177326,27,,,0,22,,177327,27,,,0,22,,177328,27,,,0,61,,177329,27,,,0,20,,177330,27,,,0,20,,177331,27,,,0,62,,177332,27,,,0,21,,177333,27,,,0,19,,177334,27,,,0,63,,177335,27,,,0,24,,177336,27,,,0,64,,177337,27,,,0,25,,177338,27,,,0,24,,177339,27,,,0,64,,177340,27,,,0,24,,177341,27,,,0,64,,177342,27,,,0,24,,177343,27,,,0,24,,177344,27,,,0,64,,177345,27,,,0,24,,177346,27,,,0,64,,177347,27,,,0
3800,'Weekday',444,,177350,27,,,0,13,,177351,27,,,0,53,,177352,27,,,0,13,,177353,27,,,0,13,,177354,27,,,0,14,,177355,27,,,0,53,,177369,27,,,0,15,,177356,27,,,0,15,,177357,27,,,0,15,,177358,27,,,0,56,,177359,27,,,0,19,,177360,27,,,0,15,,177361,27,,,0,15,,177362,27,,,0,55,,177363,27,,,0,15,,177364,27,,,0,16,,177365,27,,,0,17,,177366,27,,,0,53,,177349,27,0,121 47,0,5,,177367,27,,,0,19,,177368,27,,,0,20,,177371,27,,,0,60,,177382,27,,,0,18,,177374,27,,,0,18,,177378,27,,,0,59,,177380,27,,,0,19,,177384,27,,,0,19,,177376,27,,,0,58,,177372,27,,,0,18,,177383,27,,,0,20,,177379,27,,,0,60,,177377,27,,,0,19,,177373,27,,,0,19,,177381,27,,,0,17,,177370,27,,,0,57,,177375,27,,,0,15,,177385,27,,,0,15,,177388,27,,,0,15,,177390,27,,,0,56,,177391,27,,,0,16,,177392,27,,,0,15,,177393,27,,,0,5,,177424,27,,,0,50,,177394,27,,,0,14,,177395,27,,,0,13,,177396,27,,,0,15,,177397,27,,,0,15,,177398,27,,,0,56,,177399,27,,,0,15,,177400,27,,,0,16,,177401,27,,,0,55,,177402,27,,,0,14,,177403,27,,,0,15,,177386,27,,,0,14,,177387,27,,,0,15,,177389,27,,,0,60,,177404,27,,,0,20,,177405,27,,,0,20,,177406,27,,,0,60,,177407,27,,,0,19,,177408,27,,,0,18,,177409,27,,,0,61,,177410,27,,,0,20,,177411,27,,,0,20,,177412,27,,,0,60,,177413,27,,,0,19,,177414,27,,,0,20,,177415,27,,,0,60,,177416,27,,,0,20,,177417,27,,,0,20,,177418,27,,,0,60,,177419,27,,,0,20,,177420,27,,,0,20,,177421,27,,,0,60,,177422,27,,,0,20,,177423,27,,,0
3800,'Weekday0000100',923,,177425,27,0,121 47,0,482,,177427,27,,,0,42,,177426,27,,,0
3800,'Weekday1111000',904,,177428,27,0,121 47,0,641,,177430,27,,,0,6,,177429,27,,,0
3800,'pB3Sep30-Saturday',456,,177460,27,,,0,63,,177461,27,,,0,23,,177462,27,,,0,63,,177464,27,,,0,23,,177465,27,,,0,23,,177463,27,,,0,63,,177466,27,,,0,23,,177468,27,,,0,63,,177467,27,,,0,23,,177469,27,,,0,23,,177470,27,,,0,63,,177472,27,,,0,24,,177471,27,,,0,26,,177476,27,,,0,62,,177477,27,,,0,22,,177478,27,,,0,63,,177475,27,,,0,21,,177474,27,,,0,21,,177473,27,,,0,61,,177479,27,,,0,22,,177481,27,,,0,22,,177480,27,,,0,62,,177482,27,,,0,22,,177436,27,,,0,21,,177432,27,,,0,61,,177483,27,,,0,22,,177458,27,,,0,62,,177485,27,,,0,22,,177484,27,,,0,22,,177437,27,,,0,61,,177438,27,,,0,20,,177449,27,,,0,22,,177446,27,,,0,62,,177433,27,,,0,22,,177442,27,,,0,22,,177439,27,,,0,61,,177443,27,,,0,20,,177431,27,,,0,20,,177454,27,,,0,63,,177459,27,,,0,20,,177450,27,,,0,18,,177447,27,,,0,64,,177434,27,,,0,24,,177440,27,,,0,64,,177448,27,,,0,25,,177455,27,,,0,24,,177444,27,,,0,64,,177451,27,,,0,24,,177441,27,,,0,64,,177435,27,,,0,24,,177457,27,,,0,24,,177452,27,,,0,64,,177456,27,,,0,24,,177445,27,,,0,64,,177453,27,,,0
