9801,'Saturday',600,,188642,9,,,0,35,,188643,9,,,0,75,,188645,9,,,0,35,,188644,9,,,0,75,,188647,9,,,0,35,,188648,9,,,0,75,,188646,9,,,0,75,,188649,9,,,0,35,,188650,9,,,0,75,,188651,9,,,0,35,,188652,9,,,0,75,,188653,9,,,0,75,,188654,9,,,0,35,,188655,9,,,0,75,,188656,9,,,0,35,,188657,9,,,0,75,,188658,9,,,0,35,,188659,9,,,0,75,,188660,9,,,0,75,,188661,9,,,0,35,,188662,9,,,0,75,,188663,9,,,0,35,,188665,9,,,0,75,,188664,9,,,0,75,,188666,9,,,0,35,,188667,9,,,0,75,,188669,9,,,0,35,,188668,9,,,0,75,,188671,9,,,0,35,,188670,9,,,0
9801,'Sunday',819,,188672,9,,,0,35,,188673,9,,,0,75,,188674,9,,,0,75,,188675,9,,,0,35,,188676,9,,,0,75,,188678,9,,,0,35,,188677,9,,,0,75,,188679,9,,,0,35,,188680,9,,,0,75,,188681,9,,,0,75,,188682,9,,,0,35,,188683,9,,,0,75,,188684,9,,,0,35,,188685,9,,,0,75,,188686,9,,,0,75,,188687,9,,,0,35,,188688,9,,,0,75,,188690,9,,,0,35,,188689,9,,,0,75,,188691,9,,,0,35,,188692,9,,,0,75,,188693,9,,,0,75,,188694,9,,,0,35,,188695,9,,,0,75,,188696,9,,,0,35,,188697,9,,,0
9801,'Weekday',442,,188700,9,,,0,73,,188701,9,,,0,33,,188718,9,,,0,75,,188702,9,,,0,33,,188719,9,,,0,73,,188703,9,,,0,73,,188720,9,,,0,27,,188698,9,,,0,6,,188704,9,,,0,72,,188721,9,,,0,33,,188705,9,,,0,72,,188722,9,,,0,34,,188706,9,,,0,73,,188723,9,,,0,33,,188707,9,,,0,73,,188724,9,,,0,33,,188708,9,,,0,73,,188725,9,,,0,73,,188709,9,,,0,33,,188726,9,,,0,74,,188710,9,,,0,34,,188727,9,,,0,57,,188699,9,,,0,16,,188711,9,,,0,33,,188728,9,,,0,73,,188712,9,,,0,32,,188729,9,,,0,73,,188713,9,,,0,72,,188730,9,,,0,33,,188714,9,,,0,73,,188731,9,,,0,33,,188715,9,,,0,72,,188732,9,,,0,33,,188716,9,,,0,73,,188733,9,,,0,33,,188717,9,,,0,73,,188734,9,,,0
9801,'Weekday0000100',1344,,188735,9,,,0
9801,'Weekday1111000',1606,,188736,9,,,0
9801,'pB3Sep30-Saturday',600,,188737,9,,,0,35,,188738,9,,,0,75,,188740,9,,,0,35,,188739,9,,,0,75,,188742,9,,,0,35,,188743,9,,,0,75,,188741,9,,,0,75,,188744,9,,,0,35,,188745,9,,,0,75,,188746,9,,,0,35,,188747,9,,,0,75,,188748,9,,,0,75,,188749,9,,,0,35,,188750,9,,,0,75,,188751,9,,,0,35,,188752,9,,,0,75,,188753,9,,,0,35,,188754,9,,,0,75,,188755,9,,,0,75,,188756,9,,,0,35,,188757,9,,,0,75,,188758,9,,,0,35,,188760,9,,,0,75,,188759,9,,,0,75,,188761,9,,,0,35,,188762,9,,,0,75,,188764,9,,,0,35,,188763,9,,,0,75,,188766,9,,,0,35,,188765,9,,,0
69900,'Weekday0000100',1436,,200951,47,0,115 116,0,80,,200950,47,0,115 116,0
69900,'Weekday1111000',1628,,200952,47,0,115 116,0
69901,'Weekday',746,,200953,5,0,115 116,0
72800,'Weekday',818,,201039,9,0,140 69 31,0
89400,'Weekday',722,,201354,14,0,12 68 1 114 12,0
89401,'Weekday',1514,,201355,41,0,12 68 1 114 12,0
