4600,'Saturday',530,,178744,30,,,0,26,,178758,30,,,0,66,,178772,30,,,0,26,,178745,30,,,0,66,,178759,30,,,0,26,,178773,30,,,0,66,,178746,30,,,0,26,,178760,30,,,0,26,,178774,30,,,0,66,,178747,30,,,0,26,,178761,30,,,0,66,,178775,30,,,0,26,,178748,30,,,0,66,,178762,30,,,0,26,,178776,30,,,0,66,,178749,30,,,0,26,,178763,30,,,0,26,,178777,30,,,0,66,,178750,30,,,0,26,,178764,30,,,0,66,,178778,30,,,0,26,,178751,30,,,0,66,,178765,30,,,0,26,,178779,30,,,0,26,,178752,30,,,0,66,,178766,30,,,0,26,,178780,30,,,0,66,,178753,30,,,0,26,,178767,30,,,0,66,,178781,30,,,0,26,,178754,30,,,0,26,,178768,30,,,0,66,,178782,30,,,0,26,,178755,30,,,0,66,,178769,30,,,0,26,,178783,30,,,0,66,,178756,30,,,0,26,,178770,30,,,0,26,,178784,30,,,0,66,,178757,30,,,0,26,,178771,30,,,0,66,,178785,30,,,0
4600,'Sunday',530,,178786,30,,,0,26,,178800,30,,,0,66,,178814,30,,,0,26,,178787,30,,,0,66,,178801,30,,,0,26,,178815,30,,,0,66,,178788,30,,,0,26,,178802,30,,,0,26,,178816,30,,,0,66,,178789,30,,,0,26,,178803,30,,,0,66,,178817,30,,,0,26,,178790,30,,,0,66,,178804,30,,,0,26,,178818,30,,,0,66,,178791,30,,,0,26,,178805,30,,,0,26,,178819,30,,,0,66,,178792,30,,,0,26,,178806,30,,,0,66,,178820,30,,,0,26,,178793,30,,,0,66,,178807,30,,,0,26,,178821,30,,,0,26,,178794,30,,,0,66,,178808,30,,,0,26,,178822,30,,,0,66,,178795,30,,,0,26,,178809,30,,,0,66,,178823,30,,,0,26,,178796,30,,,0,26,,178810,30,,,0,66,,178824,30,,,0,26,,178797,30,,,0,66,,178811,30,,,0,26,,178825,30,,,0,66,,178798,30,,,0,26,,178812,30,,,0,26,,178826,30,,,0,66,,178799,30,,,0,26,,178813,30,,,0,66,,178827,30,,,0
4600,'Weekday',528,,178828,30,,,0,13,,178831,30,,,0,13,,178846,30,,,0,54,,178849,30,,,0,15,,178866,30,,,0,17,,178869,30,,,0,14,,178829,30,,,0,54,,178832,30,,,0,14,,178847,30,,,0,14,,178850,30,,,0,14,,178867,30,,,0,54,,178870,30,,,0,14,,178830,30,,,0,14,,178833,30,,,0,14,,178848,30,,,0,54,,178851,30,,,0,14,,178868,30,,,0,11,,178871,30,,,0,25,,178834,30,,,0,66,,178852,30,,,0,26,,178872,30,,,0,66,,178835,30,,,0,26,,178853,30,,,0,66,,178873,30,,,0,26,,178836,30,,,0,26,,178854,30,,,0,66,,178874,30,,,0,26,,178837,30,,,0,66,,178855,30,,,0,26,,178875,30,,,0,66,,178838,30,,,0,29,,178856,30,,,0,15,,178864,30,,,0,54,,178876,30,,,0,14,,178883,30,,,0,14,,178839,30,,,0,14,,178885,30,,,0,14,,178857,30,,,0,54,,178865,30,,,0,14,,178877,30,,,0,14,,178884,30,,,0,14,,178840,30,,,0,53,,178886,30,,,0,13,,178858,30,,,0,26,,178878,30,,,0,59,,178841,30,,,0,26,,178859,30,,,0,26,,178879,30,,,0,66,,178842,30,,,0,26,,178860,30,,,0,66,,178880,30,,,0,26,,178843,30,,,0,66,,178861,30,,,0,23,,178881,30,,,0,26,,178844,30,,,0,66,,178862,30,,,0,26,,178882,30,,,0,66,,178845,30,,,0,26,,178863,30,,,0
4600,'Weekday0000100',1400,,178887,30,,,0
4600,'Weekday1111000',1629,,178888,30,,,0
4600,'pB3Sep30-Saturday',530,,178889,30,0,218,0,26,,178903,30,0,218,0,66,,178917,30,0,218,0,26,,178890,30,0,218,0,66,,178904,30,0,218,0,26,,178918,30,0,218,0,66,,178891,30,0,218,0,26,,178906,30,0,218,0,26,,178919,30,0,218,0,66,,178892,30,0,218,0,26,,178907,30,0,218,0,66,,178920,30,0,218,0,26,,178893,30,0,218,0,66,,178905,30,0,218,0,26,,178921,30,0,218,0,66,,178894,30,0,218,0,26,,178908,30,0,218,0,26,,178922,30,0,218,0,66,,178895,30,0,218,0,26,,178909,30,0,218,0,66,,178923,30,0,218,0,26,,178896,30,0,218,0,66,,178910,30,0,218,0,26,,178924,30,0,218,0,26,,178897,30,0,218,0,66,,178911,30,0,218,0,26,,178926,30,0,218,0,66,,178898,30,0,218,0,26,,178912,30,0,218,0,66,,178925,30,0,218,0,26,,178899,30,0,218,0,26,,178913,30,0,218,0,66,,178927,30,0,218,0,26,,178900,30,0,218,0,66,,178914,30,0,218,0,26,,178928,30,0,218,0,66,,178901,30,0,218,0,26,,178915,30,0,218,0,26,,178929,30,0,218,0,66,,178902,30,0,218,0,26,,178916,30,0,218,0,66,,178930,30,0,218,0
8200,'Saturday',654,,185715,21,,,0,70,,185716,21,,,0,30,,185717,21,,,0,70,,185718,21,,,0,30,,185719,21,,,0,70,,185720,21,,,0,30,,185721,21,,,0,70,,185738,21,,,0,30,,185740,21,,,0,70,,185723,21,,,0,30,,185736,21,,,0,70,,185729,21,,,0,30,,185724,21,,,0,70,,185737,21,,,0,30,,185730,21,,,0,70,,185722,21,,,0,30,,185735,21,,,0,70,,185731,21,,,0,30,,185725,21,,,0,70,,185734,21,,,0,30,,185741,21,,,0,70,,185726,21,,,0,30,,185732,21,,,0,70,,185739,21,,,0,30,,185727,21,,,0,70,,185733,21,,,0,30,,185742,21,,,0,70,,185728,21,,,0,30,,185748,21,,,0,70,,185749,21,,,0,30,,185750,21,,,0,70,,185745,21,,,0,30,,185744,21,,,0,70,,185746,21,,,0,30,,185743,21,,,0,70,,185747,21,,,0
8200,'Sunday',654,,185751,21,,,0,70,,185763,21,,,0,30,,185775,21,,,0,70,,185752,21,,,0,30,,185764,21,,,0,70,,185776,21,,,0,30,,185753,21,,,0,70,,185765,21,,,0,30,,185777,21,,,0,70,,185754,21,,,0,30,,185766,21,,,0,70,,185778,21,,,0,30,,185755,21,,,0,70,,185767,21,,,0,30,,185779,21,,,0,70,,185756,21,,,0,30,,185768,21,,,0,70,,185780,21,,,0,30,,185757,21,,,0,70,,185769,21,,,0,30,,185781,21,,,0,70,,185758,21,,,0,30,,185770,21,,,0,70,,185782,21,,,0,30,,185759,21,,,0,70,,185771,21,,,0,30,,185784,21,,,0,70,,185760,21,,,0,30,,185772,21,,,0,70,,185785,21,,,0,30,,185761,21,,,0,70,,185773,21,,,0,30,,185783,21,,,0,70,,185762,21,,,0,30,,185774,21,,,0,70,,185786,21,,,0
8200,'Weekday',651,,185791,21,,,0,76,,185801,21,,,0,73,,185811,21,,,0,17,,185820,21,,,0,16,,185792,21,,,0,73,,185802,21,,,0,32,,185812,21,,,0,72,,185793,21,,,0,33,,185803,21,,,0,73,,185813,21,,,0,33,,185795,21,,,0,75,,185804,21,,,0,33,,185814,21,,,0,73,,185794,21,,,0,73,,185805,21,,,0,33,,185815,21,,,0,74,,185796,21,,,0,36,,185806,21,,,0,54,,185787,21,,,0,19,,185816,21,,,0,17,,185789,21,,,0,16,,185797,21,,,0,56,,185788,21,,,0,15,,185807,21,,,0,17,,185790,21,,,0,16,,185817,21,,,0,73,,185798,21,,,0,71,,185808,21,,,0,31,,185818,21,,,0,73,,185800,21,,,0,33,,185809,21,,,0,73,,185819,21,,,0,33,,185799,21,,,0,73,,185810,21,,,0,33,,185821,21,,,0,73,,185822,21,,,0,33,,185823,21,,,0,73,,185824,21,,,0
8200,'Weekday0000100',1342,,185825,21,,,0
8200,'pB3Sep30-Saturday',654,,185826,21,,,0,70,,185827,21,,,0,30,,185828,21,,,0,70,,185829,21,,,0,30,,185830,21,,,0,70,,185831,21,,,0,30,,185832,21,,,0,70,,185849,21,,,0,30,,185851,21,,,0,70,,185834,21,,,0,30,,185847,21,,,0,70,,185840,21,,,0,30,,185835,21,,,0,70,,185848,21,,,0,30,,185841,21,,,0,70,,185833,21,,,0,30,,185846,21,,,0,70,,185842,21,,,0,30,,185836,21,,,0,70,,185845,21,,,0,30,,185852,21,,,0,70,,185837,21,,,0,30,,185843,21,,,0,70,,185850,21,,,0,30,,185838,21,,,0,70,,185844,21,,,0,30,,185853,21,,,0,70,,185839,21,,,0,30,,185859,21,,,0,70,,185860,21,,,0,30,,185861,21,,,0,70,,185856,21,,,0,30,,185855,21,,,0,70,,185857,21,,,0,30,,185854,21,,,0,70,,185858,21,,,0
11501,'Saturday',649,,191126,21,,,0,78,,191127,21,,,0,78,,191128,21,,,0,38,,191129,21,,,0,79,,191130,21,,,0,78,,191131,21,,,0,38,,191132,21,,,0,78,,191133,21,,,0,38,,191134,21,,,0,78,,191135,21,,,0,78,,191136,21,,,0,38,,191137,21,,,0,78,,191138,21,,,0,78,,191139,21,,,0,38,,191140,21,,,0,78,,191141,21,,,0,38,,191144,21,,,0,78,,191145,21,,,0,78,,191142,21,,,0,38,,191143,21,,,0,77,,191148,21,,,0,78,,191146,21,,,0,38,,191147,21,,,0,78,,191149,21,,,0,78,,191150,21,,,0,38,,191151,21,,,0,78,,191152,21,,,0
11501,'Sunday',649,,191153,21,,,0,78,,191154,21,,,0,78,,191155,21,,,0,38,,191156,21,,,0,79,,191157,21,,,0,78,,191158,21,,,0,38,,191159,21,,,0,78,,191160,21,,,0,38,,191161,21,,,0,78,,191162,21,,,0,78,,191163,21,,,0,38,,191164,21,,,0,78,,191165,21,,,0,78,,191166,21,,,0,38,,191167,21,,,0,78,,191168,21,,,0,38,,191171,21,,,0,78,,191172,21,,,0,78,,191169,21,,,0,38,,191170,21,,,0,77,,191175,21,,,0,78,,191173,21,,,0,38,,191174,21,,,0,78,,191176,21,,,0,78,,191177,21,,,0,38,,191178,21,,,0,78,,191179,21,,,0
11501,'Weekday',550,,191180,21,,,0,76,,191186,21,,,0,21,,191209,21,,,0,61,,191194,21,,,0,21,,191200,21,,,0,21,,191208,21,,,0,61,,191181,21,,,0,21,,191187,21,,,0,21,,191210,21,,,0,59,,191195,21,,,0,30,,191201,21,,,0,72,,191182,21,,,0,32,,191188,21,,,0,72,,191196,21,,,0,32,,191202,21,,,0,72,,191183,21,,,0,32,,191189,21,,,0,72,,191197,21,,,0,77,,191203,21,,,0,27,,191184,21,,,0,76,,191190,21,,,0,21,,191214,21,,,0,21,,191198,21,,,0,61,,191204,21,,,0,21,,191211,21,,,0,21,,191185,21,,,0,61,,191191,21,,,0,21,,191215,21,,,0,21,,191199,21,,,0,61,,191205,21,,,0,32,,191212,21,,,0,69,,191192,21,,,0,31,,191216,21,,,0,72,,191206,21,,,0,32,,191213,21,,,0,72,,191193,21,,,0,32,,191217,21,,,0,67,,191207,21,,,0
11501,'pB3Sep30-Saturday',649,,191218,21,,,0,78,,191219,21,,,0,78,,191220,21,,,0,38,,191221,21,,,0,79,,191222,21,,,0,78,,191223,21,,,0,38,,191224,21,,,0,78,,191225,21,,,0,38,,191226,21,,,0,78,,191227,21,,,0,78,,191228,21,,,0,38,,191229,21,,,0,78,,191230,21,,,0,78,,191231,21,,,0,38,,191232,21,,,0,78,,191233,21,,,0,38,,191236,21,,,0,78,,191237,21,,,0,78,,191234,21,,,0,38,,191235,21,,,0,77,,191240,21,,,0,78,,191238,21,,,0,38,,191239,21,,,0,78,,191241,21,,,0,78,,191242,21,,,0,38,,191243,21,,,0,78,,191244,21,,,0
12900,'Saturday',725,,192590,26,4,,0,80,,192607,26,4,,0,40,,192599,26,4,,0,80,,192591,26,4,,0,80,,192608,26,4,,0,40,,192600,26,4,,0,80,,192592,26,4,,0,80,,192609,26,4,,0,41,,192601,26,4,,0,80,,192593,26,4,,0,80,,192610,26,4,,0,40,,192602,26,4,,0,80,,192595,26,4,,0,80,,192612,26,4,,0,40,,192603,26,4,,0,80,,192594,26,4,,0,80,,192611,26,4,,0,39,,192604,26,4,,0,80,,192596,26,4,,0,80,,192613,26,4,,0,43,,192605,26,4,,0,77,,192597,26,4,,0,80,,192614,26,4,,0,40,,192606,26,4,,0,80,,192598,26,4,,0,83,,192615,26,4,,0
12900,'Sunday',725,,192616,26,4,,0,80,,192633,26,4,,0,40,,192625,26,4,,0,80,,192617,26,4,,0,80,,192635,26,4,,0,40,,192626,26,4,,0,80,,192618,26,4,,0,80,,192634,26,4,,0,41,,192627,26,4,,0,80,,192619,26,4,,0,80,,192636,26,4,,0,40,,192628,26,4,,0,80,,192620,26,4,,0,80,,192638,26,4,,0,40,,192629,26,4,,0,80,,192621,26,4,,0,80,,192637,26,4,,0,39,,192630,26,4,,0,80,,192622,26,4,,0,80,,192639,26,4,,0,43,,192631,26,4,,0,77,,192623,26,4,,0,80,,192640,26,4,,0,40,,192632,26,4,,0,80,,192624,26,4,,0,83,,192641,26,4,,0
12900,'Weekday',615,,192649,26,4,,0,29,,192643,26,4,,0,71,,192661,26,4,,0,30,,192667,26,4,,0,70,,192650,26,4,,0,30,,192644,26,4,,0,69,,192662,26,4,,0,30,,192668,26,4,,0,70,,192651,26,4,,0,30,,192645,26,4,,0,70,,192663,26,4,,0,30,,192669,26,4,,0,70,,192652,26,4,,0,30,,192646,26,4,,0,70,,192664,26,4,,0,30,,192670,26,4,,0,70,,192653,26,4,,0,33,,192647,26,4,,0,68,,192665,26,4,,0,28,,192671,26,4,,0,72,,192654,26,4,,0,18,,192678,26,4,,0,15,,192648,26,4,,0,70,,192666,26,4,,0,27,,192672,26,4,,0,69,,192655,26,4,,0,30,,192673,26,4,,0,70,,192656,26,4,,0,30,,192674,26,4,,0,70,,192642,26,4,,0,30,,192675,26,4,,0,68,,192657,26,4,,0,30,,192676,26,4,,0,70,,192658,26,4,,0,30,,192677,26,4,,0,70,,192659,26,4,,0,100,,192660,26,4,,0
12900,'pB3Sep30-Saturday',725,,192679,26,4,,0,80,,192696,26,4,,0,40,,192688,26,4,,0,80,,192680,26,4,,0,80,,192697,26,4,,0,40,,192689,26,4,,0,80,,192681,26,4,,0,80,,192698,26,4,,0,41,,192690,26,4,,0,80,,192682,26,4,,0,80,,192699,26,4,,0,40,,192691,26,4,,0,80,,192684,26,4,,0,80,,192701,26,4,,0,40,,192692,26,4,,0,80,,192683,26,4,,0,80,,192700,26,4,,0,39,,192693,26,4,,0,80,,192685,26,4,,0,80,,192702,26,4,,0,43,,192694,26,4,,0,77,,192686,26,4,,0,80,,192703,26,4,,0,40,,192695,26,4,,0,80,,192687,26,4,,0,83,,192704,26,4,,0
12901,'Saturday',645,,192714,1,,,0,83,,192705,1,,,0,80,,192723,1,,,0,40,,192715,1,,,0,80,,192706,1,,,0,80,,192724,1,,,0,40,,192716,1,,,0,80,,192707,1,,,0,80,,192725,1,,,0,40,,192717,1,,,0,80,,192708,1,,,0,80,,192726,1,,,0,40,,192718,1,,,0,80,,192709,1,,,0,80,,192727,1,,,0,40,,192720,1,,,0,80,,192710,1,,,0,80,,192728,1,,,0,40,,192719,1,,,0,80,,192711,1,,,0,80,,192729,1,,,0,43,,192721,1,,,0,77,,192713,1,,,0,80,,192730,1,,,0,40,,192722,1,,,0,80,,192712,1,,,0
12901,'Sunday',645,,192740,1,,,0,83,,192731,1,,,0,80,,192749,1,,,0,40,,192741,1,,,0,80,,192732,1,,,0,80,,192750,1,,,0,40,,192742,1,,,0,80,,192733,1,,,0,80,,192751,1,,,0,40,,192743,1,,,0,80,,192734,1,,,0,80,,192752,1,,,0,40,,192744,1,,,0,80,,192735,1,,,0,80,,192754,1,,,0,40,,192745,1,,,0,80,,192736,1,,,0,80,,192753,1,,,0,40,,192746,1,,,0,80,,192737,1,,,0,80,,192755,1,,,0,43,,192747,1,,,0,77,,192738,1,,,0,80,,192756,1,,,0,40,,192748,1,,,0,80,,192739,1,,,0
12901,'Weekday',522,,192776,1,,,0,26,,192783,1,,,0,70,,192764,1,,,0,30,,192758,1,,,0,70,,192777,1,,,0,27,,192795,1,,,0,73,,192765,1,,,0,15,,192757,1,,,0,15,,192759,1,,,0,70,,192778,1,,,0,30,,192784,1,,,0,70,,192766,1,,,0,30,,192760,1,,,0,70,,192779,1,,,0,30,,192785,1,,,0,70,,192768,1,,,0,30,,192761,1,,,0,70,,192780,1,,,0,30,,192786,1,,,0,70,,192767,1,,,0,32,,192762,1,,,0,68,,192781,1,,,0,29,,192787,1,,,0,71,,192769,1,,,0,16,,192794,1,,,0,17,,192763,1,,,0,70,,192782,1,,,0,24,,192788,1,,,0,70,,192770,1,,,0,30,,192789,1,,,0,70,,192771,1,,,0,30,,192790,1,,,0,70,,192772,1,,,0,30,,192791,1,,,0,70,,192773,1,,,0,30,,192792,1,,,0,70,,192774,1,,,0,30,,192793,1,,,0,70,,192775,1,,,0
12901,'pB3Sep30-Saturday',645,,192805,1,,,0,83,,192796,1,,,0,80,,192814,1,,,0,40,,192806,1,,,0,80,,192797,1,,,0,80,,192815,1,,,0,40,,192807,1,,,0,80,,192798,1,,,0,80,,192816,1,,,0,40,,192808,1,,,0,80,,192799,1,,,0,80,,192817,1,,,0,40,,192809,1,,,0,80,,192800,1,,,0,80,,192818,1,,,0,40,,192811,1,,,0,80,,192801,1,,,0,80,,192819,1,,,0,40,,192810,1,,,0,80,,192802,1,,,0,80,,192820,1,,,0,43,,192812,1,,,0,77,,192804,1,,,0,80,,192821,1,,,0,40,,192813,1,,,0,80,,192803,1,,,0
88100,'Weekday',1454,,201341,3,4,,0
88101,'Weekday',746,,201343,2,0,219 220 1 57 8,0
