5400,'Saturday',637,,180365,8,,,0,85,,180366,8,,,0,85,,180367,8,,,0,45,,180368,8,,,0,85,,180369,8,,,0,85,,180370,8,,,0,85,,180373,8,,,0,45,,180374,8,,,0,85,,180375,8,,,0,85,,180371,8,,,0,85,,180372,8,,,0,45,,180376,8,,,0,85,,180377,8,,,0,85,,180380,8,,,0,85,,180381,8,,,0,45,,180382,8,,,0,85,,180378,8,,,0,85,,180379,8,,,0,85,,180383,8,,,0,45,,180384,8,,,0,85,,180385,8,,,0,85,,180386,8,,,0,85,,180387,8,,,0
5400,'Sunday',637,,180389,8,,,0,85,,180390,8,,,0,85,,180392,8,,,0,45,,180393,8,,,0,85,,180394,8,,,0,85,,180391,8,,,0,85,,180396,8,,,0,45,,180398,8,,,0,85,,180399,8,,,0,85,,180397,8,,,0,85,,180400,8,,,0,45,,180395,8,,,0,85,,180402,8,,,0,85,,180404,8,,,0,85,,180405,8,,,0,45,,180403,8,,,0,85,,180407,8,,,0,85,,180401,8,,,0,85,,180406,8,,,0,45,,180408,8,,,0,85,,180409,8,,,0,85,,180410,8,,,0,85,,180411,8,,,0
5400,'Weekday',509,,180431,8,,,0,37,,180421,8,,,0,70,,180413,8,,,0,30,,180432,8,,,0,70,,180441,8,,,0,30,,180422,8,,,0,70,,180412,8,,,0,30,,180433,8,,,0,70,,180442,8,,,0,30,,180423,8,,,0,70,,180414,8,,,0,30,,180434,8,,,0,70,,180443,8,,,0,30,,180424,8,,,0,70,,180415,8,,,0,30,,180435,8,,,0,70,,180444,8,,,0,30,,180425,8,,,0,70,,180417,8,,,0,30,,180436,8,,,0,71,,180445,8,,,0,31,,180426,8,,,0,70,,180416,8,,,0,30,,180437,8,,,0,70,,180446,8,,,0,29,,180427,8,,,0,69,,180418,8,,,0,30,,180439,8,,,0,70,,180447,8,,,0,31,,180428,8,,,0,70,,180419,8,,,0,30,,180438,8,,,0,70,,180448,8,,,0,29,,180429,8,,,0,70,,180420,8,,,0,30,,180440,8,,,0,70,,180449,8,,,0,31,,180430,8,,,0
5400,'pB3Sep30-Saturday',637,,180451,8,,,0,85,,180452,8,,,0,85,,180453,8,,,0,45,,180454,8,,,0,85,,180455,8,,,0,85,,180456,8,,,0,85,,180459,8,,,0,45,,180460,8,,,0,85,,180461,8,,,0,85,,180457,8,,,0,85,,180458,8,,,0,45,,180462,8,,,0,85,,180463,8,,,0,85,,180466,8,,,0,85,,180467,8,,,0,45,,180468,8,,,0,85,,180464,8,,,0,85,,180465,8,,,0,85,,180469,8,,,0,45,,180470,8,,,0,85,,180471,8,,,0,85,,180472,8,,,0,85,,180473,8,,,0
7700,'Saturday',629,,184903,10,,,0,85,,184904,10,,,0,45,,184905,10,,,0,85,,184907,10,,,0,85,,184908,10,,,0,85,,184909,10,,,0,45,,184906,10,,,0,85,,184910,10,,,0,85,,184911,10,,,0,85,,184912,10,,,0,45,,184914,10,,,0,85,,184915,10,,,0,85,,184916,10,,,0,85,,184913,10,,,0,45,,184917,10,,,0,85,,184919,10,,,0,85,,184922,10,,,0,85,,184923,10,,,0,45,,184918,10,,,0,85,,184920,10,,,0,85,,184921,10,,,0,85,,184924,10,,,0,92,,184925,10,,,0
7700,'Sunday',629,,184928,10,,,0,85,,184926,10,,,0,45,,184929,10,,,0,85,,184930,10,,,0,85,,184931,10,,,0,85,,184932,10,,,0,45,,184933,10,,,0,85,,184934,10,,,0,85,,184935,10,,,0,85,,184936,10,,,0,45,,184937,10,,,0,85,,184939,10,,,0,85,,184940,10,,,0,85,,184941,10,,,0,45,,184938,10,,,0,85,,184942,10,,,0,85,,184943,10,,,0,85,,184944,10,,,0,45,,184945,10,,,0,85,,184946,10,,,0,85,,184947,10,,,0,85,,184948,10,,,0,92,,184949,10,,,0
7700,'Weekday',557,,184978,10,,,0,70,,184960,10,,,0,31,,184950,10,,,0,70,,184970,10,,,0,30,,184979,10,,,0,70,,184961,10,,,0,30,,184951,10,,,0,70,,184969,10,,,0,30,,184981,10,,,0,70,,184962,10,,,0,30,,184952,10,,,0,70,,184971,10,,,0,30,,184980,10,,,0,70,,184963,10,,,0,30,,184953,10,,,0,70,,184972,10,,,0,30,,184983,10,,,0,70,,184965,10,,,0,30,,184954,10,,,0,71,,184974,10,,,0,30,,184982,10,,,0,71,,184964,10,,,0,70,,184956,10,,,0,30,,184973,10,,,0,70,,184984,10,,,0,29,,184966,10,,,0,29,,184955,10,,,0,70,,184975,10,,,0,30,,184985,10,,,0,71,,184967,10,,,0,30,,184958,10,,,0,70,,184976,10,,,0,30,,184986,10,,,0,69,,184968,10,,,0,30,,184957,10,,,0,70,,184977,10,,,0,30,,184987,10,,,0
7700,'pB3Sep30-Saturday',629,,184990,10,,,0,85,,184991,10,,,0,45,,184988,10,,,0,85,,184993,10,,,0,85,,184994,10,,,0,85,,184995,10,,,0,45,,184992,10,,,0,85,,184996,10,,,0,85,,184997,10,,,0,85,,184998,10,,,0,45,,185000,10,,,0,85,,185001,10,,,0,85,,185002,10,,,0,85,,184999,10,,,0,45,,185003,10,,,0,85,,185005,10,,,0,85,,185008,10,,,0,85,,185009,10,,,0,45,,185004,10,,,0,85,,185006,10,,,0,85,,185007,10,,,0,85,,185010,10,,,0,92,,185011,10,,,0
70600,'Weekday0000100',1319,,200970,5,0,130 184 64,0
70600,'Weekday1111000',1529,,200972,5,0,130 184 64,0
