4200,'Saturday',623,,177975,34,,,0,80,,177979,34,,,0,39,,177980,34,,,0,79,,177977,34,,,0,79,,177981,34,,,0,39,,177978,34,,,0,80,,177976,34,,,0,85,,177982,34,,,0,45,,177984,34,,,0,85,,177985,34,,,0,85,,177986,34,,,0,85,,177983,34,,,0,45,,177987,34,,,0,85,,177988,34,,,0,85,,177990,34,,,0,85,,177991,34,,,0,45,,177992,34,,,0,85,,177989,34,,,0,84,,177994,34,,,0,83,,177995,34,,,0,43,,177997,34,,,0,80,,177993,34,,,0,80,,177996,34,,,0,40,,177998,34,,,0,80,,177999,34,,,0,80,,178000,34,,,0,40,,177973,34,,,0,80,,177974,34,,,0
4200,'Sunday',623,,178002,34,,,0,80,,178004,34,,,0,39,,178005,34,,,0,79,,178001,34,,,0,79,,178006,34,,,0,39,,178003,34,,,0,80,,178007,34,,,0,85,,178008,34,,,0,45,,178009,34,,,0,85,,178010,34,,,0,85,,178011,34,,,0,85,,178013,34,,,0,45,,178014,34,,,0,85,,178015,34,,,0,85,,178012,34,,,0,85,,178016,34,,,0,45,,178017,34,,,0,85,,178026,34,,,0,84,,178018,34,,,0,83,,178019,34,,,0,43,,178020,34,,,0,80,,178021,34,,,0,80,,178023,34,,,0,40,,178024,34,,,0,80,,178027,34,,,0,80,,178025,34,,,0,40,,178028,34,,,0,80,,178022,34,,,0
4200,'Weekday',510,,178030,34,,,0,20,,178031,34,,,0,22,,178036,34,,,0,60,,178032,34,,,0,13,,178086,34,,,0,13,,178039,34,,,0,15,,178057,34,,,0,53,,178087,34,,,0,13,,178041,34,,,0,15,,178058,34,,,0,14,,178042,34,,,0,55,,178088,34,,,0,11,,178096,34,,,0,11,,178059,34,,,0,12,,178089,34,,,0,7,,178061,34,,,0,5,,178082,34,,,0,53,,178029,34,,,0,18,,178043,34,,,0,14,,178090,34,,,0,13,,178062,34,,,0,61,,178040,34,,,0,23,,178063,34,,,0,23,,178044,34,,,0,63,,178060,34,,,0,23,,178045,34,,,0,63,,178064,34,,,0,23,,178046,34,,,0,23,,178065,34,,,0,63,,178047,34,,,0,23,,178048,34,,,0,23,,178067,34,,,0,66,,178049,34,,,0,25,,178051,34,,,0,66,,178068,34,,,0,10,,178093,34,,,0,7,,178083,34,,,0,10,,178052,34,,,0,9,,178085,34,,,0,52,,178069,34,,,0,16,,178094,34,,,0,11,,178053,34,,,0,12,,178081,34,,,0,12,,178066,34,,,0,53,,178095,34,,,0,12,,178050,34,,,0,11,,178084,34,,,0,12,,178071,34,,,0,13,,178091,34,,,0,52,,178054,34,,,0,20,,178092,34,,,0,23,,178055,34,,,0,63,,178072,34,,,0,23,,178056,34,,,0,23,,178033,34,,,0,63,,178070,34,,,0,23,,178074,34,,,0,63,,178035,34,,,0,23,,178075,34,,,0,22,,178037,34,,,0,63,,178073,34,,,0,23,,178034,34,,,0,61,,178076,34,,,0,23,,178038,34,,,0,23,,178077,34,,,0,79,,178078,34,,,0,79,,178079,34,,,0,39,,178080,34,,,0
4200,'Weekday0000100',1342,,178097,34,,,0,73,,178098,34,,,0
4200,'Weekday1111000',1502,,178099,34,,,0
4200,'pB3Sep30-Saturday',623,,178102,34,,,0,80,,178106,34,,,0,39,,178107,34,,,0,79,,178104,34,,,0,79,,178108,34,,,0,39,,178105,34,,,0,80,,178103,34,,,0,85,,178109,34,,,0,45,,178111,34,,,0,85,,178112,34,,,0,85,,178113,34,,,0,85,,178110,34,,,0,45,,178114,34,,,0,85,,178115,34,,,0,85,,178117,34,,,0,85,,178118,34,,,0,45,,178119,34,,,0,85,,178116,34,,,0,84,,178121,34,,,0,83,,178122,34,,,0,43,,178124,34,,,0,80,,178120,34,,,0,80,,178123,34,,,0,40,,178125,34,,,0,80,,178126,34,,,0,80,,178127,34,,,0,40,,178100,34,,,0,80,,178101,34,,,0
15500,'Saturday',617,,195050,19,,,0,36,,195036,19,,,0,76,,195051,19,,,0,76,,195037,19,,,0,36,,195052,19,,,0,76,,195040,19,,,0,36,,195053,19,,,0,76,,195038,19,,,0,76,,195054,19,,,0,36,,195039,19,,,0,76,,195055,19,,,0,36,,195041,19,,,0,76,,195056,19,,,0,76,,195043,19,,,0,36,,195057,19,,,0,76,,195046,19,,,0,36,,195058,19,,,0,76,,195042,19,,,0,76,,195059,19,,,0,36,,195044,19,,,0,76,,195060,19,,,0,36,,195047,19,,,0,76,,195061,19,,,0,76,,195045,19,,,0,36,,195063,19,,,0,76,,195048,19,,,0,36,,195062,19,,,0,76,,195049,19,,,0,76,,195064,19,,,0
15500,'Sunday',617,,195093,19,,,0,36,,195092,19,,,0,76,,195091,19,,,0,76,,195090,19,,,0,36,,195089,19,,,0,76,,195088,19,,,0,36,,195087,19,,,0,76,,195084,19,,,0,76,,195085,19,,,0,36,,195083,19,,,0,76,,195086,19,,,0,36,,195080,19,,,0,76,,195079,19,,,0,76,,195082,19,,,0,36,,195081,19,,,0,76,,195076,19,,,0,36,,195077,19,,,0,76,,195075,19,,,0,76,,195078,19,,,0,36,,195074,19,,,0,76,,195073,19,,,0,36,,195071,19,,,0,76,,195072,19,,,0,76,,195070,19,,,0,36,,195069,19,,,0,76,,195068,19,,,0,36,,195067,19,,,0,76,,195066,19,,,0,76,,195065,19,,,0
15500,'Weekday',459,,195130,19,,,0,64,,195095,19,,,0,23,,195098,19,,,0,64,,195127,19,,,0,24,,195094,19,,,0,24,,195099,19,,,0,64,,195128,19,,,0,24,,195096,19,,,0,64,,195100,19,,,0,24,,195129,19,,,0,23,,195097,19,,,0,66,,195101,19,,,0,36,,195134,19,,,0,76,,195102,19,,,0,76,,195114,19,,,0,36,,195103,19,,,0,76,,195115,19,,,0,36,,195104,19,,,0,76,,195117,19,,,0,76,,195105,19,,,0,36,,195116,19,,,0,69,,195106,19,,,0,24,,195124,19,,,0,64,,195133,19,,,0,25,,195108,19,,,0,25,,195125,19,,,0,65,,195132,19,,,0,25,,195107,19,,,0,65,,195126,19,,,0,24,,195131,19,,,0,22,,195135,19,,,0,74,,195118,19,,,0,73,,195109,19,,,0,33,,195120,19,,,0,74,,195110,19,,,0,34,,195119,19,,,0,73,,195111,19,,,0,33,,195121,19,,,0,73,,195112,19,,,0,33,,195122,19,,,0,73,,195113,19,,,0,73,,195123,19,,,0
15500,'pB3Sep30-Saturday',617,,195150,19,,,0,36,,195136,19,,,0,76,,195151,19,,,0,76,,195137,19,,,0,36,,195152,19,,,0,76,,195140,19,,,0,36,,195153,19,,,0,76,,195138,19,,,0,76,,195154,19,,,0,36,,195139,19,,,0,76,,195155,19,,,0,36,,195141,19,,,0,76,,195156,19,,,0,76,,195143,19,,,0,36,,195157,19,,,0,76,,195146,19,,,0,36,,195158,19,,,0,76,,195142,19,,,0,76,,195159,19,,,0,36,,195144,19,,,0,76,,195160,19,,,0,36,,195147,19,,,0,76,,195161,19,,,0,76,,195145,19,,,0,36,,195163,19,,,0,76,,195148,19,,,0,36,,195162,19,,,0,76,,195149,19,,,0,76,,195164,19,,,0
