9801,'Saturday',601,,188642,12,,,0,35,,188643,12,,,0,75,,188645,12,,,0,35,,188644,12,,,0,75,,188647,12,,,0,35,,188648,12,,,0,75,,188646,12,,,0,75,,188649,12,,,0,35,,188650,12,,,0,75,,188651,12,,,0,35,,188652,12,,,0,75,,188653,12,,,0,75,,188654,12,,,0,35,,188655,12,,,0,75,,188656,12,,,0,35,,188657,12,,,0,75,,188658,12,,,0,35,,188659,12,,,0,75,,188660,12,,,0,75,,188661,12,,,0,35,,188662,12,,,0,75,,188663,12,,,0,35,,188665,12,,,0,75,,188664,12,,,0,75,,188666,12,,,0,35,,188667,12,,,0,75,,188669,12,,,0,35,,188668,12,,,0,75,,188671,12,,,0,35,,188670,12,,,0
9801,'Sunday',820,,188672,12,,,0,35,,188673,12,,,0,75,,188674,12,,,0,75,,188675,12,,,0,35,,188676,12,,,0,75,,188678,12,,,0,35,,188677,12,,,0,75,,188679,12,,,0,75,,188680,12,,,0,35,,188681,12,,,0,75,,188682,12,,,0,35,,188683,12,,,0,75,,188684,12,,,0,35,,188685,12,,,0,75,,188686,12,,,0,75,,188687,12,,,0,35,,188688,12,,,0,75,,188690,12,,,0,35,,188689,12,,,0,75,,188691,12,,,0,75,,188692,12,,,0,35,,188693,12,,,0,75,,188694,12,,,0,35,,188695,12,,,0,75,,188696,12,,,0,35,,188697,12,,,0
9801,'Weekday',444,,188700,12,,,0,73,,188701,12,,,0,33,,188718,12,,,0,75,,188702,12,,,0,33,,188719,12,,,0,73,,188703,12,,,0,73,,188720,12,,,0,27,,188698,12,,,0,6,,188704,12,,,0,71,,188721,12,,,0,33,,188705,12,,,0,73,,188722,12,,,0,33,,188706,12,,,0,73,,188723,12,,,0,33,,188707,12,,,0,73,,188724,12,,,0,33,,188708,12,,,0,73,,188725,12,,,0,73,,188709,12,,,0,33,,188726,12,,,0,75,,188710,12,,,0,34,,188727,12,,,0,57,,188699,12,,,0,16,,188711,12,,,0,33,,188728,12,,,0,73,,188712,12,,,0,32,,188729,12,,,0,72,,188713,12,,,0,72,,188730,12,,,0,33,,188714,12,,,0,73,,188731,12,,,0,33,,188715,12,,,0,73,,188732,12,,,0,33,,188716,12,,,0,73,,188733,12,,,0,33,,188717,12,,,0,73,,188734,12,,,0
9801,'Weekday0000100',1345,,188735,12,,,0
9801,'Weekday1111000',1608,,188736,12,,,0
9801,'pB3Sep30-Saturday',601,,188737,12,,,0,35,,188738,12,,,0,75,,188740,12,,,0,35,,188739,12,,,0,75,,188742,12,,,0,35,,188743,12,,,0,75,,188741,12,,,0,75,,188744,12,,,0,35,,188745,12,,,0,75,,188746,12,,,0,35,,188747,12,,,0,75,,188748,12,,,0,75,,188749,12,,,0,35,,188750,12,,,0,75,,188751,12,,,0,35,,188752,12,,,0,75,,188753,12,,,0,35,,188754,12,,,0,75,,188755,12,,,0,75,,188756,12,,,0,35,,188757,12,,,0,75,,188758,12,,,0,35,,188760,12,,,0,75,,188759,12,,,0,75,,188761,12,,,0,35,,188762,12,,,0,75,,188764,12,,,0,35,,188763,12,,,0,75,,188766,12,,,0,35,,188765,12,,,0
11100,'Saturday',624,,190463,8,,,0,85,,190465,8,,,0,45,,190464,8,,,0,85,,190466,8,,,0,85,,190462,8,,,0,85,,190467,8,,,0,45,,190468,8,,,0,85,,190470,8,,,0,85,,190469,8,,,0,85,,190471,8,,,0,45,,190472,8,,,0,85,,190473,8,,,0,85,,190476,8,,,0,85,,190474,8,,,0,45,,190477,8,,,0,85,,190475,8,,,0,85,,190478,8,,,0,85,,190480,8,,,0,45,,190479,8,,,0,85,,190481,8,,,0,85,,190482,8,,,0
11100,'Sunday',624,,190483,8,,,0,85,,190487,8,,,0,45,,190489,8,,,0,85,,190485,8,,,0,85,,190486,8,,,0,85,,190491,8,,,0,45,,190492,8,,,0,85,,190488,8,,,0,85,,190490,8,,,0,85,,190493,8,,,0,45,,190495,8,,,0,85,,190496,8,,,0,85,,190497,8,,,0,85,,190494,8,,,0,45,,190498,8,,,0,85,,190500,8,,,0,85,,190502,8,,,0,85,,190499,8,,,0,45,,190503,8,,,0,85,,190501,8,,,0,85,,190484,8,,,0
11100,'Weekday',549,,190504,8,,,0,70,,190512,8,,,0,30,,190506,8,,,0,70,,190513,8,,,0,30,,190505,8,,,0,70,,190514,8,,,0,30,,190532,8,,,0,70,,190515,8,,,0,30,,190533,8,,,0,70,,190516,8,,,0,30,,190534,8,,,0,70,,190517,8,,,0,30,,190535,8,,,0,70,,190518,8,,,0,30,,190536,8,,,0,70,,190519,8,,,0,30,,190537,8,,,0,70,,190520,8,,,0,30,,190507,8,,,0,70,,190521,8,,,0,30,,190508,8,,,0,70,,190522,8,,,0,15,,190531,8,,,0,15,,190509,8,,,0,70,,190524,8,,,0,30,,190510,8,,,0,70,,190523,8,,,0,30,,190511,8,,,0,70,,190525,8,,,0,90,,190526,8,,,0,50,,190528,8,,,0,90,,190527,8,,,0,90,,190529,8,,,0,90,,190530,8,,,0
11100,'pB3Sep30-Saturday',624,,190539,8,,,0,85,,190541,8,,,0,45,,190540,8,,,0,85,,190542,8,,,0,85,,190538,8,,,0,85,,190543,8,,,0,45,,190544,8,,,0,85,,190546,8,,,0,85,,190545,8,,,0,85,,190547,8,,,0,45,,190548,8,,,0,85,,190549,8,,,0,85,,190552,8,,,0,85,,190550,8,,,0,45,,190553,8,,,0,85,,190551,8,,,0,85,,190554,8,,,0,85,,190556,8,,,0,45,,190555,8,,,0,85,,190557,8,,,0,85,,190558,8,,,0
69901,'Weekday',748,,200953,8,0,115 116,0
