100,'Saturday',552,3,169042,44,,,0,65,3,169058,44,,,0,22,,169073,44,,,0,71,5,169054,44,,,0,27,5,169067,44,,,0,66,45,169048,44,,,0,25,5,169041,44,,,0,25,5,169060,44,,,0,66,5,169074,44,,,0,25,5,169081,44,,,0,65,5,169056,44,,,0,25,5,169069,44,,,0,25,5,169050,44,,,0,65,5,169044,44,,,0,25,5,169062,44,,,0,65,5,169075,44,,,0,25,5,169080,44,,,0,65,45,169055,44,,,0,25,5,169070,44,,,0,26,5,169049,44,,,0,65,5,169043,44,,,0,25,5,169063,44,,,0,65,5,169076,44,,,0,25,5,169082,44,,,0,65,45,169057,44,,,0,25,5,169071,44,,,0,25,5,169051,44,,,0,65,5,169046,44,,,0,25,5,169064,44,,,0,65,5,169077,44,,,0,25,5,169084,44,,,0,25,5,169059,44,,,0,65,5,169068,44,,,0,25,5,169052,44,,,0,65,5,169045,44,,,0,24,5,169065,44,,,0,24,5,169078,44,,,0,65,5,169083,44,,,0,25,5,169061,44,,,0,64,5,169072,44,,,0,22,5,169053,44,,,0,25,5,169047,44,,,0,65,5,169066,44,,,0,21,,169079,44,,,0,75,6,169085,44,,,0
100,'Sunday',552,3,169086,44,,,0,65,3,169104,44,,,0,22,,169117,44,,,0,71,5,169100,44,,,0,27,5,169110,44,,,0,66,45,169093,44,,,0,25,5,169087,44,,,0,25,5,169108,44,,,0,66,5,169119,44,,,0,25,5,169125,44,,,0,65,5,169099,44,,,0,25,5,169113,44,,,0,25,5,169094,44,,,0,65,5,169088,44,,,0,25,5,169109,44,,,0,65,5,169120,44,,,0,25,5,169126,44,,,0,65,45,169101,44,,,0,25,5,169114,44,,,0,26,5,169095,44,,,0,65,5,169089,44,,,0,25,5,169107,44,,,0,65,5,169121,44,,,0,25,5,169127,44,,,0,65,45,169102,44,,,0,25,5,169115,44,,,0,25,5,169096,44,,,0,65,5,169091,44,,,0,25,5,169106,44,,,0,65,5,169122,44,,,0,25,5,169128,44,,,0,25,5,169103,44,,,0,65,5,169116,44,,,0,25,5,169098,44,,,0,65,5,169090,44,,,0,24,5,169111,44,,,0,24,5,169123,44,,,0,65,5,169129,44,,,0,25,5,169105,44,,,0,64,5,169118,44,,,0,22,5,169097,44,,,0,25,5,169092,44,,,0,65,5,169112,44,,,0,21,,169124,44,,,0,82,,169130,44,4,,0
100,'Weekday',512,6,169131,44,,,0,16,6,169136,44,,,0,16,6,169141,44,,,0,56,46,169146,44,,,0,21,6,169151,44,,,0,21,6,169134,44,,,0,17,6,169139,44,,,0,57,6,169144,44,,,0,16,6,169149,44,,,0,16,6,169153,44,,,0,56,46,169155,44,,,0,16,6,169132,44,,,0,16,6,169137,44,,,0,16,6,169142,44,,,0,56,6,169145,44,,,0,15,6,169150,44,,,0,18,6,169162,44,,,0,59,46,169163,44,,,0,19,6,169158,44,,,0,19,6,169159,44,,,0,19,6,169160,44,,,0,59,6,169164,44,,,0,19,6,169161,44,,,0,19,6,169165,44,,,0,59,6,169166,44,,,0,19,6,169167,44,,,0,19,6,169168,44,,,0,59,6,169169,44,,,0,19,6,169170,44,,,0,19,6,169171,44,,,0,59,6,169172,44,,,0,19,6,169173,44,,,0,19,6,169174,44,,,0,63,6,169175,44,,,0,21,6,169176,44,,,0,20,6,169177,44,,,0,59,6,169178,44,,,0,16,6,169179,44,,,0,16,6,169180,44,,,0,16,6,169181,44,,,0,55,6,169148,44,,,0,16,6,169154,44,,,0,16,6,169156,44,,,0,16,6,169133,44,,,0,53,6,169138,44,,,0,12,6,169143,44,,,0,14,6,169147,44,,,0,8,6,169152,44,,,0,56,46,169157,44,,,0,16,6,169135,44,,,0,16,6,169140,44,,,0,21,6,169182,44,,,0,60,6,169183,44,,,0,21,6,169184,44,,,0,21,6,169185,44,,,0,60,6,169186,44,,,0,20,6,169187,44,,,0,20,6,169188,44,,,0,61,6,169189,44,,,0,21,6,169190,44,,,0,61,46,169191,44,,,0,21,6,169192,44,,,0,21,6,169193,44,,,0,61,46,169194,44,,,0,21,6,169195,44,,,0,21,6,169196,44,,,0,61,6,169197,44,,,0,21,6,169198,44,,,0
100,'pB3Sep30-Saturday',552,3,169201,44,,,0,65,3,169216,44,,,0,22,,169231,44,,,0,71,5,169212,44,,,0,27,5,169225,44,,,0,66,45,169206,44,,,0,25,5,169199,44,,,0,25,5,169218,44,,,0,66,5,169232,44,,,0,25,5,169239,44,,,0,65,5,169214,44,,,0,25,5,169227,44,,,0,25,5,169208,44,,,0,65,5,169202,44,,,0,25,5,169220,44,,,0,65,5,169233,44,,,0,25,5,169236,44,,,0,65,45,169213,44,,,0,25,5,169228,44,,,0,26,5,169207,44,,,0,65,5,169200,44,,,0,25,5,169221,44,,,0,65,5,169234,44,,,0,25,5,169240,44,,,0,65,45,169215,44,,,0,25,5,169229,44,,,0,25,5,169209,44,,,0,65,5,169204,44,,,0,25,5,169222,44,,,0,65,5,169235,44,,,0,25,5,169242,44,,,0,25,5,169217,44,,,0,65,5,169226,44,,,0,25,5,169210,44,,,0,65,5,169203,44,,,0,24,5,169223,44,,,0,24,5,169237,44,,,0,65,5,169241,44,,,0,25,5,169219,44,,,0,64,5,169230,44,,,0,22,5,169211,44,,,0,25,5,169205,44,,,0,65,5,169224,44,,,0,21,,169238,44,,,0,75,6,169243,44,,,0
1500,'Saturday',637,,173158,47,4,,0,78,,173164,47,4,,0,38,,173171,47,4,,0,78,,173157,47,4,,0,78,,173165,47,4,,0,38,,173172,47,4,,0,78,,173159,47,4,,0,78,,173166,47,4,,0,38,,173173,47,4,,0,78,,173160,47,4,,0,38,,173167,47,4,,0,78,,173174,47,4,,0,78,,173161,47,4,,0,38,,173168,47,4,,0,78,,173175,47,4,,0,78,,173162,47,4,,0,38,,173169,47,4,,0,78,,173176,47,4,,0,78,,173163,47,4,,0,38,,173170,47,4,,0
1500,'Sunday',637,,173178,47,4,,0,97,,173184,47,4,,0,97,,173177,47,4,,0,97,,173185,47,4,,0,97,,173179,47,4,,0,97,,173186,47,4,,0,97,,173180,47,4,,0,97,,173187,47,4,,0,97,,173181,47,4,,0,97,,173188,47,4,,0,97,,173182,47,4,,0,97,,173189,47,4,,0,97,,173183,47,4,,0,57,,173190,47,4,,0
1500,'Weekday',616,,173217,47,4,,0,36,,173216,47,4,,0,73,,173215,47,4,,0,30,,173214,47,4,,0,60,,173213,47,4,,0,30,,173212,47,4,,0,70,,173211,47,4,,0,38,,173210,47,4,,0,80,,173209,47,4,,0,76,,173208,47,4,,0,38,,173207,47,4,,0,78,,173206,47,4,,0,78,,173205,47,4,,0,38,,173204,47,4,,0,80,,173203,47,4,,0,38,,173202,47,4,,0,74,,173201,47,4,,0,68,,173200,47,4,,0,27,,173199,47,4,,0,31,,173198,47,4,,0,70,,173197,47,4,,0,30,,173196,47,4,,0,67,,173195,47,4,,0,74,,173194,47,4,,0,33,,173193,47,4,,0,78,,173192,47,4,,0,36,,173191,47,4,,0
1500,'pB3Sep30-Saturday',637,,173219,47,4,,0,78,,173225,47,4,,0,38,,173232,47,4,,0,78,,173218,47,4,,0,78,,173226,47,4,,0,38,,173233,47,4,,0,78,,173220,47,4,,0,78,,173227,47,4,,0,38,,173234,47,4,,0,78,,173221,47,4,,0,38,,173228,47,4,,0,78,,173235,47,4,,0,78,,173222,47,4,,0,38,,173229,47,4,,0,78,,173236,47,4,,0,78,,173223,47,4,,0,38,,173230,47,4,,0,78,,173237,47,4,,0,78,,173224,47,4,,0,38,,173231,47,4,,0
1501,'Saturday',641,,173238,1,,,0,78,,173245,1,,,0,38,,173251,1,,,0,78,,173239,1,,,0,78,,173246,1,,,0,38,,173253,1,,,0,78,,173240,1,,,0,78,,173247,1,,,0,38,,173252,1,,,0,78,,173241,1,,,0,78,,173248,1,,,0,38,,173254,1,,,0,78,,173242,1,,,0,38,,173249,1,,,0,78,,173255,1,,,0,78,,173243,1,,,0,38,,173250,1,,,0,78,,173256,1,,,0,78,,173244,1,,,0
1501,'Sunday',641,,173257,1,,,0,97,,173264,1,,,0,97,,173258,1,,,0,97,,173265,1,,,0,97,,173259,1,,,0,97,,173266,1,,,0,97,,173260,1,,,0,97,,173267,1,,,0,97,,173261,1,,,0,97,,173268,1,,,0,97,,173262,1,,,0,97,,173269,1,,,0,97,,173263,1,,,0
1501,'Weekday',623,,173295,1,,,0,32,,173294,1,,,0,72,,173293,1,,,0,30,,173292,1,,,0,60,,173291,1,,,0,30,,173290,1,,,0,70,,173289,1,,,0,38,,173288,1,,,0,80,,173287,1,,,0,78,,173286,1,,,0,38,,173285,1,,,0,78,,173284,1,,,0,78,,173283,1,,,0,38,,173282,1,,,0,80,,173281,1,,,0,76,,173280,1,,,0,34,,173279,1,,,0,68,,173278,1,,,0,30,,173277,1,,,0,70,,173276,1,,,0,30,,173275,1,,,0,70,,173274,1,,,0,25,,173273,1,,,0,75,,173272,1,,,0,35,,173271,1,,,0,75,,173270,1,,,0
1501,'pB3Sep30-Saturday',641,,173297,1,,,0,78,,173304,1,,,0,38,,173310,1,,,0,78,,173298,1,,,0,78,,173305,1,,,0,38,,173312,1,,,0,78,,173299,1,,,0,78,,173306,1,,,0,38,,173311,1,,,0,78,,173300,1,,,0,78,,173307,1,,,0,38,,173313,1,,,0,78,,173301,1,,,0,38,,173308,1,,,0,78,,173314,1,,,0,78,,173302,1,,,0,38,,173309,1,,,0,78,,173315,1,,,0,78,,173303,1,,,0
30700,'Saturday',615,,199564,1,0,53 54,0,20,,199577,1,0,53 54,0,20,,199590,1,0,53 54,0,60,,199603,1,0,53 54,0,20,,199565,1,0,53 54,0,20,,199579,1,0,53 54,0,60,,199591,1,0,53 54,0,20,,199604,1,0,53 54,0,20,,199566,1,0,53 54,0,60,,199578,1,0,53 54,0,20,,199592,1,0,53 54,0,20,,199605,1,0,53 54,0,60,,199567,1,0,53 54,0,20,,199580,1,0,53 54,0,20,,199593,1,0,53 54,0,60,,199607,1,0,53 54,0,20,,199568,1,0,53 54,0,20,,199581,1,0,53 54,0,60,,199594,1,0,53 54,0,20,,199606,1,0,53 54,0,20,,199569,1,0,53 54,0,60,,199582,1,0,53 54,0,20,,199595,1,0,53 54,0,20,,199608,1,0,53 54,0,60,,199570,1,0,53 54,0,20,,199584,1,0,53 54,0,20,,199596,1,0,53 54,0,60,,199609,1,0,53 54,0,20,,199571,1,0,53 54,0,20,,199583,1,0,53 54,0,60,,199597,1,0,53 54,0,20,,199610,1,0,53 54,0,20,,199572,1,0,53 54,0,60,,199585,1,0,53 54,0,20,,199598,1,0,53 54,0,20,,199611,1,0,53 54,0,60,,199573,1,0,53 54,0,20,,199586,1,0,53 54,0,20,,199599,1,0,53 54,0,60,,199612,1,0,53 54,0,20,,199574,1,0,53 54,0,20,,199588,1,0,53 54,0,60,,199600,1,0,53 54,0,20,,199613,1,0,53 54,0,20,,199575,1,0,53 54,0,60,,199587,1,0,53 54,0,30,,199601,1,0,53 54,0,60,,199614,1,0,53 54,0,20,,199576,1,0,53 54,0,20,,199589,1,0,53 54,0,60,,199602,1,0,53 54,0
30700,'Sunday',615,,199617,1,0,53 54,0,20,,199629,1,0,53 54,0,20,,199641,1,0,53 54,0,60,,199653,1,0,53 54,0,20,,199615,1,0,53 54,0,20,,199628,1,0,53 54,0,60,,199642,1,0,53 54,0,20,,199654,1,0,53 54,0,20,,199616,1,0,53 54,0,60,,199630,1,0,53 54,0,20,,199643,1,0,53 54,0,20,,199656,1,0,53 54,0,60,,199618,1,0,53 54,0,20,,199631,1,0,53 54,0,20,,199645,1,0,53 54,0,60,,199657,1,0,53 54,0,20,,199619,1,0,53 54,0,20,,199632,1,0,53 54,0,60,,199644,1,0,53 54,0,20,,199658,1,0,53 54,0,20,,199621,1,0,53 54,0,60,,199633,1,0,53 54,0,20,,199646,1,0,53 54,0,20,,199659,1,0,53 54,0,60,,199620,1,0,53 54,0,20,,199634,1,0,53 54,0,20,,199647,1,0,53 54,0,60,,199660,1,0,53 54,0,20,,199622,1,0,53 54,0,20,,199635,1,0,53 54,0,60,,199648,1,0,53 54,0,20,,199661,1,0,53 54,0,20,,199623,1,0,53 54,0,60,,199636,1,0,53 54,0,20,,199649,1,0,53 54,0,20,,199662,1,0,53 54,0,60,,199624,1,0,53 54,0,20,,199637,1,0,53 54,0,20,,199650,1,0,53 54,0,60,,199663,1,0,53 54,0,20,,199625,1,0,53 54,0,20,,199638,1,0,53 54,0,60,,199651,1,0,53 54,0,20,,199664,1,0,53 54,0,20,,199626,1,0,53 54,0,60,,199639,1,0,53 54,0,30,,199652,1,0,53 54,0,60,,199665,1,0,53 54,0,20,,199627,1,0,53 54,0,20,,199640,1,0,53 54,0,60,,199655,1,0,53 54,0
30700,'Weekday',500,,199699,1,,,0,40,,199679,1,0,53 54,0,60,,199668,1,,,0,20,,199678,1,0,53 54,0,30,,199700,1,0,53 54,0,60,,199680,1,0,53 54,0,20,,199689,1,0,53 54,0,20,,199669,1,0,53 54,0,60,,199701,1,0,53 54,0,20,,199681,1,0,53 54,0,20,,199690,1,0,53 54,0,60,,199670,1,0,53 54,0,20,,199702,1,0,53 54,0,20,,199682,1,0,53 54,0,60,,199691,1,0,53 54,0,20,,199671,1,0,53 54,0,20,,199703,1,0,53 54,0,60,,199684,1,0,53 54,0,20,,199692,1,0,53 54,0,20,,199672,1,0,53 54,0,60,,199704,1,0,53 54,0,20,,199683,1,0,53 54,0,20,,199693,1,0,53 54,0,60,,199673,1,0,53 54,0,20,,199705,1,0,53 54,0,20,,199685,1,0,53 54,0,60,,199694,1,0,53 54,0,20,,199674,1,0,53 54,0,20,,199706,1,0,53 54,0,60,,199687,1,0,53 54,0,20,,199695,1,0,53 54,0,20,,199675,1,0,53 54,0,60,,199707,1,,,0,20,,199686,1,0,53 54,0,20,,199696,1,0,53 54,0,60,,199676,1,,,0,20,,199697,1,0,53 54,0,20,,199688,1,0,53 54,0,60,,199708,1,0,53 54,0,20,,199666,1,0,53 54,0,20,,199698,1,0,53 54,0,60,,199677,1,0,53 54,0,20,,199709,1,0,53 54,0,20,,199667,1,0,53 54,0,55,,199711,1,0,53 54,0,25,,199719,1,0,53 54,0,25,,199718,1,0,53 54,0,65,,199717,1,0,53 54,0,25,,199716,1,0,53 54,0,65,,199715,1,0,53 54,0,25,,199714,1,0,53 54,0,70,,199713,1,0,53 54,0,39,,199712,1,0,53 54,0,76,,199710,1,0,53 54,0
30700,'pB3Sep30-Saturday',615,,199720,1,0,53 54,0,20,,199733,1,0,53 54,0,20,,199746,1,0,53 54,0,60,,199759,1,0,53 54,0,20,,199721,1,0,53 54,0,20,,199735,1,0,53 54,0,60,,199747,1,0,53 54,0,20,,199760,1,0,53 54,0,20,,199722,1,0,53 54,0,60,,199734,1,0,53 54,0,20,,199748,1,0,53 54,0,20,,199761,1,0,53 54,0,60,,199723,1,0,53 54,0,20,,199736,1,0,53 54,0,20,,199749,1,0,53 54,0,60,,199763,1,0,53 54,0,20,,199724,1,0,53 54,0,20,,199737,1,0,53 54,0,60,,199750,1,0,53 54,0,20,,199762,1,0,53 54,0,20,,199725,1,0,53 54,0,60,,199738,1,0,53 54,0,20,,199751,1,0,53 54,0,20,,199764,1,0,53 54,0,60,,199726,1,0,53 54,0,20,,199740,1,0,53 54,0,20,,199752,1,0,53 54,0,60,,199765,1,0,53 54,0,20,,199727,1,0,53 54,0,20,,199739,1,0,53 54,0,60,,199753,1,0,53 54,0,20,,199766,1,0,53 54,0,20,,199728,1,0,53 54,0,60,,199741,1,0,53 54,0,20,,199754,1,0,53 54,0,20,,199767,1,0,53 54,0,60,,199729,1,0,53 54,0,20,,199742,1,0,53 54,0,20,,199755,1,0,53 54,0,60,,199768,1,0,53 54,0,20,,199730,1,0,53 54,0,20,,199745,1,0,53 54,0,60,,199756,1,0,53 54,0,20,,199769,1,0,53 54,0,20,,199731,1,0,53 54,0,60,,199743,1,0,53 54,0,30,,199757,1,0,53 54,0,60,,199770,1,0,53 54,0,20,,199732,1,0,53 54,0,20,,199744,1,0,53 54,0,60,,199758,1,0,53 54,0
30701,'Saturday',612,,199771,16,4,,0,20,,199786,16,4,,0,20,,199798,16,4,,0,60,,199811,16,4,,0,20,,199772,16,4,,0,20,,199785,16,4,,0,60,,199799,16,4,,0,20,,199812,16,4,,0,20,,199773,16,4,,0,60,,199787,16,4,,0,20,,199800,16,4,,0,20,,199813,16,4,,0,60,,199774,16,4,,0,20,,199788,16,4,,0,20,,199801,16,4,,0,60,,199815,16,4,,0,20,,199776,16,4,,0,20,,199789,16,4,,0,60,,199802,16,4,,0,20,,199814,16,4,,0,20,,199775,16,4,,0,61,,199790,16,4,,0,21,,199804,16,4,,0,20,,199816,16,4,,0,60,,199777,16,4,,0,20,,199791,16,4,,0,20,,199803,16,4,,0,60,,199817,16,4,,0,20,,199778,16,4,,0,20,,199792,16,4,,0,60,,199805,16,4,,0,20,,199818,16,4,,0,20,,199779,16,4,,0,60,,199793,16,4,,0,20,,199806,16,4,,0,20,,199819,16,4,,0,60,,199780,16,4,,0,20,,199794,16,4,,0,20,,199807,16,4,,0,60,,199820,16,4,,0,20,,199781,16,4,,0,18,,199795,16,4,,0,60,,199808,16,4,,0,20,,199821,16,4,,0,20,,199782,16,4,,0,60,,199796,16,4,,0,19,,199809,16,4,,0,20,,199822,16,4,,0,60,,199783,16,4,,0,20,,199797,16,4,,0,20,,199810,16,4,,0,60,,199823,16,4,,0,20,,199784,16,4,,0
30701,'Sunday',612,,199824,16,4,,0,20,,199838,16,4,,0,20,,199852,16,4,,0,60,,199864,16,4,,0,20,,199825,16,4,,0,20,,199839,16,4,,0,60,,199851,16,4,,0,20,,199865,16,4,,0,20,,199826,16,4,,0,60,,199840,16,4,,0,20,,199853,16,4,,0,20,,199866,16,4,,0,60,,199827,16,4,,0,20,,199841,16,4,,0,20,,199854,16,4,,0,60,,199867,16,4,,0,20,,199828,16,4,,0,20,,199842,16,4,,0,60,,199855,16,4,,0,20,,199868,16,4,,0,20,,199829,16,4,,0,61,,199843,16,4,,0,21,,199856,16,4,,0,20,,199869,16,4,,0,60,,199830,16,4,,0,20,,199844,16,4,,0,20,,199857,16,4,,0,60,,199870,16,4,,0,20,,199831,16,4,,0,20,,199845,16,4,,0,60,,199858,16,4,,0,20,,199871,16,4,,0,20,,199832,16,4,,0,60,,199846,16,4,,0,20,,199859,16,4,,0,20,,199873,16,4,,0,60,,199834,16,4,,0,20,,199847,16,4,,0,20,,199860,16,4,,0,60,,199874,16,4,,0,20,,199835,16,4,,0,18,,199848,16,4,,0,60,,199861,16,4,,0,20,,199875,16,4,,0,20,,199836,16,4,,0,60,,199849,16,4,,0,19,,199862,16,4,,0,20,,199872,16,4,,0,60,,199833,16,4,,0,20,,199850,16,4,,0,20,,199863,16,4,,0,60,,199876,16,4,,0,20,,199837,16,4,,0
30701,'Weekday',551,,199879,16,4,,0,61,,199892,16,4,,0,33,,199914,16,4,,0,60,,199893,16,4,,0,20,,199903,16,4,,0,20,,199881,16,4,,0,60,,199915,16,4,,0,20,,199894,16,4,,0,20,,199902,16,4,,0,60,,199882,16,4,,0,19,,199916,16,4,,0,20,,199895,16,4,,0,60,,199904,16,4,,0,20,,199883,16,4,,0,20,,199917,16,4,,0,60,,199896,16,4,,0,20,,199906,16,4,,0,20,,199884,16,4,,0,60,,199918,16,4,,0,20,,199897,16,4,,0,20,,199905,16,4,,0,60,,199886,16,4,,0,20,,199919,16,4,,0,20,,199898,16,4,,0,60,,199907,16,4,,0,20,,199885,16,4,,0,20,,199920,16,4,,0,60,,199899,16,4,,0,21,,199908,16,4,,0,21,,199887,16,4,,0,60,,199921,16,4,,0,20,,199900,16,4,,0,20,,199909,16,4,,0,60,,199888,16,4,,0,20,,199910,16,4,,0,20,,199901,16,4,,0,60,,199923,16,4,,0,20,,199877,16,4,,0,18,,199911,16,4,,0,59,,199890,16,4,,0,20,,199924,16,4,,0,20,,199878,16,4,,0,60,,199913,16,4,,0,20,,199891,16,4,,0,30,,199927,16,4,,0,64,,199933,16,4,,0,24,,199932,16,4,,0,65,,199930,16,4,,0,25,,199931,16,4,,0,25,,199929,16,4,,0,65,,199928,16,4,,0,22,,199926,16,4,,0,75,,199925,16,4,,0
30701,'pB3Sep30-Saturday',612,,199934,16,4,,0,20,,199949,16,4,,0,20,,199961,16,4,,0,60,,199974,16,4,,0,20,,199935,16,4,,0,20,,199948,16,4,,0,60,,199962,16,4,,0,20,,199975,16,4,,0,20,,199936,16,4,,0,60,,199950,16,4,,0,20,,199963,16,4,,0,20,,199976,16,4,,0,60,,199937,16,4,,0,20,,199951,16,4,,0,20,,199964,16,4,,0,60,,199978,16,4,,0,20,,199939,16,4,,0,20,,199952,16,4,,0,60,,199965,16,4,,0,20,,199977,16,4,,0,20,,199938,16,4,,0,61,,199953,16,4,,0,21,,199967,16,4,,0,20,,199979,16,4,,0,60,,199940,16,4,,0,20,,199954,16,4,,0,20,,199966,16,4,,0,60,,199980,16,4,,0,20,,199941,16,4,,0,20,,199955,16,4,,0,60,,199968,16,4,,0,20,,199981,16,4,,0,20,,199942,16,4,,0,60,,199956,16,4,,0,20,,199969,16,4,,0,20,,199982,16,4,,0,60,,199943,16,4,,0,20,,199957,16,4,,0,20,,199970,16,4,,0,60,,199983,16,4,,0,20,,199944,16,4,,0,18,,199958,16,4,,0,60,,199971,16,4,,0,20,,199984,16,4,,0,20,,199945,16,4,,0,60,,199959,16,4,,0,19,,199972,16,4,,0,20,,199985,16,4,,0,60,,199946,16,4,,0,20,,199960,16,4,,0,20,,199973,16,4,,0,60,,199986,16,4,,0,20,,199947,16,4,,0
