11500,'Saturday',656,,191001,46,4,,0,78,,191021,46,4,,0,78,,191002,46,4,,0,38,,191003,46,4,,0,80,,191004,46,4,,0,78,,191005,46,4,,0,38,,191006,46,4,,0,78,,191007,46,4,,0,78,,191008,46,4,,0,38,,191009,46,4,,0,78,,191010,46,4,,0,38,,191011,46,4,,0,78,,191012,46,4,,0,78,,191013,46,4,,0,38,,191014,46,4,,0,78,,191015,46,4,,0,78,,191016,46,4,,0,38,,191018,46,4,,0,78,,191019,46,4,,0,78,,191020,46,4,,0,35,,191017,46,4,,0,77,,191022,46,4,,0,38,,191024,46,4,,0,78,,191023,46,4,,0,78,,191025,46,4,,0,38,,191028,46,4,,0,78,,191027,46,4,,0,78,,191026,46,4,,0
11500,'Sunday',656,,191029,46,4,,0,78,,191030,46,4,,0,78,,191031,46,4,,0,38,,191032,46,4,,0,80,,191033,46,4,,0,78,,191034,46,4,,0,38,,191035,46,4,,0,78,,191036,46,4,,0,78,,191037,46,4,,0,38,,191038,46,4,,0,78,,191039,46,4,,0,38,,191040,46,4,,0,78,,191041,46,4,,0,78,,191042,46,4,,0,38,,191043,46,4,,0,78,,191044,46,4,,0,78,,191045,46,4,,0,38,,191047,46,4,,0,78,,191048,46,4,,0,78,,191049,46,4,,0,35,,191046,46,4,,0,77,,191050,46,4,,0,38,,191052,46,4,,0,78,,191051,46,4,,0,78,,191053,46,4,,0,38,,191056,46,4,,0,78,,191055,46,4,,0,78,,191054,46,4,,0
11500,'Weekday',516,,191057,46,4,,0,32,,191064,46,4,,0,74,,191073,46,4,,0,34,,191079,46,4,,0,61,,191087,46,4,,0,21,,191058,46,4,,0,21,,191065,46,4,,0,61,,191089,46,4,,0,21,,191074,46,4,,0,61,,191080,46,4,,0,20,,191088,46,4,,0,21,,191059,46,4,,0,71,,191066,46,4,,0,32,,191075,46,4,,0,72,,191081,46,4,,0,32,,191060,46,4,,0,72,,191067,46,4,,0,32,,191076,46,4,,0,72,,191082,46,4,,0,32,,191061,46,4,,0,72,,191068,46,4,,0,73,,191077,46,4,,0,33,,191083,46,4,,0,21,,191090,46,4,,0,61,,191062,46,4,,0,21,,191069,46,4,,0,61,,191094,46,4,,0,21,,191078,46,4,,0,21,,191084,46,4,,0,61,,191091,46,4,,0,21,,191063,46,4,,0,21,,191070,46,4,,0,71,,191095,46,4,,0,31,,191085,46,4,,0,72,,191092,46,4,,0,32,,191071,46,4,,0,72,,191096,46,4,,0,32,,191086,46,4,,0,72,,191093,46,4,,0,32,,191072,46,4,,0,69,,191097,46,4,,0
11500,'pB3Sep30-Saturday',656,,191098,46,4,,0,78,,191118,46,4,,0,78,,191099,46,4,,0,38,,191100,46,4,,0,80,,191101,46,4,,0,78,,191102,46,4,,0,38,,191103,46,4,,0,78,,191104,46,4,,0,78,,191105,46,4,,0,38,,191106,46,4,,0,78,,191107,46,4,,0,38,,191108,46,4,,0,78,,191109,46,4,,0,78,,191110,46,4,,0,38,,191111,46,4,,0,78,,191112,46,4,,0,78,,191113,46,4,,0,38,,191115,46,4,,0,78,,191116,46,4,,0,78,,191117,46,4,,0,35,,191114,46,4,,0,77,,191119,46,4,,0,38,,191121,46,4,,0,78,,191120,46,4,,0,78,,191122,46,4,,0,38,,191125,46,4,,0,78,,191124,46,4,,0,78,,191123,46,4,,0
11501,'Saturday',629,,191126,1,,,0,78,,191127,1,,,0,38,,191128,1,,,0,78,,191129,1,,,0,78,,191130,1,,,0,38,,191131,1,,,0,78,,191132,1,,,0,38,,191133,1,,,0,78,,191134,1,,,0,78,,191135,1,,,0,38,,191136,1,,,0,78,,191137,1,,,0,78,,191138,1,,,0,38,,191139,1,,,0,78,,191140,1,,,0,38,,191141,1,,,0,78,,191144,1,,,0,78,,191145,1,,,0,38,,191142,1,,,0,78,,191143,1,,,0,78,,191148,1,,,0,38,,191146,1,,,0,78,,191147,1,,,0,78,,191149,1,,,0,38,,191150,1,,,0,78,,191151,1,,,0,38,,191152,1,,,0
11501,'Sunday',629,,191153,1,,,0,78,,191154,1,,,0,38,,191155,1,,,0,78,,191156,1,,,0,78,,191157,1,,,0,38,,191158,1,,,0,78,,191159,1,,,0,38,,191160,1,,,0,78,,191161,1,,,0,78,,191162,1,,,0,38,,191163,1,,,0,78,,191164,1,,,0,78,,191165,1,,,0,38,,191166,1,,,0,78,,191167,1,,,0,38,,191168,1,,,0,78,,191171,1,,,0,78,,191172,1,,,0,38,,191169,1,,,0,78,,191170,1,,,0,78,,191175,1,,,0,38,,191173,1,,,0,78,,191174,1,,,0,78,,191176,1,,,0,38,,191177,1,,,0,78,,191178,1,,,0,38,,191179,1,,,0
11501,'Weekday',527,,191180,1,,,0,32,,191186,1,,,0,61,,191209,1,,,0,21,,191194,1,,,0,61,,191200,1,,,0,21,,191208,1,,,0,21,,191181,1,,,0,61,,191187,1,,,0,21,,191210,1,,,0,21,,191195,1,,,0,72,,191201,1,,,0,32,,191182,1,,,0,72,,191188,1,,,0,32,,191196,1,,,0,72,,191202,1,,,0,32,,191183,1,,,0,72,,191189,1,,,0,72,,191197,1,,,0,37,,191203,1,,,0,67,,191184,1,,,0,32,,191190,1,,,0,61,,191214,1,,,0,21,,191198,1,,,0,21,,191204,1,,,0,61,,191211,1,,,0,21,,191185,1,,,0,21,,191191,1,,,0,61,,191215,1,,,0,21,,191199,1,,,0,21,,191205,1,,,0,72,,191212,1,,,0,32,,191192,1,,,0,72,,191216,1,,,0,32,,191206,1,,,0,72,,191213,1,,,0,72,,191193,1,,,0,32,,191217,1,,,0,27,,191207,1,,,0
11501,'pB3Sep30-Saturday',629,,191218,1,,,0,78,,191219,1,,,0,38,,191220,1,,,0,78,,191221,1,,,0,78,,191222,1,,,0,38,,191223,1,,,0,78,,191224,1,,,0,38,,191225,1,,,0,78,,191226,1,,,0,78,,191227,1,,,0,38,,191228,1,,,0,78,,191229,1,,,0,78,,191230,1,,,0,38,,191231,1,,,0,78,,191232,1,,,0,38,,191233,1,,,0,78,,191236,1,,,0,78,,191237,1,,,0,38,,191234,1,,,0,78,,191235,1,,,0,78,,191240,1,,,0,38,,191238,1,,,0,78,,191239,1,,,0,78,,191241,1,,,0,38,,191242,1,,,0,78,,191243,1,,,0,38,,191244,1,,,0
12400,'Saturday',726,,191544,24,4,,0,25,,191563,24,4,,0,65,,191543,24,4,,0,25,,191564,24,4,,0,65,,191545,24,4,,0,25,,191566,24,4,,0,25,,191546,24,4,,0,65,,191565,24,4,,0,25,,191547,24,4,,0,65,,191568,24,4,,0,25,,191548,24,4,,0,65,,191567,24,4,,0,25,,191549,24,4,,0,25,,191569,24,4,,0,65,,191550,24,4,,0,25,,191570,24,4,,0,65,,191551,24,4,,0,25,,191571,24,4,,0,25,,191552,24,4,,0,65,,191573,24,4,,0,25,,191553,24,4,,0,65,,191572,24,4,,0,25,,191555,24,4,,0,65,,191574,24,4,,0,25,,191554,24,4,,0,25,,191575,24,4,,0,65,,191556,24,4,,0,25,,191576,24,4,,0,64,,191557,24,4,,0,25,,191577,24,4,,0,25,,191558,24,4,,0,65,,191578,24,4,,0,25,,191559,24,4,,0,65,,191579,24,4,,0,25,,191560,24,4,,0,65,,191580,24,4,,0,25,,191561,24,4,,0,25,,191581,24,4,,0,65,,191562,24,4,,0,25,,191582,24,4,,0
12400,'Sunday',726,,191584,24,4,,0,25,,191603,24,4,,0,65,,191583,24,4,,0,25,,191605,24,4,,0,65,,191585,24,4,,0,25,,191604,24,4,,0,25,,191586,24,4,,0,65,,191606,24,4,,0,25,,191587,24,4,,0,65,,191607,24,4,,0,25,,191588,24,4,,0,65,,191608,24,4,,0,25,,191590,24,4,,0,25,,191609,24,4,,0,65,,191589,24,4,,0,25,,191610,24,4,,0,65,,191591,24,4,,0,25,,191611,24,4,,0,25,,191592,24,4,,0,65,,191612,24,4,,0,25,,191593,24,4,,0,65,,191613,24,4,,0,25,,191594,24,4,,0,65,,191614,24,4,,0,25,,191595,24,4,,0,25,,191615,24,4,,0,65,,191596,24,4,,0,25,,191616,24,4,,0,64,,191597,24,4,,0,25,,191617,24,4,,0,25,,191599,24,4,,0,65,,191618,24,4,,0,25,,191598,24,4,,0,65,,191619,24,4,,0,25,,191600,24,4,,0,65,,191620,24,4,,0,25,,191601,24,4,,0,25,,191621,24,4,,0,65,,191602,24,4,,0,25,,191622,24,4,,0
12400,'Weekday',610,,191627,24,4,,0,12,,191631,24,4,,0,12,,191653,24,4,,0,12,,191655,24,4,,0,12,,191658,24,4,,0,52,,191628,24,4,,0,13,,191632,24,4,,0,12,,191652,24,4,,0,12,,191656,24,4,,0,12,,191659,24,4,,0,53,,191629,24,4,,0,12,,191633,24,4,,0,11,,191654,24,4,,0,5,,191686,24,4,,0,6,,191657,24,4,,0,10,,191660,24,4,,0,52,,191630,24,4,,0,12,,191634,24,4,,0,25,,191661,24,4,,0,68,,191635,24,4,,0,26,,191662,24,4,,0,68,,191636,24,4,,0,28,,191663,24,4,,0,68,,191637,24,4,,0,28,,191664,24,4,,0,28,,191638,24,4,,0,68,,191665,24,4,,0,28,,191639,24,4,,0,68,,191666,24,4,,0,29,,191640,24,4,,0,54,,191688,24,4,,0,15,,191667,24,4,,0,13,,191687,24,4,,0,12,,191683,24,4,,0,12,,191641,24,4,,0,52,,191623,24,4,,0,11,,191668,24,4,,0,12,,191679,24,4,,0,12,,191682,24,4,,0,12,,191642,24,4,,0,52,,191624,24,4,,0,12,,191669,24,4,,0,12,,191680,24,4,,0,12,,191684,24,4,,0,12,,191643,24,4,,0,52,,191625,24,4,,0,14,,191670,24,4,,0,10,,191681,24,4,,0,10,,191685,24,4,,0,12,,191644,24,4,,0,52,,191626,24,4,,0,11,,191671,24,4,,0,28,,191645,24,4,,0,68,,191672,24,4,,0,28,,191646,24,4,,0,68,,191673,24,4,,0,27,,191648,24,4,,0,67,,191674,24,4,,0,28,,191647,24,4,,0,68,,191675,24,4,,0,28,,191649,24,4,,0,28,,191676,24,4,,0,68,,191650,24,4,,0,28,,191677,24,4,,0,68,,191651,24,4,,0,28,,191678,24,4,,0
12400,'pB3Sep30-Saturday',726,,191690,24,4,,0,25,,191709,24,4,,0,65,,191689,24,4,,0,25,,191710,24,4,,0,65,,191691,24,4,,0,25,,191712,24,4,,0,25,,191692,24,4,,0,65,,191711,24,4,,0,25,,191693,24,4,,0,65,,191714,24,4,,0,25,,191694,24,4,,0,65,,191713,24,4,,0,25,,191695,24,4,,0,25,,191715,24,4,,0,65,,191696,24,4,,0,25,,191716,24,4,,0,65,,191697,24,4,,0,25,,191717,24,4,,0,25,,191698,24,4,,0,65,,191719,24,4,,0,25,,191699,24,4,,0,65,,191718,24,4,,0,25,,191701,24,4,,0,65,,191720,24,4,,0,25,,191700,24,4,,0,25,,191721,24,4,,0,65,,191702,24,4,,0,25,,191722,24,4,,0,64,,191703,24,4,,0,25,,191723,24,4,,0,25,,191704,24,4,,0,65,,191724,24,4,,0,25,,191705,24,4,,0,65,,191725,24,4,,0,25,,191706,24,4,,0,65,,191726,24,4,,0,25,,191707,24,4,,0,25,,191727,24,4,,0,65,,191708,24,4,,0,25,,191728,24,4,,0
12401,'Saturday',645,,191729,1,,,0,65,,191749,1,,,0,25,,191731,1,,,0,65,,191750,1,,,0,25,,191730,1,,,0,25,,191751,1,,,0,65,,191732,1,,,0,25,,191752,1,,,0,65,,191733,1,,,0,25,,191753,1,,,0,25,,191734,1,,,0,65,,191754,1,,,0,25,,191735,1,,,0,65,,191755,1,,,0,25,,191736,1,,,0,65,,191756,1,,,0,25,,191737,1,,,0,25,,191757,1,,,0,65,,191739,1,,,0,25,,191759,1,,,0,65,,191738,1,,,0,25,,191760,1,,,0,25,,191740,1,,,0,65,,191758,1,,,0,25,,191741,1,,,0,65,,191762,1,,,0,25,,191742,1,,,0,65,,191761,1,,,0,25,,191743,1,,,0,25,,191763,1,,,0,65,,191745,1,,,0,25,,191764,1,,,0,65,,191744,1,,,0,25,,191765,1,,,0,25,,191746,1,,,0,65,,191766,1,,,0,25,,191747,1,,,0,65,,191767,1,,,0,25,,191748,1,,,0,65,,191768,1,,,0
12401,'Sunday',645,,191770,1,,,0,65,,191789,1,,,0,25,,191769,1,,,0,65,,191790,1,,,0,25,,191772,1,,,0,25,,191792,1,,,0,65,,191771,1,,,0,25,,191793,1,,,0,65,,191773,1,,,0,25,,191791,1,,,0,25,,191774,1,,,0,65,,191794,1,,,0,25,,191775,1,,,0,65,,191795,1,,,0,25,,191776,1,,,0,65,,191796,1,,,0,25,,191777,1,,,0,25,,191797,1,,,0,65,,191778,1,,,0,25,,191798,1,,,0,65,,191779,1,,,0,25,,191799,1,,,0,25,,191780,1,,,0,65,,191800,1,,,0,25,,191781,1,,,0,65,,191802,1,,,0,25,,191782,1,,,0,65,,191801,1,,,0,25,,191783,1,,,0,25,,191804,1,,,0,65,,191785,1,,,0,25,,191805,1,,,0,65,,191786,1,,,0,25,,191803,1,,,0,25,,191784,1,,,0,65,,191806,1,,,0,25,,191787,1,,,0,65,,191807,1,,,0,25,,191788,1,,,0,65,,191808,1,,,0
12401,'Weekday',520,,191813,1,,,0,12,,191817,1,,,0,12,,191838,1,,,0,12,,191841,1,,,0,52,,191844,1,,,0,11,,191814,1,,,0,11,,191818,1,,,0,12,,191839,1,,,0,12,,191842,1,,,0,52,,191845,1,,,0,12,,191815,1,,,0,12,,191819,1,,,0,12,,191840,1,,,0,6,,191872,1,,,0,6,,191843,1,,,0,52,,191846,1,,,0,12,,191816,1,,,0,12,,191820,1,,,0,28,,191847,1,,,0,68,,191821,1,,,0,26,,191848,1,,,0,68,,191822,1,,,0,28,,191849,1,,,0,68,,191823,1,,,0,28,,191850,1,,,0,68,,191824,1,,,0,28,,191851,1,,,0,68,,191825,1,,,0,28,,191852,1,,,0,68,,191826,1,,,0,11,,191874,1,,,0,12,,191853,1,,,0,12,,191873,1,,,0,12,,191867,1,,,0,52,,191827,1,,,0,12,,191809,1,,,0,12,,191854,1,,,0,12,,191865,1,,,0,12,,191869,1,,,0,52,,191828,1,,,0,12,,191810,1,,,0,12,,191855,1,,,0,12,,191866,1,,,0,12,,191870,1,,,0,52,,191829,1,,,0,12,,191811,1,,,0,12,,191856,1,,,0,12,,191868,1,,,0,12,,191871,1,,,0,52,,191830,1,,,0,13,,191812,1,,,0,12,,191857,1,,,0,31,,191831,1,,,0,68,,191858,1,,,0,28,,191833,1,,,0,68,,191859,1,,,0,28,,191832,1,,,0,68,,191860,1,,,0,28,,191834,1,,,0,68,,191861,1,,,0,28,,191835,1,,,0,68,,191862,1,,,0,28,,191836,1,,,0,68,,191863,1,,,0,28,,191837,1,,,0,68,,191864,1,,,0
12401,'pB3Sep30-Saturday',645,,191875,1,,,0,65,,191895,1,,,0,25,,191877,1,,,0,65,,191896,1,,,0,25,,191876,1,,,0,25,,191897,1,,,0,65,,191878,1,,,0,25,,191898,1,,,0,65,,191879,1,,,0,25,,191899,1,,,0,25,,191880,1,,,0,65,,191900,1,,,0,25,,191881,1,,,0,65,,191901,1,,,0,25,,191882,1,,,0,65,,191902,1,,,0,25,,191883,1,,,0,25,,191903,1,,,0,65,,191885,1,,,0,25,,191905,1,,,0,65,,191884,1,,,0,25,,191906,1,,,0,25,,191886,1,,,0,65,,191904,1,,,0,25,,191887,1,,,0,65,,191908,1,,,0,25,,191888,1,,,0,65,,191907,1,,,0,25,,191889,1,,,0,25,,191909,1,,,0,65,,191891,1,,,0,25,,191910,1,,,0,65,,191890,1,,,0,25,,191911,1,,,0,25,,191892,1,,,0,65,,191912,1,,,0,25,,191893,1,,,0,65,,191913,1,,,0,25,,191894,1,,,0,65,,191914,1,,,0
