15800,'Saturday',601,,195911,17,,,0,40,,195886,17,,,0,80,,195888,17,,,0,80,,195891,17,,,0,40,,195887,17,,,0,80,,195889,17,,,0,80,,195890,17,,,0,40,,195892,17,,,0,80,,195893,17,,,0,80,,195894,17,,,0,41,,195895,17,,,0,80,,195896,17,,,0,80,,195897,17,,,0,40,,195898,17,,,0,80,,195899,17,,,0,80,,195900,17,,,0,40,,195901,17,,,0,80,,195902,17,,,0,80,,195904,17,,,0,40,,195905,17,,,0,80,,195903,17,,,0,80,,195906,17,,,0,40,,195907,17,,,0,80,,195908,17,,,0,80,,195912,17,,,0,40,,195909,17,,,0,80,,195910,17,,,0
15800,'Sunday',601,,195922,17,,,0,40,,195932,17,,,0,80,,195913,17,,,0,80,,195923,17,,,0,40,,195933,17,,,0,80,,195914,17,,,0,80,,195924,17,,,0,40,,195934,17,,,0,80,,195915,17,,,0,80,,195925,17,,,0,41,,195935,17,,,0,80,,195916,17,,,0,80,,195926,17,,,0,40,,195936,17,,,0,80,,195917,17,,,0,80,,195927,17,,,0,40,,195937,17,,,0,80,,195918,17,,,0,80,,195928,17,,,0,40,,195938,17,,,0,80,,195919,17,,,0,80,,195930,17,,,0,40,,195939,17,,,0,80,,195920,17,,,0,80,,195929,17,,,0,40,,195940,17,,,0,80,,195921,17,,,0,80,,195931,17,,,0
15800,'Weekday',513,,195941,17,,,0,33,,195949,17,,,0,70,,195959,17,,,0,31,,195964,17,,,0,70,,195942,17,,,0,30,,195950,17,,,0,70,,195958,17,,,0,30,,195965,17,,,0,70,,195943,17,,,0,30,,195951,17,,,0,70,,195960,17,,,0,30,,195966,17,,,0,69,,195944,17,,,0,30,,195952,17,,,0,70,,195961,17,,,0,30,,195967,17,,,0,70,,195945,17,,,0,30,,195953,17,,,0,70,,195962,17,,,0,30,,195968,17,,,0,81,,195946,17,,,0,23,,195954,17,,,0,70,,195963,17,,,0,32,,195969,17,,,0,67,,195947,17,,,0,30,,195955,17,,,0,70,,195948,17,,,0,27,,195975,17,,,0,70,,195976,17,,,0,30,,195970,17,,,0,70,,195973,17,,,0,30,,195956,17,,,0,70,,195977,17,,,0,30,,195971,17,,,0,70,,195974,17,,,0,30,,195957,17,,,0,70,,195978,17,,,0,30,,195972,17,,,0
15800,'pB3Sep30-Saturday',601,,196004,17,,,0,40,,195979,17,,,0,80,,195981,17,,,0,80,,195985,17,,,0,40,,195980,17,,,0,80,,195982,17,,,0,80,,195984,17,,,0,40,,195986,17,,,0,80,,195983,17,,,0,80,,195987,17,,,0,41,,195988,17,,,0,80,,195989,17,,,0,80,,195990,17,,,0,40,,195991,17,,,0,80,,195992,17,,,0,80,,195993,17,,,0,40,,195994,17,,,0,80,,195995,17,,,0,80,,195997,17,,,0,40,,195998,17,,,0,80,,195996,17,,,0,80,,195999,17,,,0,40,,196000,17,,,0,80,,196001,17,,,0,80,,196005,17,,,0,40,,196002,17,,,0,80,,196003,17,,,0
77400,'Weekday',735,,201146,6,0,125 6 128 129,0
80100,'Weekday',823,,201206,37,0,127 128 129 126 31,0
80101,'Weekday',1600,,201207,36,0,127 128 129 126 31,0
81400,'Weekday',819,,201225,15,0,12 13 128 129,0
81401,'Weekday0000100',1500,,201226,22,0,12 13 128 129,0
81401,'Weekday1111000',1600,,201227,22,0,12 13 128 129,0
