3800,'Saturday',506,,177268,35,,,0,23,,177269,35,,,0,23,,177270,35,,,0,63,,177272,35,,,0,23,,177273,35,,,0,63,,177271,35,,,0,23,,177274,35,,,0,23,,177276,35,,,0,63,,177275,35,,,0,23,,177277,35,,,0,23,,177278,35,,,0,63,,177280,35,,,0,26,,177279,35,,,0,66,,177284,35,,,0,22,,177285,35,,,0,22,,177286,35,,,0,63,,177283,35,,,0,21,,177282,35,,,0,61,,177281,35,,,0,21,,177287,35,,,0,22,,177289,35,,,0,62,,177288,35,,,0,22,,177290,35,,,0,22,,177244,35,,,0,61,,177239,35,,,0,21,,177291,35,,,0,22,,177266,35,,,0,62,,177293,35,,,0,22,,177292,35,,,0,22,,177245,35,,,0,61,,177246,35,,,0,20,,177257,35,,,0,62,,177254,35,,,0,22,,177240,35,,,0,22,,177250,35,,,0,62,,177247,35,,,0,21,,177251,35,,,0,20,,177241,35,,,0,60,,177262,35,,,0,23,,177267,35,,,0,19,,177258,35,,,0,58,,177255,35,,,0,24,,177242,35,,,0,24,,177248,35,,,0,64,,177256,35,,,0,25,,177263,35,,,0,64,,177252,35,,,0,24,,177259,35,,,0,24,,177249,35,,,0,64,,177243,35,,,0,24,,177265,35,,,0,64,,177260,35,,,0,24,,177264,35,,,0,24,,177253,35,,,0,64,,177261,35,,,0
3800,'Sunday',506,,177294,35,,,0,23,,177295,35,,,0,23,,177296,35,,,0,63,,177297,35,,,0,23,,177298,35,,,0,63,,177299,35,,,0,23,,177300,35,,,0,23,,177301,35,,,0,63,,177302,35,,,0,23,,177303,35,,,0,23,,177304,35,,,0,63,,177305,35,,,0,26,,177306,35,,,0,66,,177307,35,,,0,22,,177308,35,,,0,22,,177309,35,,,0,63,,177310,35,,,0,21,,177311,35,,,0,61,,177312,35,,,0,21,,177313,35,,,0,22,,177314,35,,,0,62,,177315,35,,,0,22,,177316,35,,,0,22,,177317,35,,,0,61,,177318,35,,,0,21,,177319,35,,,0,22,,177320,35,,,0,62,,177321,35,,,0,22,,177322,35,,,0,22,,177323,35,,,0,61,,177348,35,,,0,20,,177324,35,,,0,62,,177325,35,,,0,22,,177326,35,,,0,22,,177327,35,,,0,62,,177328,35,,,0,21,,177329,35,,,0,20,,177330,35,,,0,60,,177331,35,,,0,22,,177332,35,,,0,20,,177333,35,,,0,59,,177334,35,,,0,23,,177335,35,,,0,24,,177336,35,,,0,64,,177337,35,,,0,25,,177338,35,,,0,64,,177339,35,,,0,24,,177340,35,,,0,24,,177341,35,,,0,64,,177342,35,,,0,24,,177343,35,,,0,64,,177344,35,,,0,24,,177345,35,,,0,24,,177346,35,,,0,64,,177347,35,,,0
3800,'Weekday',452,,177350,35,,,0,53,,177351,35,,,0,13,,177352,35,,,0,13,,177353,35,,,0,14,,177354,35,,,0,14,,177355,35,,,0,53,,177369,35,,,0,15,,177356,35,,,0,15,,177357,35,,,0,15,,177358,35,,,0,57,,177359,35,,,0,19,,177360,35,,,0,15,,177361,35,,,0,55,,177362,35,,,0,15,,177363,35,,,0,15,,177364,35,,,0,16,,177365,35,,,0,57,,177366,35,,,0,13,,177349,35,0,121 47,0,5,,177367,35,,,0,19,,177368,35,,,0,60,,177371,35,,,0,20,,177382,35,,,0,18,,177374,35,,,0,18,,177378,35,,,0,59,,177380,35,,,0,20,,177384,35,,,0,20,,177376,35,,,0,58,,177372,35,,,0,18,,177383,35,,,0,20,,177379,35,,,0,60,,177377,35,,,0,19,,177373,35,,,0,19,,177381,35,,,0,57,,177370,35,,,0,17,,177375,35,,,0,15,,177385,35,,,0,15,,177388,35,,,0,56,,177390,35,,,0,16,,177391,35,,,0,16,,177392,35,,,0,15,,177393,35,,,0,45,,177424,35,,,0,10,,177394,35,,,0,14,,177395,35,,,0,13,,177396,35,,,0,15,,177397,35,,,0,54,,177398,35,,,0,16,,177399,35,,,0,15,,177400,35,,,0,16,,177401,35,,,0,55,,177402,35,,,0,14,,177403,35,,,0,15,,177386,35,,,0,14,,177387,35,,,0,55,,177389,35,,,0,20,,177404,35,,,0,20,,177405,35,,,0,60,,177406,35,,,0,20,,177407,35,,,0,17,,177408,35,,,0,58,,177409,35,,,0,21,,177410,35,,,0,20,,177411,35,,,0,60,,177412,35,,,0,20,,177413,35,,,0,19,,177414,35,,,0,60,,177415,35,,,0,20,,177416,35,,,0,20,,177417,35,,,0,60,,177418,35,,,0,20,,177419,35,,,0,20,,177420,35,,,0,60,,177421,35,,,0,20,,177422,35,,,0,20,,177423,35,,,0
3800,'Weekday0000100',933,,177425,35,0,121 47,0,484,,177427,35,,,0,42,,177426,35,,,0
3800,'Weekday1111000',914,,177428,35,0,121 47,0,644,,177430,35,,,0,46,,177429,35,,,0
3800,'pB3Sep30-Saturday',506,,177460,35,,,0,23,,177461,35,,,0,23,,177462,35,,,0,63,,177464,35,,,0,23,,177465,35,,,0,63,,177463,35,,,0,23,,177466,35,,,0,23,,177468,35,,,0,63,,177467,35,,,0,23,,177469,35,,,0,23,,177470,35,,,0,63,,177472,35,,,0,26,,177471,35,,,0,66,,177476,35,,,0,22,,177477,35,,,0,22,,177478,35,,,0,63,,177475,35,,,0,21,,177474,35,,,0,61,,177473,35,,,0,21,,177479,35,,,0,22,,177481,35,,,0,62,,177480,35,,,0,22,,177482,35,,,0,22,,177436,35,,,0,61,,177432,35,,,0,21,,177483,35,,,0,22,,177458,35,,,0,62,,177485,35,,,0,22,,177484,35,,,0,22,,177437,35,,,0,61,,177438,35,,,0,20,,177449,35,,,0,62,,177446,35,,,0,22,,177433,35,,,0,22,,177442,35,,,0,62,,177439,35,,,0,21,,177443,35,,,0,20,,177431,35,,,0,60,,177454,35,,,0,23,,177459,35,,,0,19,,177450,35,,,0,58,,177447,35,,,0,24,,177434,35,,,0,24,,177440,35,,,0,64,,177448,35,,,0,25,,177455,35,,,0,64,,177444,35,,,0,24,,177451,35,,,0,24,,177441,35,,,0,64,,177435,35,,,0,24,,177457,35,,,0,64,,177452,35,,,0,24,,177456,35,,,0,24,,177445,35,,,0,64,,177453,35,,,0
4300,'Saturday',505,,178128,7,,,0,24,,178130,7,,,0,24,,178129,7,,,0,64,,178132,61,,,0,24,,178131,61,,,0,64,,178133,61,,,0,24,,178135,61,,,0,24,,178136,61,,,0,64,,178137,61,,,0,24,,178134,61,,,0,64,,178138,61,,,0,24,,178140,61,,,0,29,,178139,61,,,0,66,,178141,61,,,0,26,,178144,61,,,0,59,,178142,61,,,0,19,,178143,61,,,0,21,,178145,61,,,0,61,,178146,61,,,0,19,,178147,61,,,0,19,,178151,61,,,0,60,,178148,61,,,0,21,,178149,61,,,0,20,,178150,61,,,0,60,,178152,61,,,0,21,,178156,61,,,0,21,,178157,61,,,0,60,,178154,61,,,0,20,,178153,61,,,0,20,,178155,61,,,0,60,,178163,61,,,0,20,,178164,61,,,0,20,,178162,61,,,0,61,,178159,61,,,0,21,,178161,61,,,0,20,,178160,61,,,0,60,,178158,61,,,0,20,,178169,61,,,0,20,,178165,61,,,0,60,,178167,61,,,0,18,,178172,61,,,0,16,,178168,61,,,0,60,,178170,61,,,0,20,,178166,61,,,0,19,,178171,61,,,0,60,,178173,61,,,0,19,,178174,61,,,0,19,,178176,61,,,0,70,,178177,61,,,0,30,,178175,61,,,0,70,,178178,61,,,0,30,,178179,61,,,0,70,,178180,61,,,0,30,,178181,61,,,0,70,,178182,61,,,0
4300,'Sunday',505,,178234,7,,,0,24,,178235,7,,,0,24,,178236,7,,,0,64,,178183,61,,,0,24,,178184,61,,,0,64,,178185,61,,,0,24,,178186,61,,,0,24,,178187,61,,,0,64,,178188,61,,,0,24,,178189,61,,,0,64,,178190,61,,,0,24,,178191,61,,,0,29,,178192,61,,,0,66,,178193,61,,,0,26,,178194,61,,,0,59,,178195,61,,,0,19,,178196,61,,,0,21,,178197,61,,,0,61,,178198,61,,,0,19,,178199,61,,,0,19,,178200,61,,,0,60,,178201,61,,,0,21,,178202,61,,,0,20,,178203,61,,,0,60,,178204,61,,,0,21,,178205,61,,,0,21,,178206,61,,,0,60,,178207,61,,,0,20,,178208,61,,,0,20,,178209,61,,,0,60,,178210,61,,,0,20,,178237,61,,,0,20,,178211,61,,,0,61,,178212,61,,,0,21,,178213,61,,,0,20,,178214,61,,,0,60,,178215,61,,,0,20,,178216,61,,,0,20,,178217,61,,,0,60,,178218,61,,,0,18,,178219,61,,,0,16,,178220,61,,,0,60,,178221,61,,,0,20,,178222,61,,,0,19,,178223,61,,,0,60,,178224,61,,,0,19,,178225,61,,,0,19,,178226,61,,,0,70,,178227,61,,,0,30,,178228,61,,,0,70,,178229,61,,,0,30,,178230,61,,,0,70,,178231,61,,,0,30,,178232,61,,,0,70,,178233,61,,,0
4300,'Weekday',443,,178241,13,,,0,62,,178242,13,,,0,14,,178240,61,,,0,23,,178238,61,,,0,63,,178243,61,,,0,24,,178247,61,,,0,24,,178248,61,,,0,62,,178249,61,,,0,17,,178250,61,,,0,15,,178253,61,,,0,54,,178252,61,,,0,9,,178251,61,,,0,10,,178254,61,,,0,10,,178259,61,,,0,10,,178257,61,,,0,9,,178258,61,,,0,53,,178255,61,,,0,13,,178256,61,,,0,13,,178261,61,,,0,12,,178260,61,,,0,14,,178264,61,,,0,56,,178265,61,,,0,21,,178266,61,,,0,21,,178267,61,,,0,62,,178268,61,,,0,22,,178269,61,,,0,19,,178270,61,,,0,61,,178263,61,,,0,18,,178262,61,,,0,18,,178273,61,,,0,59,,178272,61,,,0,20,,178271,61,,,0,20,,178278,61,,,0,60,,178279,61,,,0,10,,178244,61,,,0,10,,178277,61,,,0,11,,178245,61,,,0,10,,178276,61,,,0,50,,178239,61,,,0,10,,178274,61,,,0,10,,178246,61,,,0,11,,178275,61,,,0,12,,178283,61,,,0,13,,178281,61,,,0,55,,178280,61,,,0,12,,178284,61,,,0,12,,178286,61,,,0,13,,178285,61,,,0,53,,178282,61,,,0,13,,178287,61,,,0,12,,178288,61,,,0,11,,178289,61,,,0,11,,178290,61,,,0,51,,178295,61,,,0,12,,178296,61,,,0,12,,178292,61,,,0,11,,178293,61,,,0,13,,178291,61,,,0,56,,178294,61,,,0,21,,178298,61,,,0,21,,178300,61,,,0,60,,178301,61,,,0,16,,178299,61,,,0,16,,178302,61,,,0,18,,178297,61,,,0,59,,178305,61,,,0,18,,178304,61,,,0,18,,178303,61,,,0,60,,178306,61,,,0,18,,178307,61,,,0,19,,178308,61,,,0,63,,178309,61,,,0,30,,178310,61,,,0,70,,178311,61,,,0,30,,178313,61,,,0,70,,178312,61,,,0
4300,'pB3Sep30-Saturday',505,,178314,7,,,0,20,,178316,7,,,0,18,,178348,7,,,0,58,,178315,7,,,0,16,,178317,61,,,0,16,,178351,61,,,0,16,,178352,61,,,0,56,,178353,61,,,0,16,,178354,61,,,0,16,,178355,61,,,0,16,,178356,61,,,0,56,,178357,61,,,0,16,,178358,61,,,0,16,,178359,61,,,0,16,,178360,61,,,0,56,,178361,61,,,0,16,,178362,61,,,0,20,,178350,61,,,0,57,,178349,61,,,0,23,,178318,61,,,0,21,,178321,61,,,0,59,,178320,61,,,0,19,,178319,61,,,0,21,,178322,61,,,0,61,,178323,61,,,0,19,,178324,61,,,0,19,,178328,61,,,0,60,,178325,61,,,0,21,,178326,61,,,0,20,,178327,61,,,0,60,,178329,61,,,0,21,,178330,61,,,0,21,,178331,61,,,0,56,,178375,61,,,0,16,,178376,61,,,0,16,,178377,61,,,0,16,,178363,61,,,0,56,,178364,61,,,0,16,,178367,61,,,0,16,,178365,61,,,0,16,,178368,61,,,0,56,,178372,61,,,0,16,,178369,61,,,0,16,,178366,61,,,0,56,,178371,61,,,0,17,,178370,61,,,0,17,,178374,61,,,0,17,,178373,61,,,0,59,,178333,61,,,0,18,,178337,61,,,0,16,,178334,61,,,0,60,,178335,61,,,0,20,,178332,61,,,0,19,,178336,61,,,0,60,,178338,61,,,0,19,,178339,61,,,0,19,,178341,61,,,0,70,,178342,61,,,0,30,,178340,61,,,0,70,,178343,61,,,0,30,,178344,61,,,0,70,,178345,61,,,0,30,,178346,61,,,0,70,,178347,61,,,0
5701,'Saturday',618,,181010,21,0,122 123 124,0,36,,181011,21,0,122 123 124,0,75,,181012,21,0,122 123 124,0,76,,181013,21,0,122 123 124,0,36,,181014,21,0,122 123 124,0,76,,181015,21,0,122 123 124,0,36,,181016,21,0,122 123 124,0,76,,181017,21,0,122 123 124,0,76,,181019,21,0,122 123 124,0,36,,181018,21,0,122 123 124,0,77,,181020,21,0,122 123 124,0,38,,181021,21,0,122 123 124,0,78,,181023,21,0,122 123 124,0,77,,181022,21,0,122 123 124,0,38,,181026,21,0,122 123 124,0,77,,181027,21,0,122 123 124,0,78,,181024,21,0,122 123 124,0,37,,181025,21,0,122 123 124,0,78,,181028,21,0,122 123 124,0,35,,181029,21,0,122 123 124,0,78,,181030,21,0,122 123 124,0,76,,181031,21,0,122 123 124,0,37,,181032,21,0,122 123 124,0,76,,181033,21,0,122 123 124,0,36,,181034,21,0,122 123 124,0,76,,181036,21,0,122 123 124,0,76,,181035,21,0,122 123 124,0,36,,181037,21,0,122 123 124,0,76,,181038,21,0,122 123 124,0,36,,181039,21,0,122 123 124,0,76,,181040,21,0,121 47,0
5701,'Sunday',618,,181057,21,0,122 123 124,0,36,,181042,21,0,122 123 124,0,75,,181058,21,0,122 123 124,0,76,,181043,21,0,122 123 124,0,36,,181059,21,0,122 123 124,0,76,,181044,21,0,122 123 124,0,36,,181060,21,0,122 123 124,0,76,,181045,21,0,122 123 124,0,76,,181061,21,0,122 123 124,0,36,,181046,21,0,122 123 124,0,77,,181062,21,0,122 123 124,0,38,,181047,21,0,122 123 124,0,78,,181063,21,0,122 123 124,0,77,,181048,21,0,122 123 124,0,38,,181064,21,0,122 123 124,0,77,,181049,21,0,122 123 124,0,78,,181066,21,0,122 123 124,0,37,,181050,21,0,122 123 124,0,78,,181065,21,0,122 123 124,0,35,,181051,21,0,122 123 124,0,78,,181067,21,0,122 123 124,0,76,,181052,21,0,122 123 124,0,37,,181068,21,0,122 123 124,0,76,,181053,21,0,122 123 124,0,36,,181069,21,0,122 123 124,0,76,,181054,21,0,122 123 124,0,76,,181070,21,0,122 123 124,0,36,,181055,21,0,122 123 124,0,76,,181071,21,0,122 123 124,0,36,,181056,21,0,122 123 124,0,76,,181072,21,0,121 47,0
5701,'Weekday',512,,181081,21,0,122 123 124,0,23,,181086,21,0,122 123 124,0,65,,181102,21,0,122 123 124,0,24,,181082,21,0,122 123 124,0,19,,181087,21,0,122 123 124,0,58,,181112,21,0,122 123 124,0,18,,181103,21,0,122 123 124,0,19,,181083,21,0,122 123 124,0,20,,181088,21,0,122 123 124,0,60,,181113,21,0,122 123 124,0,20,,181104,21,0,122 123 124,0,19,,181084,21,0,122 123 124,0,59,,181089,21,0,122 123 124,0,20,,181114,21,0,122 123 124,0,20,,181105,21,0,122 123 124,0,60,,181085,21,0,121 47,0,18,,181090,21,0,122 123 124,0,66,,181115,21,0,122 123 124,0,26,,181106,21,0,122 123 124,0,26,,181091,21,0,122 123 124,0,66,,181116,21,0,122 123 124,0,26,,181107,21,0,122 123 124,0,66,,181092,21,0,122 123 124,0,26,,181117,21,0,122 123 124,0,66,,181108,21,0,122 123 124,0,26,,181093,21,0,122 123 124,0,25,,181118,21,0,122 123 124,0,66,,181109,21,0,122 123 124,0,25,,181094,21,0,122 123 124,0,60,,181073,21,0,122 123 124,0,20,,181119,21,0,122 123 124,0,19,,181110,21,0,122 123 124,0,60,,181095,21,0,122 123 124,0,21,,181074,21,0,122 123 124,0,20,,181120,21,0,122 123 124,0,60,,181111,21,0,122 123 124,0,20,,181096,21,0,122 123 124,0,22,,181075,21,0,122 123 124,0,65,,181121,21,0,122 123 124,0,25,,181097,21,0,122 123 124,0,66,,181076,21,0,122 123 124,0,26,,181122,21,0,122 123 124,0,26,,181098,21,0,122 123 124,0,66,,181077,21,0,122 123 124,0,26,,181123,21,0,122 123 124,0,66,,181099,21,0,122 123 124,0,31,,181078,21,0,122 123 124,0,59,,181124,21,0,121 47,0,22,,181100,21,0,122 123 124,0,31,,181079,21,0,122 123 124,0,74,,181101,21,0,122 123 124,0,74,,181080,21,0,122 123 124,0
5701,'pB3Sep30-Saturday',618,,181126,21,0,122 123 124,0,36,,181127,21,0,122 123 124,0,75,,181128,21,0,122 123 124,0,76,,181129,21,0,122 123 124,0,36,,181130,21,0,122 123 124,0,76,,181131,21,0,122 123 124,0,36,,181132,21,0,122 123 124,0,76,,181133,21,0,122 123 124,0,76,,181135,21,0,122 123 124,0,36,,181134,21,0,122 123 124,0,77,,181136,21,0,122 123 124,0,38,,181137,21,0,122 123 124,0,78,,181138,21,0,122 123 124,0,77,,181139,21,0,122 123 124,0,38,,181142,21,0,122 123 124,0,77,,181143,21,0,122 123 124,0,78,,181140,21,0,122 123 124,0,37,,181141,21,0,122 123 124,0,78,,181144,21,0,122 123 124,0,35,,181145,21,0,122 123 124,0,78,,181146,21,0,122 123 124,0,76,,181147,21,0,122 123 124,0,37,,181148,21,0,122 123 124,0,76,,181149,21,0,122 123 124,0,36,,181150,21,0,122 123 124,0,76,,181152,21,0,122 123 124,0,76,,181151,21,0,122 123 124,0,36,,181153,21,0,122 123 124,0,76,,181154,21,0,122 123 124,0,36,,181155,21,0,122 123 124,0,76,,181156,21,0,121 47,0
55500,'Sunday',738,,200929,32,,,0,100,,200930,32,,,0,100,,200931,32,,,0,100,,200932,32,,,0,100,,200933,32,,,0,100,,200934,32,,,0,103,,200935,32,,,0,100,,200936,32,,,0,100,,200937,32,,,0,100,,200938,32,,,0,100,,200939,32,,,0
