801,'Saturday',703,,171512,27,,,0,27,,171513,27,,,0,27,,171514,27,,,0,67,,171515,27,,,0,27,,171516,27,,,0,67,,171517,27,,,0,27,,171518,27,,,0,67,,171519,27,,,0,27,,171520,27,,,0,67,,171521,27,,,0,27,,171522,27,,,0,67,,171523,27,,,0,27,,171524,27,,,0,27,,171525,27,,,0,67,,171526,27,,,0,27,,171527,27,,,0,67,,171529,27,,,0,27,,171530,27,,,0,67,,171531,27,,,0,27,,171528,27,,,0,67,,171532,27,,,0,27,,171533,27,,,0,27,,171534,27,,,0,67,,171535,27,,,0,27,,171536,27,,,0,67,,171538,27,,,0,27,,171539,27,,,0,67,,171540,27,,,0,27,,171537,27,,,0,67,,171541,27,,,0,27,,171542,27,,,0,70,,171543,27,,,0,35,,171544,27,,,0,75,,171545,27,,,0,35,,171546,27,,,0,75,,171547,27,,,0,35,,171548,27,,,0
801,'Sunday',703,,171550,27,,,0,27,,171549,27,,,0,27,,171551,27,,,0,67,,171552,27,,,0,27,,171553,27,,,0,67,,171554,27,,,0,27,,171556,27,,,0,67,,171555,27,,,0,27,,171557,27,,,0,67,,171558,27,,,0,27,,171559,27,,,0,67,,171560,27,,,0,27,,171561,27,,,0,27,,171562,27,,,0,67,,171563,27,,,0,27,,171564,27,,,0,67,,171565,27,,,0,27,,171566,27,,,0,67,,171567,27,,,0,27,,171568,27,,,0,67,,171569,27,,,0,27,,171570,27,,,0,27,,171572,27,,,0,67,,171574,27,,,0,27,,171573,27,,,0,67,,171575,27,,,0,27,,171571,27,,,0,67,,171578,27,,,0,27,,171576,27,,,0,67,,171577,27,,,0,27,,171579,27,,,0,70,,171580,27,,,0,35,,171581,27,,,0,75,,171582,27,,,0,35,,171583,27,,,0,75,,171584,27,,,0,35,,171585,27,,,0
801,'Weekday',531,,171647,27,,,0,18,,171610,27,,,0,58,,171589,27,,,0,18,,171591,27,,,0,17,,171601,27,,,0,17,,171618,27,,,0,58,,171626,27,,,0,6,,171634,27,,,0,5,,171635,27,,,0,7,,171648,27,,,0,5,,171636,27,,,0,5,,171637,27,,,0,7,,171611,27,,,0,5,,171638,27,,,0,45,,171639,27,,,0,7,,171590,27,,,0,5,,171640,27,,,0,5,,171641,27,,,0,7,,171593,27,,,0,5,,171642,27,,,0,12,,171602,27,,,0,16,,171619,27,,,0,56,,171627,27,,,0,13,,171649,27,,,0,21,,171612,27,,,0,61,,171592,27,,,0,21,,171603,27,,,0,21,,171620,27,,,0,61,,171650,27,,,0,21,,171613,27,,,0,21,,171594,27,,,0,61,,171604,27,,,0,21,,171622,27,,,0,21,,171651,27,,,0,61,,171614,27,,,0,21,,171595,27,,,0,61,,171605,27,,,0,21,,171621,27,,,0,24,,171652,27,,,0,12,,171643,27,,,0,50,,171615,27,,,0,10,,171644,27,,,0,10,,171596,27,,,0,5,,171645,27,,,0,9,,171629,27,,,0,17,,171606,27,,,0,45,,171646,27,,,0,7,,171632,27,,,0,5,,171623,27,,,0,5,,171631,27,,,0,5,,171633,27,,,0,5,,171628,27,,,0,17,,171653,27,,,0,57,,171616,27,,,0,17,,171597,27,,,0,17,,171630,27,,,0,17,,171587,27,,,0,62,,171624,27,,,0,22,,171654,27,,,0,61,,171617,27,,,0,21,,171598,27,,,0,21,,171607,27,,,0,61,,171625,27,,,0,20,,171655,27,,,0,35,,171588,27,,,0,69,,171608,27,,,0,75,,171657,27,,,0,31,,171599,27,,,0,73,,171609,27,,,0,33,,171656,27,,,0,73,,171600,27,,,0,33,,171586,27,,,0,85,,171658,27,,,0
801,'Weekday0000100',1411,,171659,27,,,0,38,,171660,27,,,0
801,'Weekday1111000',1552,,171661,27,,,0
801,'pB3Sep30-Saturday',703,,171662,27,,,0,27,,171663,27,,,0,27,,171664,27,,,0,67,,171665,27,,,0,27,,171666,27,,,0,67,,171667,27,,,0,27,,171668,27,,,0,67,,171669,27,,,0,27,,171670,27,,,0,67,,171671,27,,,0,27,,171672,27,,,0,67,,171673,27,,,0,27,,171674,27,,,0,27,,171675,27,,,0,67,,171676,27,,,0,27,,171677,27,,,0,67,,171679,27,,,0,27,,171680,27,,,0,67,,171681,27,,,0,27,,171678,27,,,0,67,,171682,27,,,0,27,,171683,27,,,0,27,,171684,27,,,0,67,,171685,27,,,0,27,,171686,27,,,0,67,,171688,27,,,0,27,,171689,27,,,0,67,,171690,27,,,0,27,,171687,27,,,0,67,,171691,27,,,0,27,,171692,27,,,0,70,,171693,27,,,0,35,,171695,27,,,0,75,,171696,27,,,0,35,,171697,27,,,0,75,,171694,27,,,0,35,,171698,27,,,0
10501,'Saturday',625,,190153,10,,,0,75,,190163,10,,,0,40,,190160,10,,,0,80,,190162,10,,,0,80,,190165,10,,,0,40,,190161,10,,,0,80,,190164,10,,,0,80,,190167,10,,,0,40,,190168,10,,,0,80,,190170,10,,,0,80,,190166,10,,,0,40,,190171,10,,,0,80,,190172,10,,,0,80,,190169,10,,,0,40,,190173,10,,,0,80,,190174,10,,,0,80,,190158,10,,,0,40,,190157,10,,,0,80,,190159,10,,,0,80,,190155,10,,,0,40,,190156,10,,,0,80,,190154,10,,,0
10501,'Sunday',625,,190175,10,,,0,75,,190182,10,,,0,40,,190189,10,,,0,80,,190176,10,,,0,80,,190183,10,,,0,40,,190190,10,,,0,80,,190177,10,,,0,80,,190184,10,,,0,40,,190191,10,,,0,80,,190178,10,,,0,80,,190185,10,,,0,40,,190192,10,,,0,80,,190179,10,,,0,80,,190186,10,,,0,40,,190193,10,,,0,80,,190180,10,,,0,80,,190187,10,,,0,40,,190194,10,,,0,80,,190181,10,,,0,80,,190188,10,,,0,40,,190196,10,,,0,80,,190195,10,,,0
10501,'Weekday',517,,190222,10,,,0,30,,190213,10,,,0,69,,190205,10,,,0,31,,190197,10,,,0,70,,190223,10,,,0,31,,190216,10,,,0,70,,190206,10,,,0,15,,190231,10,,,0,14,,190198,10,,,0,70,,190224,10,,,0,30,,190214,10,,,0,70,,190207,10,,,0,30,,190199,10,,,0,70,,190225,10,,,0,30,,190215,10,,,0,70,,190208,10,,,0,30,,190200,10,,,0,70,,190226,10,,,0,30,,190217,10,,,0,70,,190209,10,,,0,30,,190201,10,,,0,71,,190227,10,,,0,30,,190218,10,,,0,70,,190210,10,,,0,30,,190202,10,,,0,70,,190228,10,,,0,30,,190219,10,,,0,70,,190212,10,,,0,29,,190203,10,,,0,70,,190229,10,,,0,30,,190220,10,,,0,70,,190211,10,,,0,30,,190204,10,,,0,69,,190230,10,,,0,43,,190221,10,,,0
10501,'pB3Sep30-Saturday',625,,190232,10,,,0,75,,190242,10,,,0,40,,190239,10,,,0,80,,190241,10,,,0,80,,190245,10,,,0,40,,190240,10,,,0,80,,190244,10,,,0,80,,190243,10,,,0,40,,190247,10,,,0,80,,190249,10,,,0,80,,190246,10,,,0,40,,190250,10,,,0,80,,190251,10,,,0,80,,190248,10,,,0,40,,190252,10,,,0,80,,190253,10,,,0,80,,190237,10,,,0,40,,190236,10,,,0,80,,190238,10,,,0,80,,190234,10,,,0,40,,190235,10,,,0,80,,190233,10,,,0
