15100,'Weekday',551,,194630,9,,,0,90,,194629,10,,,0
15100,'pB3Sep30-Saturday',551,,194632,9,,,0,90,,194631,10,,,0
15101,'Weekday',1721,,194634,31,,,0,86,,194633,36,,,0
15101,'pB3Sep30-Saturday',1721,,194636,31,,,0,86,,194635,36,,,0
15301,'Saturday',632,,194807,6,,,0,77,,194805,6,,,0,37,,194808,6,,,0,77,,194806,6,,,0,77,,194813,6,,,0,37,,194816,6,,,0,77,,194817,6,,,0,37,,194818,6,,,0,77,,194819,6,,,0,77,,194820,6,,,0,37,,194821,6,,,0,77,,194822,6,,,0,37,,194823,6,,,0,77,,194824,6,,,0,77,,194825,6,,,0,37,,194826,6,,,0,77,,194827,6,,,0,77,,194828,6,,,0,37,,194829,6,,,0,77,,194830,6,,,0,37,,194831,6,,,0,77,,194810,6,,,0,77,,194811,6,,,0,37,,194812,6,,,0,77,,194814,6,,,0,37,,194815,6,,,0,77,,194809,6,,,0
15301,'Sunday',823,,194855,6,,,0,78,,194833,6,,,0,37,,194838,6,,,0,77,,194841,6,,,0,37,,194839,6,,,0,77,,194842,6,,,0,77,,194844,6,,,0,37,,194845,6,,,0,77,,194846,6,,,0,37,,194843,6,,,0,77,,194840,6,,,0,77,,194848,6,,,0,37,,194849,6,,,0,77,,194850,6,,,0,77,,194852,6,,,0,37,,194853,6,,,0,77,,194847,6,,,0,36,,194851,6,,,0,77,,194854,6,,,0,77,,194834,6,,,0,37,,194836,6,,,0,76,,194837,6,,,0,35,,194835,6,,,0,72,,194832,6,,,0
15301,'Weekday',551,,194856,6,,,0,64,,194860,6,,,0,24,,194878,6,,,0,66,,194857,6,,,0,25,,194861,6,,,0,10,,194894,6,,,0,12,,194879,6,,,0,50,,194895,6,,,0,8,,194896,6,,,0,8,,194858,6,,,0,15,,194898,6,,,0,15,,194862,6,,,0,66,,194880,6,,,0,25,,194901,6,,,0,65,,194863,6,,,0,25,,194881,6,,,0,25,,194902,6,,,0,65,,194864,6,,,0,25,,194882,6,,,0,65,,194903,6,,,0,25,,194865,6,,,0,25,,194883,6,,,0,65,,194904,6,,,0,25,,194866,6,,,0,65,,194884,6,,,0,25,,194905,6,,,0,65,,194867,6,,,0,26,,194908,6,,,0,14,,194885,6,,,0,11,,194875,6,,,0,51,,194906,6,,,0,11,,194893,6,,,0,11,,194868,6,,,0,11,,194876,6,,,0,11,,194897,6,,,0,51,,194859,6,0,42 202,0,14,,194886,6,,,0,8,,194899,6,0,42 202,0,11,,194907,6,0,42 202,0,11,,194892,6,0,42 202,0,12,,194869,6,,,0,50,,194877,6,0,42 202,0,26,,194887,6,,,0,76,,194870,6,,,0,36,,194888,6,,,0,76,,194871,6,,,0,36,,194889,6,,,0,76,,194872,6,,,0,76,,194890,6,,,0,36,,194873,6,,,0,76,,194891,6,,,0,36,,194874,6,,,0
15301,'pB3Sep30-Saturday',632,,194911,6,,,0,77,,194909,6,,,0,37,,194912,6,,,0,77,,194910,6,,,0,77,,194917,6,,,0,37,,194920,6,,,0,77,,194921,6,,,0,37,,194922,6,,,0,77,,194923,6,,,0,77,,194924,6,,,0,37,,194925,6,,,0,77,,194926,6,,,0,37,,194927,6,,,0,77,,194928,6,,,0,77,,194929,6,,,0,37,,194930,6,,,0,77,,194931,6,,,0,77,,194932,6,,,0,37,,194933,6,,,0,77,,194934,6,,,0,37,,194935,6,,,0,77,,194914,6,,,0,77,,194915,6,,,0,37,,194916,6,,,0,77,,194918,6,,,0,37,,194919,6,,,0,77,,194913,6,,,0
71700,'Weekday',809,,201006,6,0,29 1 132,0
71701,'Weekday0000100',1440,,201008,10,0,29 1 132,0
71701,'Weekday1111000',1605,,201010,10,0,29 1 132,0
