101,'Saturday',611,,169257,40,,,0,27,,169269,40,,,0,70,,169246,40,,,0,28,,169263,40,,,0,67,,169276,40,,,0,25,,169281,40,,,0,25,,169258,40,,,0,65,,169271,40,,,0,27,,169251,40,,,0,66,,169244,40,,,0,25,,169264,40,,,0,65,,169278,40,,,0,25,,169284,40,,,0,25,,169259,40,,,0,65,,169270,40,,,0,25,,169253,40,,,0,65,,169245,40,,,0,25,,169265,40,,,0,25,,169277,40,,,0,65,,169283,40,,,0,26,,169260,40,,,0,65,,169272,40,,,0,25,,169254,40,,,0,65,,169247,40,,,0,25,,169266,40,,,0,25,,169279,40,,,0,65,,169285,40,,,0,25,,169261,40,,,0,65,,169273,40,,,0,25,,169252,40,,,0,25,,169249,40,,,0,65,,169267,40,,,0,23,,169280,40,,,0,63,,169286,40,,,0,24,,169262,40,,,0,25,,169274,40,,,0,65,,169256,40,,,0,25,,169250,40,,,0,64,,169268,40,,,0,24,,169282,40,,,0,68,,169287,40,,,0,30,,169275,40,,,0,25,,169255,40,,,0,75,,169248,40,,,0
101,'Sunday',612,,169300,40,,,0,26,,169313,40,,,0,70,,169288,40,,,0,27,,169307,40,,,0,68,,169320,40,,,0,25,,169325,40,,,0,25,,169301,40,,,0,65,,169312,40,,,0,28,,169294,40,,,0,65,,169289,40,,,0,25,,169305,40,,,0,65,,169318,40,,,0,25,,169326,40,,,0,25,,169302,40,,,0,65,,169314,40,,,0,25,,169295,40,,,0,65,,169291,40,,,0,25,,169308,40,,,0,25,,169322,40,,,0,65,,169327,40,,,0,26,,169303,40,,,0,65,,169315,40,,,0,25,,169296,40,,,0,65,,169290,40,,,0,25,,169309,40,,,0,25,,169321,40,,,0,65,,169329,40,,,0,25,,169304,40,,,0,65,,169316,40,,,0,25,,169297,40,,,0,25,,169292,40,,,0,65,,169310,40,,,0,23,,169323,40,,,0,64,,169328,40,,,0,23,,169306,40,,,0,25,,169317,40,,,0,65,,169298,40,,,0,25,,169293,40,,,0,64,,169311,40,,,0,23,,169324,40,,,0,69,,169330,40,,,0,30,,169319,40,,,0,25,,169299,40,,,0
101,'Weekday',519,,169333,40,,,0,18,,169337,40,,,0,17,,169341,40,,,0,56,,169345,40,,,0,20,,169349,40,,,0,19,,169332,40,,,0,58,,169335,40,,,0,17,,169340,40,,,0,16,,169344,40,,,0,16,,169348,40,,,0,56,,169353,40,,,0,16,,169334,40,,,0,16,,169338,40,,,0,15,,169342,40,,,0,56,,169346,40,,,0,16,,169350,40,,,0,19,,169357,40,,,0,59,,169358,40,,,0,20,,169359,40,,,0,19,,169360,40,,,0,60,,169361,40,,,0,19,,169362,40,,,0,19,,169363,40,,,0,59,,169364,40,,,0,19,,169365,40,,,0,19,,169366,40,,,0,59,,169367,40,,,0,19,,169368,40,,,0,19,,169369,40,,,0,19,,169370,40,,,0,62,,169371,40,,,0,22,,169372,40,,,0,60,,169373,40,,,0,19,,169375,40,,,0,19,,169376,40,,,0,59,,169377,40,,,0,19,,169374,40,,,0,16,,169378,40,,,0,16,,169379,40,,,0,55,,169380,40,,,0,13,,169381,40,,,0,13,,169356,40,,,0,15,,169354,40,,,0,56,,169336,40,,,0,15,,169339,40,,,0,16,,169343,40,,,0,16,,169347,40,,,0,56,,169351,40,,,0,16,,169352,40,,,0,21,,169382,40,,,0,61,,169383,40,,,0,21,,169384,40,,,0,21,,169385,40,,,0,61,,169386,40,,,0,20,,169387,40,,,0,20,,169388,40,,,0,60,,169389,40,,,0,21,,169390,40,,,0,21,,169391,40,,,0,61,,169392,40,,,0,21,,169393,40,,,0,21,,169394,40,,,0,61,,169395,40,,,0,21,,169396,40,,,0,21,,169397,40,,,0,61,,169398,40,,,0,21,,169355,40,,,0
101,'pB3Sep30-Saturday',611,,169412,40,,,0,27,,169424,40,,,0,70,,169401,40,,,0,28,,169418,40,,,0,67,,169431,40,,,0,25,,169436,40,,,0,25,,169413,40,,,0,65,,169426,40,,,0,27,,169406,40,,,0,66,,169399,40,,,0,25,,169419,40,,,0,65,,169433,40,,,0,25,,169439,40,,,0,25,,169414,40,,,0,65,,169425,40,,,0,25,,169408,40,,,0,65,,169400,40,,,0,25,,169420,40,,,0,25,,169432,40,,,0,65,,169438,40,,,0,26,,169415,40,,,0,65,,169427,40,,,0,25,,169409,40,,,0,65,,169402,40,,,0,25,,169421,40,,,0,25,,169434,40,,,0,65,,169440,40,,,0,25,,169416,40,,,0,65,,169428,40,,,0,25,,169407,40,,,0,25,,169404,40,,,0,65,,169422,40,,,0,23,,169435,40,,,0,63,,169441,40,,,0,24,,169417,40,,,0,25,,169429,40,,,0,65,,169411,40,,,0,25,,169405,40,,,0,64,,169423,40,,,0,24,,169437,40,,,0,68,,169442,40,,,0,30,,169430,40,,,0,25,,169410,40,,,0,75,,169403,40,,,0
900,'Saturday',615,,171699,36,,,0,32,,171731,36,,,0,72,,171700,36,,,0,32,,171701,36,,,0,72,,171702,36,,,0,32,,171703,36,,,0,72,,171704,36,,,0,32,,171705,36,,,0,72,,171706,36,,,0,72,,171707,36,,,0,32,,171708,36,,,0,73,,171709,36,,,0,32,,171710,36,,,0,72,,171711,36,,,0,32,,171712,36,,,0,72,,171713,36,,,0,32,,171714,36,,,0,72,,171715,36,,,0,32,,171716,36,,,0,72,,171717,36,,,0,32,,171718,36,,,0,72,,171719,36,,,0,72,,171720,36,,,0,32,,171721,36,,,0,72,,171722,36,,,0,32,,171723,36,,,0,72,,171724,36,,,0,32,,171725,36,,,0,72,,171726,36,,,0,32,,171727,36,,,0,70,,171728,36,,,0,32,,171729,36,,,0,72,,171730,36,,,0,25,,171732,36,,,0
900,'Sunday',615,,171747,36,,,0,32,,171733,36,,,0,72,,171740,36,,,0,32,,171754,36,,,0,72,,171761,36,,,0,32,,171748,36,,,0,72,,171734,36,,,0,32,,171741,36,,,0,72,,171755,36,,,0,72,,171762,36,,,0,32,,171749,36,,,0,73,,171735,36,,,0,32,,171742,36,,,0,72,,171756,36,,,0,32,,171763,36,,,0,72,,171750,36,,,0,32,,171736,36,,,0,72,,171743,36,,,0,32,,171757,36,,,0,72,,171764,36,,,0,32,,171751,36,,,0,72,,171737,36,,,0,72,,171744,36,,,0,32,,171758,36,,,0,72,,171765,36,,,0,32,,171752,36,,,0,72,,171738,36,,,0,32,,171745,36,,,0,72,,171759,36,,,0,32,,171766,36,,,0,70,,171753,36,,,0,32,,171739,36,,,0,72,,171746,36,,,0,25,,171760,36,,,0
900,'Weekday',504,,171775,36,,,0,22,,171788,36,,,0,22,,171800,36,,,0,63,,171767,36,,,0,26,,171783,36,,,0,63,,171793,36,,,0,22,,171815,36,,,0,16,,171808,36,,,0,62,,171776,36,,,0,11,,171819,36,,,0,11,,171789,36,,,0,22,,171801,36,,,0,62,,171768,36,,,0,21,,171784,36,,,0,22,,171794,36,,,0,62,,171816,36,,,0,22,,171809,36,,,0,22,,171777,36,,,0,62,,171790,36,,,0,22,,171802,36,,,0,62,,171769,36,,,0,22,,171785,36,,,0,22,,171795,36,,,0,62,,171817,36,,,0,22,,171810,36,,,0,22,,171778,36,,,0,62,,171791,36,,,0,22,,171803,36,,,0,22,,171770,36,,,0,63,,171786,36,,,0,26,,171796,36,,,0,6,,171821,36,,,0,58,,171818,36,,,0,9,,171820,36,,,0,14,,171811,36,,,0,8,,171822,36,,,0,15,,171779,36,,,0,47,,171823,36,,,0,16,,171792,36,,,0,23,,171804,36,,,0,63,,171771,36,,,0,19,,171787,36,,,0,17,,171797,36,,,0,74,,171812,36,,,0,26,,171780,36,,,0,74,,171805,36,,,0,30,,171772,36,,,0,70,,171798,36,,,0,30,,171813,36,,,0,70,,171781,36,,,0,30,,171806,36,,,0,70,,171773,36,,,0,30,,171799,36,,,0,70,,171814,36,,,0,30,,171782,36,,,0,70,,171807,36,,,0
900,'pB3Sep30-Saturday',615,,171826,36,,,0,32,,171858,36,,,0,72,,171828,36,,,0,32,,171827,36,,,0,72,,171829,36,,,0,32,,171830,36,,,0,72,,171831,36,,,0,32,,171832,36,,,0,72,,171833,36,,,0,72,,171834,36,,,0,32,,171835,36,,,0,73,,171836,36,,,0,32,,171837,36,,,0,72,,171838,36,,,0,32,,171839,36,,,0,72,,171840,36,,,0,32,,171841,36,,,0,72,,171842,36,,,0,32,,171843,36,,,0,72,,171844,36,,,0,32,,171845,36,,,0,72,,171846,36,,,0,72,,171847,36,,,0,32,,171848,36,,,0,72,,171849,36,,,0,32,,171850,36,,,0,72,,171851,36,,,0,32,,171852,36,,,0,72,,171853,36,,,0,32,,171854,36,,,0,70,,171855,36,,,0,32,,171856,36,,,0,72,,171857,36,,,0,25,,171859,36,,,0
9001,'Saturday',635,,186911,26,,,0,72,,186921,26,,,0,32,,186931,26,,,0,72,,186912,26,,,0,32,,186922,26,,,0,72,,186932,26,,,0,32,,186914,26,,,0,72,,186924,26,,,0,32,,186933,26,,,0,72,,186915,26,,,0,32,,186923,26,,,0,74,,186934,26,,,0,72,,186916,26,,,0,32,,186925,26,,,0,72,,186935,26,,,0,32,,186913,26,,,0,72,,186926,26,,,0,32,,186936,26,,,0,72,,186917,26,,,0,32,,186927,26,,,0,72,,186937,26,,,0,32,,186918,26,,,0,70,,186930,26,,,0,31,,186938,26,,,0,72,,186920,26,,,0,32,,186929,26,,,0,72,,186939,26,,,0,32,,186919,26,,,0,72,,186928,26,,,0
9001,'Sunday',629,,186940,26,,,0,72,,186950,26,,,0,38,,186961,26,,,0,72,,186941,26,,,0,32,,186951,26,,,0,72,,186960,26,,,0,32,,186943,26,,,0,72,,186953,26,,,0,32,,186963,26,,,0,72,,186942,26,,,0,32,,186952,26,,,0,74,,186962,26,,,0,72,,186944,26,,,0,32,,186954,26,,,0,72,,186964,26,,,0,32,,186945,26,,,0,72,,186955,26,,,0,32,,186966,26,,,0,72,,186946,26,,,0,32,,186956,26,,,0,72,,186965,26,,,0,32,,186947,26,,,0,70,,186957,26,,,0,31,,186967,26,,,0,72,,186948,26,,,0,32,,186958,26,,,0,72,,186968,26,,,0,32,,186949,26,,,0,72,,186959,26,,,0
9001,'Weekday',633,,186969,26,,,0,76,,186979,26,,,0,30,,186988,26,,,0,70,,186997,26,,,0,30,,186970,26,,,0,70,,186978,26,,,0,29,,186989,26,,,0,70,,186998,26,,,0,30,,186972,26,,,0,70,,186980,26,,,0,30,,186990,26,,,0,70,,186999,26,,,0,30,,186971,26,,,0,70,,186981,26,,,0,30,,186991,26,,,0,70,,187000,26,,,0,30,,186974,26,,,0,70,,186982,26,,,0,30,,186992,26,,,0,70,,187001,26,,,0,30,,186973,26,,,0,70,,186983,26,,,0,30,,186993,26,,,0,70,,187002,26,,,0,30,,186975,26,,,0,62,,186984,26,,,0,30,,186994,26,,,0,70,,187003,26,,,0,15,,186976,26,,,0,30,,186985,26,,,0,70,,186995,26,,,0,30,,187004,26,,,0,10,,186977,26,,,0,70,,186986,26,,,0,30,,186996,26,,,0,70,,187005,26,,,0,75,,186987,26,,,0
9001,'pB3Sep30-Saturday',635,,187006,26,,,0,72,,187016,26,,,0,32,,187026,26,,,0,72,,187007,26,,,0,32,,187017,26,,,0,72,,187027,26,,,0,32,,187010,26,,,0,72,,187019,26,,,0,32,,187028,26,,,0,72,,187008,26,,,0,32,,187018,26,,,0,74,,187029,26,,,0,72,,187011,26,,,0,32,,187020,26,,,0,72,,187030,26,,,0,32,,187009,26,,,0,72,,187021,26,,,0,32,,187031,26,,,0,72,,187012,26,,,0,32,,187022,26,,,0,72,,187032,26,,,0,32,,187013,26,,,0,70,,187025,26,,,0,31,,187033,26,,,0,72,,187015,26,,,0,32,,187024,26,,,0,72,,187034,26,,,0,32,,187014,26,,,0,72,,187023,26,,,0
10401,'Saturday',610,,189937,16,,,0,32,,189925,16,,,0,72,,189939,16,,,0,32,,189924,16,,,0,72,,189941,16,,,0,32,,189927,16,,,0,72,,189943,16,,,0,32,,189926,16,,,0,72,,189942,16,,,0,32,,189928,16,,,0,72,,189944,16,,,0,72,,189929,16,,,0,32,,189945,16,,,0,72,,189930,16,,,0,32,,189946,16,,,0,72,,189932,16,,,0,32,,189947,16,,,0,72,,189931,16,,,0,32,,189948,16,,,0,72,,189933,16,,,0,32,,189949,16,,,0,72,,189934,16,,,0,32,,189950,16,,,0,71,,189935,16,,,0,32,,189951,16,,,0,72,,189936,16,,,0,72,,189952,16,,,0,32,,189940,16,,,0,72,,189953,16,,,0,34,,189938,16,,,0
10401,'Sunday',610,,189968,16,,,0,32,,189954,16,,,0,72,,189971,16,,,0,32,,189955,16,,,0,72,,189970,16,,,0,32,,189957,16,,,0,72,,189972,16,,,0,32,,189956,16,,,0,72,,189973,16,,,0,32,,189958,16,,,0,72,,189974,16,,,0,72,,189959,16,,,0,32,,189975,16,,,0,72,,189960,16,,,0,32,,189976,16,,,0,72,,189961,16,,,0,32,,189977,16,,,0,72,,189962,16,,,0,32,,189978,16,,,0,72,,189963,16,,,0,32,,189979,16,,,0,72,,189964,16,,,0,32,,189980,16,,,0,71,,189965,16,,,0,32,,189982,16,,,0,72,,189966,16,,,0,72,,189981,16,,,0,32,,189967,16,,,0,72,,189983,16,,,0,34,,189969,16,,,0
10401,'Weekday',550,,190002,16,,,0,75,,189985,16,,,0,30,,190003,16,,,0,76,,189984,16,,,0,72,,190004,16,,,0,33,,189986,16,,,0,72,,190005,16,,,0,31,,189987,16,,,0,72,,190007,16,,,0,32,,189988,16,,,0,72,,190006,16,,,0,32,,189989,16,,,0,72,,190008,16,,,0,32,,189990,16,,,0,72,,190009,16,,,0,32,,189991,16,,,0,72,,190011,16,,,0,74,,189992,16,,,0,32,,190010,16,,,0,73,,189993,16,,,0,32,,190012,16,,,0,73,,189994,16,,,0,30,,190013,16,,,0,72,,189995,16,,,0,31,,190014,16,,,0,70,,189996,16,,,0,32,,190015,16,,,0,72,,189997,16,,,0,32,,190016,16,,,0,72,,189998,16,,,0,32,,190017,16,,,0,72,,189999,16,,,0,32,,190018,16,,,0,72,,190000,16,,,0,72,,190019,16,,,0,37,,190001,16,,,0
10401,'pB3Sep30-Saturday',610,,190033,16,,,0,32,,190021,16,,,0,72,,190035,16,,,0,32,,190020,16,,,0,72,,190037,16,,,0,32,,190023,16,,,0,72,,190039,16,,,0,32,,190022,16,,,0,72,,190038,16,,,0,32,,190024,16,,,0,72,,190040,16,,,0,72,,190025,16,,,0,32,,190041,16,,,0,72,,190026,16,,,0,32,,190042,16,,,0,72,,190028,16,,,0,32,,190043,16,,,0,72,,190027,16,,,0,32,,190044,16,,,0,72,,190029,16,,,0,32,,190045,16,,,0,72,,190030,16,,,0,32,,190047,16,,,0,71,,190031,16,,,0,32,,190048,16,,,0,72,,190032,16,,,0,72,,190046,16,,,0,32,,190036,16,,,0,72,,190049,16,,,0,34,,190034,16,,,0
