8000,'Saturday',806,,185489,5,,,0,30,,185490,5,,,0,70,,185491,5,,,0,30,,185492,5,,,0,70,,185493,5,,,0,30,,185494,5,,,0,70,,185495,5,,,0,30,,185496,5,,,0,70,,185497,5,,,0,30,,185498,5,,,0,70,,185499,5,,,0,30,,185500,5,,,0,70,,185501,5,,,0,30,,185502,5,,,0,70,,185503,5,,,0,30,,185504,5,,,0,70,,185505,5,,,0,30,,185506,5,,,0,70,,185507,5,,,0,30,,185508,5,,,0,70,,185509,5,,,0,30,,185510,5,,,0,70,,185511,5,,,0
8000,'Sunday',806,,185512,5,,,0,30,,185513,5,,,0,70,,185514,5,,,0,30,,185515,5,,,0,70,,185516,5,,,0,30,,185517,5,,,0,70,,185518,5,,,0,30,,185519,5,,,0,70,,185520,5,,,0,30,,185521,5,,,0,70,,185522,5,,,0,30,,185523,5,,,0,70,,185524,5,,,0,30,,185525,5,,,0,70,,185526,5,,,0,30,,185527,5,,,0,70,,185528,5,,,0,30,,185529,5,,,0,70,,185530,5,,,0,30,,185531,5,,,0,70,,185532,5,,,0,30,,185533,5,,,0,70,,185534,5,,,0
8000,'Weekday',533,,185548,5,,,0,70,,185546,5,,,0,33,,185535,5,,,0,70,,185536,5,,,0,30,,185538,5,,,0,70,,185539,5,,,0,30,,185540,5,,,0,70,,185550,5,,,0,30,,185551,5,,,0,70,,185554,5,,,0,30,,185555,5,,,0,70,,185556,5,,,0,30,,185557,5,,,0,70,,185558,5,,,0,30,,185559,5,,,0,70,,185560,5,,,0,30,,185561,5,,,0,70,,185553,5,,,0,30,,185552,5,,,0,70,,185537,5,,,0,30,,185541,5,,,0,70,,185542,5,,,0,30,,185543,5,,,0,70,,185544,5,,,0,30,,185545,5,,,0,70,,185549,5,,,0,30,,185547,5,,,0,70,,185564,5,,,0,30,,185565,5,,,0,70,,185566,5,,,0,30,,185567,5,,,0,70,,185562,5,,,0,30,,185563,5,,,0
8000,'pB3Sep30-Saturday',806,,185569,5,,,0,30,,185570,5,,,0,70,,185571,5,,,0,30,,185568,5,,,0,70,,185572,5,,,0,30,,185573,5,,,0,70,,185574,5,,,0,30,,185575,5,,,0,70,,185576,5,,,0,30,,185577,5,,,0,70,,185578,5,,,0,30,,185579,5,,,0,70,,185580,5,,,0,30,,185581,5,,,0,70,,185582,5,,,0,30,,185583,5,,,0,70,,185584,5,,,0,30,,185585,5,,,0,70,,185586,5,,,0,30,,185587,5,,,0,70,,185588,5,,,0,30,,185589,5,,,0,70,,185590,5,,,0
15901,'Saturday',543,,196039,5,,,0,75,,196040,5,,,0,20,,196006,5,,,0,18,,196041,5,,,0,58,,196007,5,,,0,18,,196042,5,,,0,18,,196008,5,,,0,58,,196043,5,,,0,18,,196009,5,,,0,18,,196044,5,,,0,58,,196010,5,,,0,18,,196045,5,,,0,18,,196011,5,,,0,18,,196046,5,,,0,58,,196012,5,,,0,18,,196047,5,,,0,18,,196013,5,,,0,58,,196048,5,,,0,18,,196014,5,,,0,18,,196049,5,,,0,58,,196015,5,,,0,18,,196050,5,,,0,18,,196016,5,,,0,18,,196051,5,,,0,58,,196017,5,,,0,18,,196052,5,,,0,18,,196018,5,,,0,58,,196053,5,,,0,18,,196019,5,,,0,18,,196054,5,,,0,58,,196020,5,,,0,18,,196055,5,,,0,18,,196021,5,,,0,18,,196056,5,,,0,58,,196022,5,,,0,18,,196057,5,,,0,18,,196023,5,,,0,58,,196058,5,,,0,18,,196024,5,,,0,18,,196059,5,,,0,58,,196025,5,,,0,18,,196060,5,,,0,18,,196026,5,,,0,18,,196061,5,,,0,58,,196027,5,,,0,18,,196062,5,,,0,18,,196028,5,,,0,58,,196063,5,,,0,18,,196029,5,,,0,18,,196064,5,,,0,58,,196030,5,,,0,18,,196065,5,,,0,18,,196031,5,,,0,18,,196066,5,,,0,58,,196032,5,,,0,18,,196067,5,,,0,18,,196033,5,,,0,58,,196068,5,,,0,18,,196034,5,,,0,18,,196069,5,,,0,58,,196035,5,,,0,35,,196036,5,,,0,75,,196037,5,,,0,35,,196038,5,,,0
15901,'Sunday',543,,196103,5,,,0,75,,196104,5,,,0,20,,196070,5,,,0,18,,196105,5,,,0,58,,196071,5,,,0,18,,196106,5,,,0,18,,196072,5,,,0,58,,196107,5,,,0,18,,196073,5,,,0,18,,196108,5,,,0,58,,196074,5,,,0,18,,196109,5,,,0,18,,196075,5,,,0,18,,196110,5,,,0,58,,196076,5,,,0,18,,196111,5,,,0,18,,196077,5,,,0,58,,196112,5,,,0,18,,196078,5,,,0,18,,196113,5,,,0,58,,196079,5,,,0,18,,196114,5,,,0,18,,196080,5,,,0,18,,196115,5,,,0,58,,196081,5,,,0,18,,196116,5,,,0,18,,196082,5,,,0,58,,196117,5,,,0,18,,196083,5,,,0,18,,196118,5,,,0,58,,196084,5,,,0,18,,196119,5,,,0,18,,196085,5,,,0,18,,196120,5,,,0,58,,196086,5,,,0,18,,196121,5,,,0,18,,196087,5,,,0,58,,196122,5,,,0,18,,196088,5,,,0,18,,196123,5,,,0,58,,196089,5,,,0,18,,196124,5,,,0,18,,196090,5,,,0,18,,196125,5,,,0,58,,196091,5,,,0,18,,196126,5,,,0,18,,196092,5,,,0,58,,196127,5,,,0,18,,196093,5,,,0,18,,196128,5,,,0,58,,196094,5,,,0,18,,196129,5,,,0,18,,196095,5,,,0,18,,196130,5,,,0,58,,196096,5,,,0,18,,196131,5,,,0,18,,196097,5,,,0,58,,196132,5,,,0,18,,196098,5,,,0,18,,196133,5,,,0,58,,196099,5,,,0,35,,196100,5,,,0,75,,196101,5,,,0,35,,196102,5,,,0
15901,'Weekday',511,,196135,5,,,0,18,,196158,5,,,0,9,,196189,5,,,0,12,,196136,5,,,0,52,,196159,5,,,0,12,,196190,5,,,0,12,,196137,5,,,0,12,,196160,5,,,0,12,,196191,5,,,0,52,,196138,5,,,0,12,,196161,5,,,0,12,,196192,5,,,0,12,,196139,5,,,0,12,,196162,5,,,0,52,,196193,5,,,0,12,,196140,5,,,0,7,,196134,5,,,0,5,,196163,5,,,0,12,,196194,5,,,0,12,,196141,5,,,0,57,,196164,5,,,0,18,,196142,5,,,0,18,,196165,5,,,0,58,,196143,5,,,0,18,,196166,5,,,0,18,,196144,5,,,0,18,,196167,5,,,0,58,,196145,5,,,0,18,,196168,5,,,0,18,,196146,5,,,0,58,,196169,5,,,0,18,,196147,5,,,0,18,,196170,5,,,0,58,,196148,5,,,0,18,,196171,5,,,0,18,,196149,5,,,0,18,,196172,5,,,0,58,,196150,5,,,0,18,,196173,5,,,0,15,,196195,5,,,0,12,,196151,5,,,0,52,,196174,5,,,0,12,,196196,5,,,0,12,,196152,5,,,0,12,,196175,5,,,0,12,,196197,5,,,0,52,,196153,5,,,0,12,,196176,5,,,0,12,,196198,5,,,0,12,,196154,5,,,0,12,,196177,5,,,0,52,,196199,5,,,0,12,,196155,5,,,0,12,,196178,5,,,0,12,,196200,5,,,0,12,,196156,5,,,0,53,,196179,5,,,0,13,,196201,5,,,0,12,,196157,5,,,0,13,,196180,5,,,0,58,,196202,5,,,0,18,,196181,5,,,0,18,,196203,5,,,0,58,,196182,5,,,0,18,,196204,5,,,0,18,,196183,5,,,0,18,,196205,5,,,0,58,,196184,5,,,0,18,,196206,5,,,0,18,,196185,5,,,0,58,,196207,5,,,0,18,,196186,5,,,0,18,,196208,5,,,0,58,,196187,5,,,0,18,,196209,5,,,0,18,,196188,5,,,0,18,,196210,5,,,0,75,,196211,5,,,0,75,,196212,5,,,0,35,,196213,5,,,0
15901,'Weekday0000100',1415,,196214,5,,,0
15901,'Weekday1111000',1545,,196215,5,,,0
15901,'pB3Sep30-Saturday',543,,196249,5,,,0,75,,196250,5,,,0,20,,196216,5,,,0,18,,196251,5,,,0,58,,196217,5,,,0,18,,196252,5,,,0,18,,196218,5,,,0,58,,196253,5,,,0,18,,196219,5,,,0,18,,196254,5,,,0,58,,196220,5,,,0,18,,196255,5,,,0,18,,196221,5,,,0,18,,196256,5,,,0,58,,196222,5,,,0,18,,196257,5,,,0,18,,196223,5,,,0,58,,196258,5,,,0,18,,196224,5,,,0,18,,196259,5,,,0,58,,196225,5,,,0,18,,196260,5,,,0,18,,196226,5,,,0,18,,196261,5,,,0,58,,196227,5,,,0,18,,196266,5,,,0,18,,196228,5,,,0,58,,196262,5,,,0,18,,196229,5,,,0,18,,196267,5,,,0,58,,196230,5,,,0,18,,196263,5,,,0,18,,196231,5,,,0,18,,196268,5,,,0,58,,196232,5,,,0,18,,196264,5,,,0,18,,196233,5,,,0,58,,196265,5,,,0,18,,196234,5,,,0,18,,196269,5,,,0,58,,196235,5,,,0,18,,196270,5,,,0,18,,196236,5,,,0,18,,196271,5,,,0,58,,196237,5,,,0,18,,196272,5,,,0,18,,196238,5,,,0,58,,196273,5,,,0,18,,196239,5,,,0,18,,196274,5,,,0,58,,196240,5,,,0,18,,196275,5,,,0,18,,196241,5,,,0,18,,196276,5,,,0,58,,196242,5,,,0,18,,196277,5,,,0,18,,196243,5,,,0,58,,196278,5,,,0,18,,196244,5,,,0,18,,196279,5,,,0,58,,196245,5,,,0,35,,196246,5,,,0,75,,196247,5,,,0,35,,196248,5,,,0
