4000,'Saturday',826,,177734,29,,,0,75,,177735,29,,,0,35,,177733,29,,,0,75,,177736,29,,,0,35,,177737,29,,,0,75,,177738,29,,,0,35,,177739,29,,,0,75,,177740,29,,,0,75,,177743,29,,,0,35,,177744,29,,,0,75,,177741,29,,,0,35,,177742,29,,,0,75,,177745,29,,,0,75,,177746,29,,,0,35,,177747,29,,,0,75,,177748,29,,,0,35,,177749,29,,,0,75,,177750,29,,,0,35,,177751,29,,,0
4000,'Sunday',826,,177752,29,,,0,75,,177753,29,,,0,35,,177755,29,,,0,75,,177756,29,,,0,35,,177757,29,,,0,75,,177754,29,,,0,35,,177758,29,,,0,75,,177759,29,,,0,75,,177760,29,,,0,35,,177761,29,,,0,75,,177762,29,,,0,35,,177764,29,,,0,75,,177765,29,,,0,75,,177766,29,,,0,35,,177763,29,,,0,75,,177767,29,,,0,35,,177768,29,,,0,75,,177769,29,,,0,35,,177770,29,,,0
4000,'Weekday',636,,177787,29,,,0,75,,177781,29,,,0,35,,177794,29,,,0,75,,177788,29,,,0,35,,177782,29,,,0,75,,177795,29,,,0,75,,177789,29,,,0,35,,177783,29,,,0,75,,177796,29,,,0,35,,177790,29,,,0,75,,177784,29,,,0,75,,177797,29,,,0,35,,177791,29,,,0,76,,177785,29,,,0,37,,177798,29,,,0,76,,177792,29,,,0,80,,177786,29,,,0,36,,177799,29,,,0,77,,177793,29,,,0,39,,177771,29,,,0,73,,177778,29,,,0,72,,177775,29,,,0,32,,177772,29,,,0,72,,177779,29,,,0,33,,177776,29,,,0,74,,177773,29,,,0,35,,177780,29,,,0,75,,177777,29,,,0,31,,177774,29,,,0
4000,'pB3Sep30-Saturday',826,,177801,29,,,0,75,,177802,29,,,0,35,,177800,29,,,0,75,,177803,29,,,0,35,,177804,29,,,0,75,,177805,29,,,0,35,,177806,29,,,0,75,,177807,29,,,0,75,,177810,29,,,0,35,,177811,29,,,0,75,,177808,29,,,0,35,,177809,29,,,0,75,,177812,29,,,0,75,,177813,29,,,0,35,,177814,29,,,0,75,,177815,29,,,0,35,,177816,29,,,0,75,,177817,29,,,0,35,,177818,29,,,0
10800,'Saturday',740,,190255,32,,,0,84,,190265,32,,,0,85,,190256,32,,,0,45,,190266,32,,,0,85,,190257,32,,,0,85,,190267,32,,,0,85,,190259,32,,,0,40,,190268,32,,,0,85,,190258,32,,,0,85,,190269,32,,,0,85,,190261,32,,,0,45,,190271,32,,,0,85,,190260,32,,,0,85,,190270,32,,,0,85,,190263,32,,,0,45,,190272,32,,,0,85,,190262,32,,,0,83,,190273,32,,,0,42,,190264,32,,,0,85,,190274,32,,,0,85,,190275,32,,,0,85,,190254,32,,,0
10800,'Sunday',740,,190276,32,,,0,84,,190288,32,,,0,85,,190279,32,,,0,45,,190289,32,,,0,85,,190281,32,,,0,85,,190290,32,,,0,85,,190280,32,,,0,40,,190291,32,,,0,85,,190282,32,,,0,85,,190292,32,,,0,85,,190283,32,,,0,45,,190293,32,,,0,85,,190284,32,,,0,85,,190294,32,,,0,85,,190286,32,,,0,45,,190295,32,,,0,85,,190285,32,,,0,83,,190296,32,,,0,42,,190287,32,,,0,85,,190278,32,,,0,85,,190297,32,,,0,85,,190277,32,,,0
10800,'Weekday',559,,190336,32,,,0,65,,190337,32,,,0,23,,190300,32,,,0,65,,190317,32,,,0,28,,190302,32,,,0,65,,190298,32,,,0,24,,190335,32,,,0,22,,190304,32,,,0,68,,190316,32,,,0,28,,190303,32,,,0,70,,190315,32,,,0,29,,190319,32,,,0,71,,190320,32,,,0,30,,190306,32,,,0,70,,190318,32,,,0,31,,190305,32,,,0,70,,190321,32,,,0,30,,190322,32,,,0,70,,190308,32,,,0,30,,190323,32,,,0,72,,190309,32,,,0,32,,190307,32,,,0,72,,190311,32,,,0,32,,190324,32,,,0,65,,190310,32,,,0,26,,190312,32,,,0,65,,190325,32,,,0,23,,190334,32,,,0,24,,190333,32,,,0,68,,190326,32,,,0,30,,190327,32,,,0,70,,190328,32,,,0,30,,190329,32,,,0,67,,190314,32,,,0,30,,190301,32,,,0,70,,190331,32,,,0,30,,190332,32,,,0,70,,190330,32,,,0,30,,190313,32,,,0,73,,190299,32,,,0
10800,'pB3Sep30-Saturday',740,,190338,32,,,0,84,,190349,32,,,0,85,,190340,32,,,0,45,,190350,32,,,0,85,,190341,32,,,0,85,,190351,32,,,0,85,,190343,32,,,0,40,,190352,32,,,0,85,,190342,32,,,0,85,,190353,32,,,0,85,,190345,32,,,0,45,,190355,32,,,0,85,,190344,32,,,0,85,,190354,32,,,0,85,,190347,32,,,0,45,,190356,32,,,0,85,,190346,32,,,0,83,,190357,32,,,0,42,,190348,32,,,0,85,,190358,32,,,0,85,,190359,32,,,0,85,,190339,32,,,0
10801,'Saturday',718,,190370,12,,,0,85,,190360,12,,,0,45,,190371,12,,,0,85,,190362,12,,,0,85,,190372,12,,,0,85,,190363,12,,,0,45,,190373,12,,,0,86,,190364,12,,,0,85,,190374,12,,,0,85,,190365,12,,,0,45,,190375,12,,,0,85,,190366,12,,,0,85,,190376,12,,,0,85,,190367,12,,,0,45,,190377,12,,,0,84,,190368,12,,,0,85,,190378,12,,,0,85,,190369,12,,,0,45,,190379,12,,,0,85,,190380,12,,,0,85,,190361,12,,,0
10801,'Sunday',718,,190391,12,,,0,85,,190382,12,,,0,45,,190392,12,,,0,85,,190383,12,,,0,85,,190393,12,,,0,85,,190384,12,,,0,45,,190396,12,,,0,86,,190385,12,,,0,85,,190394,12,,,0,85,,190387,12,,,0,45,,190395,12,,,0,85,,190386,12,,,0,85,,190397,12,,,0,85,,190388,12,,,0,45,,190398,12,,,0,84,,190389,12,,,0,85,,190399,12,,,0,85,,190390,12,,,0,45,,190400,12,,,0,85,,190401,12,,,0,85,,190381,12,,,0
10801,'Weekday',626,,190437,12,,,0,27,,190438,12,,,0,65,,190435,12,,,0,25,,190406,12,,,0,65,,190403,12,,,0,30,,190436,12,,,0,76,,190405,12,,,0,32,,190424,12,,,0,70,,190407,12,,,0,30,,190408,12,,,0,70,,190410,12,,,0,30,,190425,12,,,0,70,,190409,12,,,0,30,,190426,12,,,0,70,,190412,12,,,0,30,,190411,12,,,0,70,,190427,12,,,0,30,,190430,12,,,0,72,,190428,12,,,0,30,,190414,12,,,0,65,,190429,12,,,0,25,,190413,12,,,0,65,,190431,12,,,0,25,,190415,12,,,0,23,,190434,12,,,0,71,,190432,12,,,0,32,,190417,12,,,0,70,,190418,12,,,0,30,,190416,12,,,0,70,,190419,12,,,0,30,,190433,12,,,0,70,,190420,12,,,0,29,,190404,12,,,0,70,,190423,12,,,0,30,,190422,12,,,0,70,,190421,12,,,0,33,,190402,12,,,0
10801,'pB3Sep30-Saturday',718,,190449,12,,,0,85,,190439,12,,,0,45,,190450,12,,,0,85,,190441,12,,,0,85,,190451,12,,,0,85,,190442,12,,,0,45,,190452,12,,,0,86,,190443,12,,,0,85,,190453,12,,,0,85,,190444,12,,,0,45,,190454,12,,,0,85,,190445,12,,,0,85,,190455,12,,,0,85,,190446,12,,,0,45,,190456,12,,,0,84,,190447,12,,,0,85,,190457,12,,,0,85,,190448,12,,,0,45,,190458,12,,,0,85,,190459,12,,,0,85,,190440,12,,,0
