2400,'Saturday',618,,175169,47,4,,0,30,,175180,47,4,,0,70,,175193,47,4,,0,30,,175170,47,4,,0,70,,175181,47,4,,0,30,,175194,47,4,,0,70,,175171,47,4,,0,30,,175182,47,4,,0,70,,175191,47,4,,0,30,,175172,47,4,,0,70,,175183,47,4,,0,30,,175195,47,4,,0,70,,175173,47,4,,0,30,,175185,47,4,,0,70,,175197,47,4,,0,30,,175174,47,4,,0,70,,175186,47,4,,0,30,,175192,47,4,,0,70,,175175,47,4,,0,30,,175184,47,4,,0,70,,175196,47,4,,0,30,,175176,47,4,,0,70,,175187,47,4,,0,30,,175198,47,4,,0,70,,175177,47,4,,0,30,,175188,47,4,,0,70,,175200,47,4,,0,30,,175178,47,4,,0,70,,175189,47,4,,0,30,,175199,47,4,,0,70,,175179,47,4,,0,30,,175190,47,4,,0,70,,175201,47,4,,0
2400,'Sunday',618,,175205,47,4,,0,30,,175215,47,4,,0,70,,175226,47,4,,0,30,,175204,47,4,,0,70,,175216,47,4,,0,30,,175227,47,4,,0,70,,175206,47,4,,0,30,,175218,47,4,,0,70,,175228,47,4,,0,30,,175207,47,4,,0,70,,175217,47,4,,0,30,,175229,47,4,,0,70,,175209,47,4,,0,30,,175221,47,4,,0,70,,175230,47,4,,0,30,,175208,47,4,,0,70,,175220,47,4,,0,30,,175232,47,4,,0,70,,175210,47,4,,0,30,,175222,47,4,,0,70,,175231,47,4,,0,30,,175211,47,4,,0,70,,175219,47,4,,0,30,,175233,47,4,,0,70,,175212,47,4,,0,30,,175223,47,4,,0,70,,175235,47,4,,0,30,,175213,47,4,,0,70,,175224,47,4,,0,30,,175234,47,4,,0,70,,175214,47,4,,0,30,,175225,47,4,,0,70,,175236,47,4,,0
2400,'Weekday',523,,175261,47,4,,0,80,,175270,47,4,,0,30,,175239,47,4,,0,72,,175262,47,4,,0,32,,175271,47,4,,0,69,,175241,47,4,,0,30,,175263,47,4,,0,70,,175273,47,4,,0,28,,175240,47,4,,0,69,,175264,47,4,,0,30,,175272,47,4,,0,70,,175243,47,4,,0,30,,175265,47,4,,0,70,,175274,47,4,,0,30,,175242,47,4,,0,70,,175266,47,4,,0,30,,175275,47,4,,0,70,,175244,47,4,,0,30,,175267,47,4,,0,71,,175276,47,4,,0,31,,175245,47,4,,0,70,,175268,47,4,,0,32,,175277,47,4,,0,70,,175246,47,4,,0,30,,175269,47,4,,0,70,,175278,47,4,,0,28,,175247,47,4,,0,69,,175257,47,4,,0,29,,175252,47,4,,0,70,,175248,47,4,,0,30,,175255,47,4,,0,70,,175251,47,4,,0,29,,175249,47,4,,0,70,,175258,47,4,,0,30,,175253,47,4,,0,70,,175250,47,4,,0,30,,175259,47,4,,0,73,,175254,47,4,,0,15,,175279,47,4,,0
2400,'pB3Sep30-Saturday',618,,175280,47,4,,0,30,,175291,47,4,,0,70,,175304,47,4,,0,30,,175281,47,4,,0,70,,175293,47,4,,0,30,,175305,47,4,,0,70,,175282,47,4,,0,30,,175294,47,4,,0,70,,175302,47,4,,0,30,,175283,47,4,,0,70,,175292,47,4,,0,30,,175306,47,4,,0,70,,175284,47,4,,0,30,,175296,47,4,,0,70,,175308,47,4,,0,30,,175285,47,4,,0,70,,175297,47,4,,0,30,,175303,47,4,,0,70,,175286,47,4,,0,30,,175295,47,4,,0,70,,175307,47,4,,0,30,,175287,47,4,,0,70,,175298,47,4,,0,30,,175309,47,4,,0,70,,175288,47,4,,0,30,,175299,47,4,,0,70,,175311,47,4,,0,30,,175289,47,4,,0,70,,175300,47,4,,0,30,,175310,47,4,,0,70,,175290,47,4,,0,30,,175301,47,4,,0,70,,175312,47,4,,0
2401,'Saturday',622,,175316,1,,,0,30,,175327,1,,,0,70,,175336,1,,,0,30,,175318,1,,,0,70,,175326,1,,,0,30,,175338,1,,,0,70,,175317,1,,,0,30,,175328,1,,,0,70,,175339,1,,,0,30,,175315,1,,,0,70,,175330,1,,,0,30,,175341,1,,,0,70,,175319,1,,,0,30,,175331,1,,,0,70,,175342,1,,,0,30,,175320,1,,,0,70,,175329,1,,,0,30,,175340,1,,,0,70,,175321,1,,,0,30,,175332,1,,,0,70,,175344,1,,,0,30,,175322,1,,,0,70,,175334,1,,,0,30,,175343,1,,,0,70,,175323,1,,,0,30,,175333,1,,,0,70,,175345,1,,,0,30,,175324,1,,,0,70,,175335,1,,,0,30,,175346,1,,,0,70,,175325,1,,,0,30,,175337,1,,,0
2401,'Sunday',622,,175347,1,,,0,30,,175357,1,,,0,70,,175368,1,,,0,30,,175348,1,,,0,70,,175359,1,,,0,30,,175370,1,,,0,70,,175349,1,,,0,30,,175361,1,,,0,70,,175371,1,,,0,30,,175350,1,,,0,70,,175360,1,,,0,30,,175372,1,,,0,70,,175351,1,,,0,30,,175362,1,,,0,70,,175373,1,,,0,30,,175352,1,,,0,70,,175363,1,,,0,30,,175374,1,,,0,70,,175355,1,,,0,30,,175364,1,,,0,70,,175375,1,,,0,30,,175353,1,,,0,70,,175365,1,,,0,30,,175377,1,,,0,70,,175356,1,,,0,30,,175367,1,,,0,70,,175376,1,,,0,30,,175354,1,,,0,70,,175366,1,,,0,30,,175378,1,,,0,70,,175358,1,,,0,30,,175369,1,,,0
2401,'Weekday',535,,175400,1,,,0,80,,175409,1,,,0,30,,175379,1,,,0,70,,175401,1,,,0,30,,175411,1,,,0,70,,175380,1,,,0,30,,175402,1,,,0,70,,175412,1,,,0,30,,175381,1,,,0,70,,175404,1,,,0,30,,175413,1,,,0,70,,175382,1,,,0,30,,175403,1,,,0,70,,175410,1,,,0,30,,175383,1,,,0,70,,175406,1,,,0,30,,175414,1,,,0,70,,175385,1,,,0,30,,175405,1,,,0,70,,175415,1,,,0,30,,175384,1,,,0,70,,175407,1,,,0,30,,175416,1,,,0,70,,175386,1,,,0,30,,175408,1,,,0,70,,175391,1,,,0,30,,175387,1,,,0,70,,175395,1,,,0,30,,175392,1,,,0,70,,175388,1,,,0,30,,175397,1,,,0,70,,175393,1,,,0,30,,175389,1,,,0,70,,175398,1,,,0,30,,175394,1,,,0,70,,175390,1,,,0,30,,175399,1,,,0,75,,175396,1,,,0
2401,'pB3Sep30-Saturday',622,,175418,1,,,0,30,,175429,1,,,0,70,,175438,1,,,0,30,,175420,1,,,0,70,,175428,1,,,0,30,,175440,1,,,0,70,,175419,1,,,0,30,,175430,1,,,0,70,,175441,1,,,0,30,,175417,1,,,0,70,,175432,1,,,0,30,,175443,1,,,0,70,,175421,1,,,0,30,,175433,1,,,0,70,,175444,1,,,0,30,,175422,1,,,0,70,,175431,1,,,0,30,,175442,1,,,0,70,,175423,1,,,0,30,,175434,1,,,0,70,,175446,1,,,0,30,,175424,1,,,0,70,,175436,1,,,0,30,,175445,1,,,0,70,,175425,1,,,0,30,,175435,1,,,0,70,,175447,1,,,0,30,,175426,1,,,0,70,,175437,1,,,0,30,,175448,1,,,0,70,,175427,1,,,0,30,,175439,1,,,0
9000,'Saturday',654,,186805,29,,,0,72,,186785,29,,,0,32,,186794,29,,,0,72,,186807,29,,,0,72,,186786,29,,,0,32,,186795,29,,,0,72,,186806,29,,,0,32,,186787,29,,,0,72,,186797,29,,,0,32,,186808,29,,,0,74,,186789,29,,,0,33,,186798,29,,,0,72,,186809,29,,,0,32,,186790,29,,,0,72,,186796,29,,,0,32,,186812,29,,,0,72,,186788,29,,,0,72,,186799,29,,,0,32,,186810,29,,,0,71,,186791,29,,,0,33,,186800,29,,,0,71,,186813,29,,,0,30,,186792,29,,,0,72,,186802,29,,,0,32,,186811,29,,,0,72,,186793,29,,,0,32,,186801,29,,,0
9000,'Sunday',654,,186835,29,,,0,72,,186815,29,,,0,32,,186823,29,,,0,72,,186834,29,,,0,72,,186816,29,,,0,32,,186825,29,,,0,72,,186836,29,,,0,32,,186814,29,,,0,72,,186824,29,,,0,32,,186838,29,,,0,73,,186818,29,,,0,34,,186827,29,,,0,72,,186839,29,,,0,32,,186817,29,,,0,72,,186826,29,,,0,32,,186837,29,,,0,72,,186820,29,,,0,72,,186828,29,,,0,32,,186840,29,,,0,71,,186819,29,,,0,33,,186829,29,,,0,71,,186841,29,,,0,30,,186821,29,,,0,72,,186830,29,,,0,32,,186842,29,,,0,72,,186822,29,,,0,32,,186831,29,,,0
9000,'Weekday',638,,186863,29,,,0,70,,186873,29,,,0,29,,186844,29,,,0,70,,186854,29,,,0,30,,186864,29,,,0,70,,186874,29,,,0,29,,186845,29,,,0,70,,186855,29,,,0,30,,186865,29,,,0,70,,186875,29,,,0,30,,186846,29,,,0,70,,186856,29,,,0,30,,186866,29,,,0,70,,186876,29,,,0,30,,186849,29,,,0,70,,186857,29,,,0,30,,186867,29,,,0,70,,186877,29,,,0,31,,186847,29,,,0,70,,186858,29,,,0,30,,186868,29,,,0,70,,186878,29,,,0,30,,186848,29,,,0,66,,186859,29,,,0,30,,186869,29,,,0,70,,186879,29,,,0,20,,186850,29,,,0,30,,186860,29,,,0,70,,186870,29,,,0,28,,186880,29,,,0,56,,186851,29,,,0,30,,186861,29,,,0,70,,186871,29,,,0,30,,186881,29,,,0,10,,186852,29,,,0,70,,186862,29,,,0,25,,186872,29,,,0
9000,'pB3Sep30-Saturday',654,,186902,29,,,0,72,,186882,29,,,0,32,,186891,29,,,0,72,,186904,29,,,0,72,,186883,29,,,0,32,,186892,29,,,0,72,,186903,29,,,0,32,,186884,29,,,0,72,,186894,29,,,0,32,,186905,29,,,0,74,,186886,29,,,0,33,,186895,29,,,0,72,,186906,29,,,0,32,,186887,29,,,0,72,,186893,29,,,0,32,,186909,29,,,0,72,,186885,29,,,0,72,,186896,29,,,0,32,,186907,29,,,0,71,,186888,29,,,0,33,,186897,29,,,0,71,,186910,29,,,0,30,,186889,29,,,0,72,,186899,29,,,0,32,,186908,29,,,0,72,,186890,29,,,0,32,,186898,29,,,0
