30101,'Saturday',636,,197387,13,,,0,16,,197401,13,,,0,56,,197414,13,,,0,16,,197428,13,,,0,16,,197437,13,,,0,16,,197386,13,,,0,56,,197400,13,,,0,16,,197415,13,,,0,16,,197427,13,,,0,56,,197440,13,,,0,16,,197388,13,,,0,16,,197402,13,,,0,16,,197416,13,,,0,56,,197429,13,,,0,17,,197442,13,,,0,17,,197389,13,,,0,16,,197403,13,,,0,56,,197417,13,,,0,16,,197431,13,,,0,16,,197443,13,,,0,60,,197391,13,,,0,16,,197404,13,,,0,16,,197418,13,,,0,16,,197432,13,,,0,56,,197444,13,,,0,16,,197390,13,,,0,16,,197405,13,,,0,16,,197419,13,,,0,56,,197433,13,,,0,16,,197445,13,,,0,16,,197392,13,,,0,16,,197406,13,,,0,56,,197420,13,,,0,16,,197430,13,,,0,16,,197446,13,,,0,56,,197393,13,,,0,16,,197407,13,,,0,16,,197421,13,,,0,16,,197434,13,,,0,56,,197447,13,,,0,16,,197394,13,,,0,16,,197408,13,,,0,16,,197422,13,,,0,56,,197436,13,,,0,16,,197448,13,,,0,15,,197395,13,,,0,15,,197409,13,,,0,54,,197423,13,,,0,16,,197435,13,,,0,16,,197449,13,,,0,16,,197396,13,,,0,55,,197410,13,,,0,16,,197424,13,,,0,16,,197438,13,,,0,56,,197450,13,,,0,16,,197397,13,,,0,15,,197411,13,,,0,16,,197425,13,,,0,56,,197439,13,,,0,16,,197451,13,,,0,16,,197398,13,,,0,15,,197412,13,,,0,56,,197426,13,,,0,16,,197441,13,,,0,16,,197452,13,,,0,16,,197399,13,,,0,56,,197413,13,,,0,32,,197454,13,,,0,72,,197453,13,,,0
30101,'Sunday',636,,197455,13,,,0,16,,197467,13,,,0,56,,197482,13,,,0,16,,197493,13,,,0,16,,197506,13,,,0,16,,197456,13,,,0,56,,197469,13,,,0,16,,197481,13,,,0,16,,197494,13,,,0,56,,197509,13,,,0,16,,197457,13,,,0,16,,197470,13,,,0,16,,197484,13,,,0,56,,197495,13,,,0,17,,197507,13,,,0,17,,197458,13,,,0,16,,197471,13,,,0,56,,197483,13,,,0,16,,197496,13,,,0,16,,197508,13,,,0,60,,197459,13,,,0,16,,197472,13,,,0,16,,197486,13,,,0,16,,197497,13,,,0,56,,197512,13,,,0,16,,197460,13,,,0,16,,197473,13,,,0,16,,197485,13,,,0,56,,197498,13,,,0,16,,197511,13,,,0,16,,197461,13,,,0,16,,197474,13,,,0,56,,197487,13,,,0,16,,197499,13,,,0,16,,197513,13,,,0,56,,197462,13,,,0,16,,197475,13,,,0,16,,197488,13,,,0,16,,197500,13,,,0,56,,197510,13,,,0,16,,197463,13,,,0,16,,197476,13,,,0,16,,197489,13,,,0,56,,197501,13,,,0,16,,197514,13,,,0,15,,197464,13,,,0,15,,197477,13,,,0,54,,197490,13,,,0,16,,197502,13,,,0,16,,197515,13,,,0,16,,197466,13,,,0,55,,197478,13,,,0,16,,197491,13,,,0,16,,197503,13,,,0,56,,197518,13,,,0,16,,197465,13,,,0,15,,197480,13,,,0,16,,197492,13,,,0,56,,197505,13,,,0,16,,197516,13,,,0,16,,197468,13,,,0,15,,197479,13,,,0,56,,197504,13,,,0,16,,197517,13,,,0,16,,197519,13,,,0,16,,197520,13,,,0,56,,197521,13,,,0,32,,197522,13,,,0,72,,197523,13,,,0
30101,'Weekday',529,,197524,13,,,0,18,,197530,13,,,0,60,,197549,13,,,0,22,,197551,13,,,0,11,,197553,13,,,0,11,,197539,13,,,0,2,,197633,13,,,0,2,,197631,13,,,0,46,,197562,13,,,0,5,,197607,13,,,0,5,,197526,13,,,0,5,,197605,13,,,0,6,,197529,13,,,0,9,,197567,13,,,0,6,,197588,13,,,0,5,,197548,13,,,0,4,,197587,13,,,0,5,,197572,13,,,0,5,,197593,13,,,0,46,,197552,13,,,0,5,,197597,13,,,0,5,,197554,13,,,0,5,,197594,13,,,0,2,,197632,13,,,0,3,,197540,13,,,0,5,,197591,13,,,0,5,,197563,13,,,0,5,,197589,13,,,0,5,,197525,13,,,0,5,,197590,13,,,0,5,,197531,13,,,0,5,,197592,13,,,0,45,,197568,13,,,0,5,,197606,13,,,0,5,,197550,13,,,0,7,,197604,13,,,0,3,,197573,13,,,0,14,,197613,13,,,0,15,,197612,13,,,0,54,,197625,13,,,0,14,,197617,13,,,0,14,,197615,13,,,0,14,,197620,13,,,0,54,,197626,13,,,0,14,,197614,13,,,0,14,,197624,13,,,0,14,,197618,13,,,0,14,,197630,13,,,0,54,,197621,13,,,0,14,,197627,13,,,0,14,,197616,13,,,0,14,,197623,13,,,0,54,,197619,13,,,0,14,,197629,13,,,0,14,,197622,13,,,0,14,,197628,13,,,0,55,,197611,13,,,0,15,,197609,13,,,0,15,,197610,13,,,0,21,,197569,13,,,0,46,,197574,13,,,0,12,,197555,13,,,0,11,,197579,13,,,0,11,,197541,13,,,0,10,,197564,13,,,0,11,,197527,13,,,0,45,,197595,13,,,0,6,,197533,13,,,0,6,,197596,13,,,0,5,,197583,13,,,0,5,,197598,13,,,0,5,,197570,13,,,0,5,,197600,13,,,0,5,,197575,13,,,0,6,,197585,13,,,0,4,,197599,13,,,0,5,,197601,13,,,0,5,,197557,13,,,0,45,,197608,13,,,0,5,,197582,13,,,0,10,,197542,13,,,0,10,,197565,13,,,0,5,,197634,13,,,0,5,,197528,13,,,0,10,,197532,13,,,0,10,,197584,13,,,0,50,,197571,13,,,0,10,,197576,13,,,0,10,,197586,13,,,0,8,,197556,13,,,0,8,,197543,13,,,0,12,,197566,13,,,0,60,,197534,13,,,0,20,,197578,13,,,0,20,,197558,13,,,0,60,,197544,13,,,0,20,,197535,13,,,0,20,,197577,13,,,0,60,,197560,13,,,0,20,,197546,13,,,0,20,,197536,13,,,0,58,,197580,13,,,0,19,,197559,13,,,0,20,,197545,13,,,0,60,,197537,13,,,0,20,,197581,13,,,0,20,,197561,13,,,0,60,,197547,13,,,0,20,,197538,13,,,0,21,,197603,13,,,0,60,,197602,13,,,0
30101,'pB3Sep30-Saturday',531,,197704,13,,,0,17,,197705,13,,,0,56,,197706,13,,,0,16,,197707,13,,,0,16,,197636,13,,,0,8,,197708,13,,,0,8,,197650,13,,,0,48,,197709,13,,,0,8,,197663,13,,,0,8,,197710,13,,,0,8,,197677,13,,,0,8,,197711,13,,,0,8,,197686,13,,,0,8,,197712,13,,,0,8,,197635,13,,,0,48,,197713,13,,,0,8,,197649,13,,,0,8,,197714,13,,,0,8,,197664,13,,,0,8,,197715,13,,,0,8,,197676,13,,,0,8,,197716,13,,,0,48,,197689,13,,,0,8,,197717,13,,,0,8,,197637,13,,,0,16,,197651,13,,,0,16,,197665,13,,,0,56,,197678,13,,,0,17,,197691,13,,,0,17,,197638,13,,,0,16,,197652,13,,,0,56,,197666,13,,,0,16,,197680,13,,,0,16,,197692,13,,,0,60,,197640,13,,,0,16,,197653,13,,,0,16,,197667,13,,,0,16,,197681,13,,,0,56,,197693,13,,,0,16,,197639,13,,,0,16,,197654,13,,,0,16,,197668,13,,,0,56,,197682,13,,,0,16,,197694,13,,,0,16,,197641,13,,,0,16,,197655,13,,,0,56,,197669,13,,,0,16,,197679,13,,,0,16,,197695,13,,,0,8,,197718,13,,,0,48,,197642,13,,,0,8,,197719,13,,,0,8,,197656,13,,,0,8,,197720,13,,,0,8,,197670,13,,,0,8,,197721,13,,,0,8,,197683,13,,,0,8,,197722,13,,,0,48,,197696,13,,,0,8,,197723,13,,,0,8,,197643,13,,,0,8,,197724,13,,,0,8,,197657,13,,,0,8,,197725,13,,,0,8,,197671,13,,,0,48,,197726,13,,,0,8,,197685,13,,,0,8,,197727,13,,,0,8,,197697,13,,,0,15,,197644,13,,,0,15,,197658,13,,,0,54,,197672,13,,,0,16,,197684,13,,,0,16,,197698,13,,,0,16,,197645,13,,,0,55,,197659,13,,,0,16,,197674,13,,,0,16,,197687,13,,,0,56,,197699,13,,,0,16,,197646,13,,,0,15,,197660,13,,,0,16,,197673,13,,,0,56,,197688,13,,,0,16,,197700,13,,,0,16,,197647,13,,,0,15,,197661,13,,,0,56,,197675,13,,,0,16,,197690,13,,,0,16,,197701,13,,,0,16,,197648,13,,,0,56,,197662,13,,,0,32,,197703,13,,,0,72,,197702,13,,,0
30401,'Saturday',622,,198976,3,,,0,18,,198975,3,,,0,18,,198974,3,,,0,58,,198973,3,,,0,18,,198972,3,,,0,18,,198971,3,,,0,58,,198970,3,,,0,18,,198969,3,,,0,18,,198968,3,,,0,58,,198967,3,,,0,18,,198966,3,,,0,18,,198965,3,,,0,18,,198964,3,,,0,58,,198963,3,,,0,18,,198962,3,,,0,18,,198961,3,,,0,58,,198960,3,,,0,19,,198959,3,,,0,20,,198958,3,,,0,60,,198957,3,,,0,20,,198956,3,,,0,20,,198955,3,,,0,60,,198954,3,,,0,20,,198953,3,,,0,20,,198952,3,,,0,60,,198951,3,,,0,20,,198950,3,,,0,20,,198949,3,,,0,60,,198948,3,,,0,20,,198947,3,,,0,20,,198946,3,,,0,60,,198945,3,,,0,20,,198944,3,,,0,20,,198943,3,,,0,60,,198942,3,,,0,20,,198941,3,,,0,20,,198940,3,,,0,60,,198939,3,,,0,19,,198938,3,,,0,18,,198937,3,,,0,58,,198936,3,,,0,18,,198935,3,,,0,18,,198934,3,,,0,18,,198933,3,,,0,58,,198932,3,,,0,18,,198931,3,,,0,18,,198930,3,,,0,58,,198929,3,,,0,18,,198928,3,,,0,18,,198927,3,,,0,58,,198926,3,,,0,18,,198925,3,,,0,18,,198924,3,,,0,62,,198923,3,,,0
30401,'Sunday',622,,199030,3,,,0,18,,199029,3,,,0,18,,199028,3,,,0,58,,199027,3,,,0,18,,199026,3,,,0,18,,199025,3,,,0,58,,199024,3,,,0,18,,199023,3,,,0,18,,199022,3,,,0,58,,199021,3,,,0,18,,199020,3,,,0,18,,199019,3,,,0,18,,199018,3,,,0,58,,199017,3,,,0,18,,199016,3,,,0,18,,199006,3,,,0,58,,199007,3,,,0,19,,199011,3,,,0,20,,199005,3,,,0,60,,199004,3,,,0,20,,199003,3,,,0,20,,199002,3,,,0,60,,199009,3,,,0,20,,199001,3,,,0,20,,199000,3,,,0,60,,198999,3,,,0,20,,198998,3,,,0,20,,199012,3,,,0,60,,198997,3,,,0,20,,198996,3,,,0,20,,198995,3,,,0,60,,198994,3,,,0,20,,199013,3,,,0,20,,198993,3,,,0,60,,198992,3,,,0,20,,198991,3,,,0,20,,198990,3,,,0,60,,199014,3,,,0,19,,198989,3,,,0,18,,198988,3,,,0,58,,198987,3,,,0,18,,198986,3,,,0,18,,199010,3,,,0,18,,198985,3,,,0,58,,198984,3,,,0,18,,198983,3,,,0,18,,198982,3,,,0,58,,199015,3,,,0,18,,198981,3,,,0,18,,198979,3,,,0,58,,198978,3,,,0,18,,198977,3,,,0,18,,199008,3,,,0,62,,198980,3,,,0
30401,'Weekday',545,,199045,3,,,0,61,,199056,3,,,0,10,,199064,3,,,0,10,,199031,3,,,0,10,,199072,3,,,0,10,,199033,3,,,0,10,,199041,3,,,0,50,,199043,3,,,0,10,,199046,3,,,0,10,,199054,3,,,0,10,,199057,3,,,0,10,,199065,3,,,0,10,,199032,3,,,0,50,,199073,3,,,0,10,,199034,3,,,0,10,,199042,3,,,0,10,,199044,3,,,0,10,,199047,3,,,0,10,,199055,3,,,0,50,,199058,3,,,0,18,,199066,3,,,0,18,,199074,3,,,0,58,,199035,3,,,0,18,,199048,3,,,0,18,,199059,3,,,0,18,,199067,3,,,0,58,,199075,3,,,0,18,,199036,3,,,0,18,,199049,3,,,0,58,,199060,3,,,0,18,,199068,3,,,0,18,,199076,3,,,0,58,,199037,3,,,0,18,,199050,3,,,0,18,,199061,3,,,0,18,,199069,3,,,0,58,,199077,3,,,0,18,,199038,3,,,0,21,,199051,3,,,0,55,,199062,3,,,0,10,,199086,3,,,0,10,,199070,3,,,0,10,,199088,3,,,0,10,,199078,3,,,0,10,,199080,3,,,0,50,,199040,3,,,0,10,,199082,3,,,0,10,,199053,3,,,0,10,,199084,3,,,0,10,,199063,3,,,0,10,,199087,3,,,0,50,,199071,3,,,0,10,,199089,3,,,0,10,,199079,3,,,0,10,,199081,3,,,0,10,,199039,3,,,0,10,,199083,3,,,0,50,,199052,3,,,0,18,,199085,3,,,0,21,,199091,3,,,0,62,,199092,3,,,0,22,,199093,3,,,0,22,,199094,3,,,0,62,,199095,3,,,0,22,,199096,3,,,0,22,,199097,3,,,0,62,,199098,3,,,0,22,,199099,3,,,0,62,,199100,3,,,0,22,,199101,3,,,0,22,,199102,3,,,0,62,,199103,3,,,0,22,,199104,3,,,0,22,,199090,3,,,0
30401,'pB3Sep30-Saturday',622,,199158,3,,,0,18,,199157,3,,,0,18,,199156,3,,,0,58,,199155,3,,,0,18,,199154,3,,,0,18,,199153,3,,,0,58,,199152,3,,,0,18,,199151,3,,,0,18,,199150,3,,,0,58,,199149,3,,,0,18,,199148,3,,,0,18,,199147,3,,,0,18,,199146,3,,,0,58,,199145,3,,,0,18,,199144,3,,,0,18,,199143,3,,,0,58,,199142,3,,,0,19,,199141,3,,,0,20,,199140,3,,,0,60,,199139,3,,,0,20,,199138,3,,,0,20,,199137,3,,,0,60,,199136,3,,,0,20,,199135,3,,,0,20,,199134,3,,,0,60,,199133,3,,,0,20,,199132,3,,,0,20,,199131,3,,,0,60,,199130,3,,,0,20,,199129,3,,,0,20,,199128,3,,,0,60,,199127,3,,,0,20,,199126,3,,,0,20,,199125,3,,,0,60,,199124,3,,,0,20,,199123,3,,,0,20,,199122,3,,,0,60,,199121,3,,,0,19,,199120,3,,,0,18,,199119,3,,,0,58,,199118,3,,,0,18,,199117,3,,,0,18,,199116,3,,,0,18,,199115,3,,,0,58,,199114,3,,,0,18,,199113,3,,,0,18,,199112,3,,,0,58,,199111,3,,,0,18,,199110,3,,,0,18,,199109,3,,,0,58,,199108,3,,,0,18,,199107,3,,,0,18,,199105,3,,,0,62,,199106,3,,,0
50301,'Saturday',546,,200799,15,,,0,77,,200800,15,,,0,77,,200798,15,,,0,37,,200801,15,,,0,77,,200812,15,,,0,37,,200805,15,,,0,77,,200809,15,,,0,77,,200813,15,,,0,40,,200806,15,,,0,77,,200810,15,,,0,37,,200804,15,,,0,77,,200802,15,,,0,77,,200811,15,,,0,37,,200807,15,,,0,77,,200808,15,,,0,77,,200814,15,,,0,37,,200803,15,,,0,77,,200815,15,,,0,37,,200816,15,,,0,77,,200817,15,,,0,77,,200818,15,,,0,37,,200820,15,,,0,76,,200819,15,,,0,35,,200821,15,,,0,77,,200822,15,,,0,77,,200824,15,,,0,36,,200823,15,,,0,77,,200825,15,,,0
50301,'Sunday',546,,200837,15,,,0,77,,200844,15,,,0,77,,200830,15,,,0,37,,200836,15,,,0,77,,200841,15,,,0,37,,200831,15,,,0,77,,200838,15,,,0,77,,200842,15,,,0,40,,200832,15,,,0,77,,200839,15,,,0,37,,200829,15,,,0,77,,200827,15,,,0,77,,200840,15,,,0,37,,200833,15,,,0,77,,200834,15,,,0,77,,200845,15,,,0,37,,200828,15,,,0,77,,200835,15,,,0,37,,200843,15,,,0,77,,200826,15,,,0,77,,200846,15,,,0,37,,200848,15,,,0,76,,200847,15,,,0,35,,200849,15,,,0,77,,200850,15,,,0,77,,200851,15,,,0,36,,200852,15,,,0,77,,200853,15,,,0
50301,'Weekday',551,,200854,15,,,0,70,,200855,15,,,0,31,,200856,15,,,0,56,,200857,15,,,0,16,,200864,15,,,0,16,,200858,15,,,0,16,,200866,15,,,0,56,,200860,15,,,0,16,,200863,15,,,0,16,,200861,15,,,0,56,,200862,15,,,0,16,,200865,15,,,0,15,,200859,15,,,0,15,,200874,15,,,0,57,,200870,15,,,0,28,,200868,15,,,0,28,,200872,15,,,0,68,,200867,15,,,0,28,,200869,15,,,0,68,,200871,15,,,0,28,,200873,15,,,0,68,,200875,15,,,0,28,,200879,15,,,0,68,,200877,15,,,0,28,,200881,15,,,0,68,,200876,15,,,0,29,,200880,15,,,0,66,,200878,15,,,0,16,,200882,15,,,0,16,,200888,15,,,0,16,,200889,15,,,0,56,,200884,15,,,0,16,,200890,15,,,0,16,,200885,15,,,0,16,,200886,15,,,0,56,,200892,15,,,0,15,,200887,15,,,0,15,,200891,15,,,0,56,,200883,15,,,0,28,,200894,15,,,0,28,,200896,15,,,0,68,,200897,15,,,0,28,,200893,15,,,0,67,,200895,15,,,0,27,,200898,15,,,0,68,,200900,15,,,0,28,,200899,15,,,0
50301,'pB3Sep30-Saturday',546,,200902,15,,,0,77,,200903,15,,,0,77,,200901,15,,,0,37,,200904,15,,,0,77,,200915,15,,,0,37,,200908,15,,,0,77,,200912,15,,,0,77,,200916,15,,,0,40,,200909,15,,,0,77,,200913,15,,,0,37,,200907,15,,,0,77,,200905,15,,,0,77,,200914,15,,,0,37,,200910,15,,,0,77,,200911,15,,,0,77,,200917,15,,,0,37,,200906,15,,,0,77,,200918,15,,,0,37,,200919,15,,,0,77,,200920,15,,,0,77,,200921,15,,,0,37,,200923,15,,,0,76,,200922,15,,,0,35,,200924,15,,,0,77,,200925,15,,,0,77,,200927,15,,,0,36,,200926,15,,,0,77,,200928,15,,,0
