9200,'Saturday',728,,187455,13,,,0,85,,187439,13,,,0,45,,187444,13,,,0,85,,187449,13,,,0,85,,187454,13,,,0,85,,187440,13,,,0,45,,187445,13,,,0,85,,187450,13,,,0,85,,187456,13,,,0,85,,187442,13,,,0,45,,187446,13,,,0,85,,187451,13,,,0,85,,187457,13,,,0,85,,187441,13,,,0,45,,187447,13,,,0,85,,187452,13,,,0,85,,187458,13,,,0,85,,187443,13,,,0,45,,187448,13,,,0,78,,187453,13,,,0
9200,'Sunday',728,,187474,13,,,0,85,,187459,13,,,0,45,,187464,13,,,0,85,,187469,13,,,0,85,,187475,13,,,0,85,,187460,13,,,0,45,,187465,13,,,0,85,,187470,13,,,0,85,,187477,13,,,0,85,,187461,13,,,0,45,,187466,13,,,0,85,,187471,13,,,0,85,,187476,13,,,0,85,,187462,13,,,0,45,,187467,13,,,0,85,,187472,13,,,0,85,,187478,13,,,0,85,,187463,13,,,0,45,,187468,13,,,0,78,,187473,13,,,0
9200,'Weekday',429,,187487,13,,,0,29,,187492,13,,,0,71,,187501,13,,,0,71,,187488,13,,,0,32,,187493,13,,,0,72,,187510,13,,,0,31,,187497,13,,,0,71,,187479,13,,,0,31,,187502,13,,,0,69,,187489,13,,,0,31,,187494,13,,,0,71,,187511,13,,,0,31,,187498,13,,,0,71,,187507,13,,,0,31,,187503,13,,,0,71,,187490,13,,,0,31,,187495,13,,,0,71,,187512,13,,,0,31,,187499,13,,,0,71,,187485,13,,,0,31,,187504,13,,,0,72,,187491,13,,,0,31,,187496,13,,,0,71,,187513,13,,,0,31,,187500,13,,,0,71,,187483,13,,,0,27,,187480,13,,,0,84,,187505,13,,,0,85,,187481,13,,,0,85,,187484,13,,,0,45,,187508,13,,,0,85,,187506,13,,,0,85,,187482,13,,,0,85,,187486,13,,,0,43,,187509,13,,,0
9200,'pB3Sep30-Saturday',728,,187530,13,,,0,85,,187514,13,,,0,45,,187519,13,,,0,85,,187524,13,,,0,85,,187529,13,,,0,85,,187515,13,,,0,45,,187520,13,,,0,85,,187525,13,,,0,85,,187531,13,,,0,85,,187517,13,,,0,45,,187521,13,,,0,85,,187526,13,,,0,85,,187532,13,,,0,85,,187516,13,,,0,45,,187522,13,,,0,85,,187527,13,,,0,85,,187533,13,,,0,85,,187518,13,,,0,45,,187523,13,,,0,78,,187528,13,,,0
11700,'Weekday',605,,191248,10,,,0,21,,191249,10,,,0,25,,191247,10,,,0
11700,'pB3Sep30-Saturday',605,,191251,10,,,0,46,,191250,10,,,0
15301,'Saturday',648,,194807,21,,,0,77,,194805,21,,,0,77,,194808,21,,,0,37,,194806,21,,,0,77,,194813,21,,,0,37,,194816,21,,,0,77,,194817,21,,,0,77,,194818,21,,,0,37,,194819,21,,,0,77,,194820,21,,,0,37,,194821,21,,,0,77,,194822,21,,,0,77,,194823,21,,,0,37,,194824,21,,,0,77,,194825,21,,,0,77,,194826,21,,,0,37,,194827,21,,,0,77,,194828,21,,,0,37,,194829,21,,,0,77,,194830,21,,,0,77,,194831,21,,,0,37,,194810,21,,,0,77,,194811,21,,,0,37,,194812,21,,,0,77,,194814,21,,,0,77,,194815,21,,,0,37,,194809,21,,,0
15301,'Sunday',838,,194855,21,,,0,79,,194833,21,,,0,37,,194838,21,,,0,77,,194841,21,,,0,77,,194839,21,,,0,37,,194842,21,,,0,77,,194844,21,,,0,37,,194845,21,,,0,77,,194846,21,,,0,77,,194843,21,,,0,37,,194840,21,,,0,77,,194848,21,,,0,77,,194849,21,,,0,37,,194850,21,,,0,77,,194852,21,,,0,37,,194853,21,,,0,77,,194847,21,,,0,76,,194851,21,,,0,36,,194854,21,,,0,77,,194834,21,,,0,37,,194836,21,,,0,76,,194837,21,,,0,75,,194835,21,,,0,32,,194832,21,,,0
15301,'Weekday',607,,194856,21,,,0,26,,194860,21,,,0,24,,194878,21,,,0,66,,194857,21,,,0,25,,194861,21,,,0,10,,194894,21,,,0,52,,194879,21,,,0,10,,194895,21,,,0,8,,194896,21,,,0,8,,194858,21,,,0,1,,194900,3,,,0,14,,194898,21,,,0,56,,194862,21,,,0,25,,194880,21,,,0,25,,194901,21,,,0,65,,194863,21,,,0,25,,194881,21,,,0,65,,194902,21,,,0,25,,194864,21,,,0,65,,194882,21,,,0,25,,194903,21,,,0,25,,194865,21,,,0,65,,194883,21,,,0,25,,194904,21,,,0,65,,194866,21,,,0,26,,194884,21,,,0,25,,194905,21,,,0,65,,194867,21,,,0,26,,194908,21,,,0,54,,194885,21,,,0,11,,194875,21,,,0,11,,194906,21,,,0,11,,194893,21,,,0,11,,194868,21,,,0,11,,194876,21,,,0,51,,194897,21,,,0,25,,194886,21,,,0,80,,194869,21,,,0,36,,194887,21,,,0,76,,194870,21,,,0,76,,194888,21,,,0,36,,194871,21,,,0,76,,194889,21,,,0,36,,194872,21,,,0,76,,194890,21,,,0,76,,194873,21,,,0,36,,194891,21,,,0,76,,194874,21,,,0
15301,'pB3Sep30-Saturday',648,,194911,21,,,0,77,,194909,21,,,0,77,,194912,21,,,0,37,,194910,21,,,0,77,,194917,21,,,0,37,,194920,21,,,0,77,,194921,21,,,0,77,,194922,21,,,0,37,,194923,21,,,0,77,,194924,21,,,0,37,,194925,21,,,0,77,,194926,21,,,0,77,,194927,21,,,0,37,,194928,21,,,0,77,,194929,21,,,0,77,,194930,21,,,0,37,,194931,21,,,0,77,,194932,21,,,0,37,,194933,21,,,0,77,,194934,21,,,0,77,,194935,21,,,0,37,,194914,21,,,0,77,,194915,21,,,0,37,,194916,21,,,0,77,,194918,21,,,0,77,,194919,21,,,0,37,,194913,21,,,0
71400,'Weekday',823,,200988,11,0,29 1 42 82 1 83,0
