2001,'Saturday',603,,173976,2,,,0,29,,173985,28,,,0,26,,173998,28,,,0,66,,174005,28,,,0,20,,173969,28,,,0,66,,173991,28,,,0,26,,173977,28,,,0,66,,173982,28,,,0,27,,173999,28,,,0,27,,174006,28,,,0,67,,173970,28,,,0,27,,173992,28,,,0,67,,173978,28,,,0,27,,173986,28,,,0,67,,174000,28,,,0,27,,174007,28,,,0,67,,173971,28,,,0,27,,173994,28,,,0,27,,173979,28,,,0,67,,173988,28,,,0,27,,174001,28,,,0,67,,174008,28,,,0,27,,173972,28,,,0,67,,173993,28,,,0,27,,173980,28,,,0,67,,173987,28,,,0,27,,174002,28,,,0,67,,174009,28,,,0,27,,173973,28,,,0,27,,173995,28,,,0,67,,173981,28,,,0,27,,173989,28,,,0,66,,174003,28,,,0,26,,174010,28,,,0,66,,173974,28,,,0,26,,173996,28,,,0,66,,173983,28,,,0,26,,173990,28,,,0,26,,174004,28,,,0,66,,174013,28,,,0,35,,174012,28,,,0
2001,'Sunday',603,,174021,2,,,0,29,,174028,28,,,0,26,,174042,28,,,0,66,,174049,28,,,0,20,,174014,28,,,0,66,,174035,28,,,0,26,,174022,28,,,0,66,,174029,28,,,0,27,,174044,28,,,0,27,,174050,28,,,0,67,,174015,28,,,0,27,,174036,28,,,0,67,,174023,28,,,0,27,,174030,28,,,0,67,,174043,28,,,0,27,,174051,28,,,0,67,,174016,28,,,0,27,,174037,28,,,0,27,,174024,28,,,0,67,,174031,28,,,0,27,,174045,28,,,0,67,,174052,28,,,0,27,,174017,28,,,0,67,,174039,28,,,0,27,,174026,28,,,0,67,,174032,28,,,0,27,,174046,28,,,0,67,,174053,28,,,0,27,,174018,28,,,0,27,,174038,28,,,0,67,,174025,28,,,0,27,,174033,28,,,0,66,,174047,28,,,0,26,,174054,28,,,0,66,,174019,28,,,0,26,,174040,28,,,0,66,,174027,28,,,0,26,,174034,28,,,0,26,,174056,28,,,0,66,,174057,28,,,0,35,,174048,28,,,0
2001,'Weekday',530,,174066,28,,,0,28,,174058,28,,,0,71,,174068,28,,,0,14,,174091,28,,,0,14,,174073,28,,,0,56,,174094,28,,,0,15,,174085,28,,,0,14,,174095,28,,,0,14,,174080,28,,,0,54,,174092,28,,,0,16,,174097,28,,,0,9,,174067,28,,,0,11,,174093,28,,,0,6,,174059,28,,,0,54,,174096,28,,,0,13,,174069,28,,,0,28,,174074,28,,,0,68,,174086,28,,,0,28,,174082,28,,,0,68,,174098,28,,,0,28,,174060,28,,,0,68,,174070,28,,,0,28,,174075,28,,,0,68,,174087,28,,,0,28,,174083,28,,,0,28,,174099,28,,,0,68,,174061,28,,,0,32,,174071,28,,,0,63,,174077,28,,,0,14,,174105,28,,,0,14,,174108,28,,,0,54,,174089,28,,,0,14,,174084,28,,,0,14,,174104,28,,,0,14,,174100,28,,,0,54,,174107,28,,,0,14,,174062,28,,,0,12,,174113,28,,,0,14,,174072,28,,,0,14,,174115,28,,,0,54,,174076,28,,,0,14,,174106,28,,,0,13,,174109,28,,,0,15,,174088,28,,,0,69,,174101,28,,,0,28,,174063,28,,,0,67,,174112,28,,,0,28,,174078,28,,,0,66,,174110,28,,,0,24,,174090,28,,,0,70,,174102,28,,,0,28,,174064,28,,,0,28,,174114,28,,,0,67,,174079,28,,,0,28,,174111,28,,,0,70,,174103,28,,,0,30,,174065,28,,,0
2001,'pB3Sep30-Saturday',603,,174135,2,,,0,29,,174144,28,,,0,26,,174157,28,,,0,66,,174164,28,,,0,20,,174128,28,,,0,66,,174150,28,,,0,26,,174136,28,,,0,66,,174141,28,,,0,27,,174158,28,,,0,27,,174165,28,,,0,67,,174129,28,,,0,27,,174151,28,,,0,67,,174137,28,,,0,27,,174145,28,,,0,67,,174159,28,,,0,27,,174166,28,,,0,67,,174130,28,,,0,27,,174153,28,,,0,27,,174138,28,,,0,67,,174147,28,,,0,27,,174160,28,,,0,67,,174167,28,,,0,27,,174131,28,,,0,67,,174152,28,,,0,27,,174139,28,,,0,67,,174146,28,,,0,27,,174161,28,,,0,67,,174168,28,,,0,27,,174132,28,,,0,27,,174154,28,,,0,67,,174140,28,,,0,27,,174148,28,,,0,66,,174162,28,,,0,26,,174169,28,,,0,66,,174133,28,,,0,26,,174155,28,,,0,66,,174143,28,,,0,26,,174149,28,,,0,26,,174163,28,,,0,66,,174171,28,,,0,35,,174172,28,,,0
3801,'Saturday',518,,177520,36,,,0,28,,177521,36,,,0,65,,177522,36,,,0,23,,177523,36,,,0,23,,177524,36,,,0,63,,177526,36,,,0,23,,177525,36,,,0,63,,177527,36,,,0,23,,177530,36,,,0,23,,177528,36,,,0,63,,177529,36,,,0,23,,177531,36,,,0,63,,177532,36,,,0,25,,177534,36,,,0,27,,177537,36,,,0,66,,177536,36,,,0,24,,177535,36,,,0,63,,177533,36,,,0,23,,177540,36,,,0,21,,177539,36,,,0,61,,177538,36,,,0,21,,177516,36,,,0,22,,177494,36,,,0,62,,177517,36,,,0,22,,177519,36,,,0,62,,177500,36,,,0,21,,177508,36,,,0,20,,177518,36,,,0,62,,177501,36,,,0,22,,177502,36,,,0,22,,177495,36,,,0,62,,177489,36,,,0,21,,177486,36,,,0,20,,177509,36,,,0,62,,177490,36,,,0,22,,177513,36,,,0,21,,177496,36,,,0,62,,177503,36,,,0,20,,177497,36,,,0,20,,177487,36,,,0,58,,177510,36,,,0,22,,177512,36,,,0,19,,177488,36,,,0,60,,177491,36,,,0,24,,177504,36,,,0,64,,177505,36,,,0,24,,177498,36,,,0,25,,177511,36,,,0,64,,177514,36,,,0,24,,177499,36,,,0,64,,177515,36,,,0,24,,177492,36,,,0,24,,177506,36,,,0,64,,177493,36,,,0,24,,177507,36,,,0
3801,'Sunday',518,,177541,36,,,0,28,,177542,36,,,0,65,,177543,36,,,0,23,,177544,36,,,0,23,,177545,36,,,0,63,,177546,36,,,0,23,,177547,36,,,0,63,,177548,36,,,0,23,,177549,36,,,0,23,,177550,36,,,0,63,,177551,36,,,0,23,,177552,36,,,0,63,,177553,36,,,0,25,,177554,36,,,0,27,,177555,36,,,0,66,,177556,36,,,0,24,,177557,36,,,0,63,,177558,36,,,0,23,,177559,36,,,0,21,,177560,36,,,0,61,,177561,36,,,0,21,,177562,36,,,0,22,,177563,36,,,0,62,,177564,36,,,0,22,,177565,36,,,0,62,,177566,36,,,0,21,,177567,36,,,0,20,,177568,36,,,0,62,,177569,36,,,0,22,,177570,36,,,0,22,,177571,36,,,0,62,,177572,36,,,0,21,,177573,36,,,0,20,,177574,36,,,0,62,,177575,36,,,0,22,,177576,36,,,0,21,,177577,36,,,0,62,,177578,36,,,0,20,,177579,36,,,0,20,,177580,36,,,0,58,,177581,36,,,0,22,,177582,36,,,0,19,,177583,36,,,0,60,,177584,36,,,0,24,,177585,36,,,0,64,,177595,36,,,0,24,,177586,36,,,0,25,,177587,36,,,0,64,,177588,36,,,0,24,,177589,36,,,0,64,,177590,36,,,0,24,,177591,36,,,0,24,,177592,36,,,0,64,,177593,36,,,0,24,,177594,36,,,0
3801,'Weekday',444,,177596,36,,,0,64,,177597,36,,,0,15,,177598,36,,,0,15,,177599,36,,,0,15,,177600,36,,,0,54,,177601,36,,,0,15,,177602,36,,,0,14,,177603,36,,,0,14,,177604,36,,,0,55,,177605,36,,,0,15,,177606,36,,,0,16,,177607,36,,,0,15,,177608,36,,,0,56,,177609,36,,,0,15,,177610,36,,,0,9,,177616,36,,,0,9,,177611,36,,,0,6,,177617,36,,,0,6,,177618,36,,,0,6,,177612,36,,,0,47,,177619,36,,,0,7,,177613,36,,,0,7,,177620,36,,,0,9,,177614,36,,,0,14,,177615,36,,,0,16,,177621,36,,,0,57,,177622,36,,,0,19,,177623,36,,,0,19,,177624,36,,,0,60,,177625,36,,,0,19,,177626,36,,,0,19,,177627,36,,,0,58,,177628,36,,,0,19,,177629,36,,,0,19,,177630,36,,,0,59,,177631,36,,,0,19,,177632,36,,,0,19,,177633,36,,,0,59,,177634,36,,,0,19,,177635,36,,,0,19,,177636,36,,,0,60,,177637,36,,,0,18,,177638,36,,,0,19,,177639,36,,,0,17,,177640,36,,,0,55,,177643,36,,,0,16,,177650,36,,,0,15,,177651,36,,,0,15,,177652,36,,,0,55,,177647,36,,,0,15,,177646,36,,,0,13,,177649,36,,,0,14,,177653,36,,,0,54,,177645,36,,,0,15,,177641,36,,,0,15,,177644,36,,,0,15,,177648,36,,,0,55,,177642,36,,,0,15,,177654,36,,,0,14,,177658,36,,,0,13,,177656,36,,,0,53,,177657,36,,,0,15,,177655,36,,,0,19,,177660,36,,,0,20,,177661,36,,,0,60,,177662,36,,,0,18,,177663,36,,,0,18,,177664,36,,,0,58,,177665,36,,,0,20,,177666,36,,,0,20,,177667,36,,,0,60,,177668,36,,,0,20,,177669,36,,,0,19,,177670,36,,,0,60,,177671,36,,,0,20,,177672,36,,,0,20,,177673,36,,,0,60,,177674,36,,,0,20,,177675,36,,,0,20,,177659,36,,,0
3801,'Weekday0000100',1428,,177676,15,,,0
3801,'Weekday1111000',1503,,177677,15,,,0
3801,'pB3Sep30-Saturday',518,,177712,36,,,0,28,,177713,36,,,0,65,,177714,36,,,0,23,,177715,36,,,0,23,,177716,36,,,0,63,,177718,36,,,0,23,,177717,36,,,0,63,,177719,36,,,0,23,,177722,36,,,0,23,,177720,36,,,0,63,,177721,36,,,0,23,,177723,36,,,0,63,,177724,36,,,0,25,,177726,36,,,0,27,,177729,36,,,0,66,,177728,36,,,0,24,,177727,36,,,0,63,,177725,36,,,0,23,,177732,36,,,0,21,,177731,36,,,0,61,,177730,36,,,0,21,,177708,36,,,0,22,,177686,36,,,0,62,,177709,36,,,0,22,,177711,36,,,0,62,,177692,36,,,0,21,,177700,36,,,0,20,,177710,36,,,0,62,,177693,36,,,0,22,,177694,36,,,0,22,,177687,36,,,0,62,,177681,36,,,0,21,,177678,36,,,0,20,,177701,36,,,0,62,,177682,36,,,0,22,,177705,36,,,0,21,,177688,36,,,0,62,,177695,36,,,0,20,,177689,36,,,0,20,,177679,36,,,0,58,,177702,36,,,0,22,,177704,36,,,0,19,,177680,36,,,0,60,,177683,36,,,0,24,,177696,36,,,0,64,,177697,36,,,0,24,,177690,36,,,0,25,,177703,36,,,0,64,,177706,36,,,0,24,,177691,36,,,0,64,,177707,36,,,0,24,,177684,36,,,0,24,,177698,36,,,0,64,,177685,36,,,0,24,,177699,36,,,0
