2300,'Saturday',533,,174582,40,0,80 12 53,0,19,,174589,40,0,80 12 53,0,59,,174591,40,0,80 12 53,0,19,,174592,40,0,80 12 53,0,19,,174590,40,0,80 12 53,0,59,,174593,40,0,80 12 53,0,19,,174594,40,0,80 12 53,0,20,,174595,40,0,80 12 53,0,59,,174596,40,0,80 12 53,0,19,,174597,40,0,80 12 53,0,19,,174598,40,0,80 12 53,0,59,,174599,40,0,80 12 53,0,19,,174600,40,0,80 12 53,0,19,,174601,40,0,80 12 53,0,59,,174602,40,0,80 12 53,0,19,,174603,40,0,80 12 53,0,19,,174604,40,0,80 12 53,0,19,,174605,40,0,80 12 53,0,60,,174606,40,0,80 12 53,0,20,,174607,40,0,80 12 53,0,21,,174608,40,0,80 12 53,0,62,,174609,40,0,80 12 53,0,19,,174610,40,0,80 12 53,0,61,,174611,40,0,80 12 53,0,19,,174612,40,0,80 12 53,0,19,,174613,40,0,80 12 53,0,19,,174614,40,0,80 12 53,0,59,,174615,40,0,80 12 53,0,19,,174616,40,0,80 12 53,0,19,,174618,40,0,80 12 53,0,59,,174619,40,0,80 12 53,0,19,,174620,40,0,80 12 53,0,19,,174617,40,0,80 12 53,0,59,,174621,40,0,80 12 53,0,19,,174622,40,0,80 12 53,0,19,,174623,40,0,80 12 53,0,58,,174624,40,0,80 12 53,0,18,,174625,40,0,80 12 53,0,19,,174626,40,0,80 12 53,0,59,,174627,40,0,80 12 53,0,19,,174628,40,0,80 12 53,0,19,,174629,40,0,80 12 53,0,19,,174630,40,0,80 12 53,0,59,,174631,40,0,80 12 53,0,19,,174632,40,0,80 12 53,0,19,,174633,40,0,80 12 53,0,58,,174634,40,0,80 12 53,0,18,,174635,40,0,80 12 53,0,16,,174639,40,0,80 12 53,0,59,,174636,40,0,80 12 53,0,18,,174637,40,0,80 12 53,0,18,,174638,40,0,80 12 53,0,58,,174641,40,0,80 12 53,0,18,,174640,40,0,80 12 53,0,19,,174642,40,0,80 12 53,0,19,,174643,40,0,80 12 53,0,60,,174644,40,0,80 12 53,0,19,,174645,40,0,80 12 53,0,18,,174585,40,0,80 12 53,0,59,,174586,40,0,80 12 53,0,19,,174584,40,0,80 12 53,0,19,,174587,40,0,80 12 53,0,59,,174588,40,0,80 12 53,0,19,,174583,40,0,80 12 53,0
2300,'Sunday',533,,174646,40,0,80 12 53,0,19,,174647,40,0,80 12 53,0,59,,174648,40,0,80 12 53,0,19,,174649,40,0,80 12 53,0,19,,174650,40,0,80 12 53,0,59,,174651,40,0,80 12 53,0,19,,174652,40,0,80 12 53,0,20,,174655,40,0,80 12 53,0,59,,174653,40,0,80 12 53,0,19,,174654,40,0,80 12 53,0,19,,174656,40,0,80 12 53,0,59,,174657,40,0,80 12 53,0,19,,174658,40,0,80 12 53,0,19,,174659,40,0,80 12 53,0,59,,174660,40,0,80 12 53,0,19,,174661,40,0,80 12 53,0,19,,174662,40,0,80 12 53,0,19,,174663,40,0,80 12 53,0,60,,174664,40,0,80 12 53,0,20,,174665,40,0,80 12 53,0,21,,174666,40,0,80 12 53,0,62,,174667,40,0,80 12 53,0,19,,174668,40,0,80 12 53,0,61,,174669,40,0,80 12 53,0,19,,174670,40,0,80 12 53,0,19,,174671,40,0,80 12 53,0,19,,174672,40,0,80 12 53,0,59,,174673,40,0,80 12 53,0,19,,174674,40,0,80 12 53,0,19,,174675,40,0,80 12 53,0,59,,174677,40,0,80 12 53,0,19,,174676,40,0,80 12 53,0,19,,174678,40,0,80 12 53,0,59,,174680,40,0,80 12 53,0,19,,174679,40,0,80 12 53,0,19,,174681,40,0,80 12 53,0,58,,174682,40,0,80 12 53,0,18,,174683,40,0,80 12 53,0,19,,174684,40,0,80 12 53,0,59,,174685,40,0,80 12 53,0,19,,174688,40,0,80 12 53,0,19,,174687,40,0,80 12 53,0,19,,174686,40,0,80 12 53,0,59,,174690,40,0,80 12 53,0,19,,174689,40,0,80 12 53,0,19,,174691,40,0,80 12 53,0,58,,174692,40,0,80 12 53,0,18,,174693,40,0,80 12 53,0,16,,174695,40,0,80 12 53,0,59,,174694,40,0,80 12 53,0,18,,174696,40,0,80 12 53,0,18,,174697,40,0,80 12 53,0,58,,174698,40,0,80 12 53,0,18,,174699,40,0,80 12 53,0,19,,174700,40,0,80 12 53,0,19,,174701,40,0,80 12 53,0,60,,174702,40,0,80 12 53,0,19,,174703,40,0,80 12 53,0,18,,174704,40,0,80 12 53,0,59,,174705,40,0,80 12 53,0,19,,174706,40,0,80 12 53,0,19,,174707,40,0,80 12 53,0,59,,174709,40,0,80 12 53,0,19,,174708,40,0,80 12 53,0
2300,'Weekday',456,,174718,40,0,80 12 53,0,57,,174772,40,0,80 12 53,0,16,,174724,40,0,80 12 53,0,17,,174712,40,0,80 12 53,0,58,,174771,40,0,80 12 53,0,15,,174714,40,0,80 12 53,0,15,,174713,40,0,80 12 53,0,11,,174730,40,0,80 12 53,0,10,,174716,40,0,80 12 53,0,51,,174778,40,0,81 47,0,13,,174773,40,0,80 12 53,0,12,,174719,40,0,80 12 53,0,13,,174715,40,0,80 12 53,0,12,,174725,40,0,80 12 53,0,51,,174736,40,0,80 12 53,0,11,,174717,40,0,80 12 53,0,10,,174774,40,0,80 12 53,0,11,,174741,40,0,80 12 53,0,12,,174775,40,0,80 12 53,0,52,,174731,40,0,80 12 53,0,13,,174776,40,0,80 12 53,0,12,,174750,40,0,80 12 53,0,11,,174777,40,0,80 12 53,0,11,,174720,40,0,80 12 53,0,60,,174726,40,0,80 12 53,0,21,,174735,40,0,80 12 53,0,21,,174740,40,0,80 12 53,0,62,,174745,40,0,80 12 53,0,23,,174749,40,0,80 12 53,0,22,,174721,40,0,80 12 53,0,62,,174738,40,0,80 12 53,0,21,,174742,40,0,80 12 53,0,62,,174769,40,0,80 12 53,0,22,,174746,40,0,80 12 53,0,25,,174734,40,0,80 12 53,0,61,,174770,40,0,80 12 53,0,15,,174751,40,0,80 12 53,0,11,,174753,40,0,80 12 53,0,11,,174722,40,0,80 12 53,0,51,,174759,40,0,80 12 53,0,12,,174727,40,0,80 12 53,0,13,,174758,40,0,80 12 53,0,12,,174737,40,0,80 12 53,0,12,,174757,40,0,80 12 53,0,53,,174743,40,0,80 12 53,0,11,,174710,40,0,80 12 53,0,11,,174747,40,0,80 12 53,0,11,,174763,40,0,80 12 53,0,11,,174760,40,0,80 12 53,0,11,,174732,40,0,80 12 53,0,51,,174752,40,0,80 12 53,0,10,,174754,40,0,80 12 53,0,10,,174764,40,0,80 12 53,0,11,,174723,40,0,80 12 53,0,11,,174728,40,0,80 12 53,0,51,,174765,40,0,80 12 53,0,11,,174711,40,0,80 12 53,0,11,,174739,40,0,80 12 53,0,10,,174766,40,0,80 12 53,0,8,,174744,40,0,80 12 53,0,9,,174756,40,0,80 12 53,0,50,,174748,40,0,80 12 53,0,9,,174767,40,0,80 12 53,0,9,,174761,40,0,80 12 53,0,13,,174768,40,0,80 12 53,0,15,,174733,40,0,80 12 53,0,55,,174755,40,0,80 12 53,0,16,,174729,40,0,80 12 53,0,15,,174762,40,0,80 12 53,0,22,,174780,40,0,80 12 53,0,63,,174779,40,0,80 12 53,0,20,,174781,40,0,80 12 53,0,20,,174782,40,0,80 12 53,0,61,,174783,40,0,80 12 53,0,21,,174784,40,0,80 12 53,0,65,,174785,40,0,80 12 53,0,25,,174786,40,0,80 12 53,0,25,,174787,40,0,80 12 53,0,65,,174788,40,0,80 12 53,0,25,,174789,40,0,80 12 53,0,65,,174790,40,0,80 12 53,0,25,,174791,40,0,80 12 53,0
2300,'Weekday0000100',1344,,174792,7,0,80 12 53,0
2300,'Weekday1111000',1528,,174798,7,0,80 12 53,0,22,,174799,7,0,80 12 53,0
2300,'pB3Sep30-Saturday',457,,174872,40,0,80 12 53,0,57,,174871,40,0,80 12 53,0,19,,174870,40,0,80 12 53,0,23,,174869,40,0,80 12 53,0,57,,174865,40,0,80 12 53,0,17,,174867,40,0,80 12 53,0,17,,174868,40,0,80 12 53,0,57,,174866,40,0,80 12 53,0,21,,174860,40,0,80 12 53,0,14,,174863,40,0,80 12 53,0,15,,174859,40,0,80 12 53,0,54,,174864,40,0,80 12 53,0,14,,174862,40,0,80 12 53,0,14,,174861,40,0,80 12 53,0,14,,174855,40,0,80 12 53,0,54,,174857,40,0,80 12 53,0,14,,174858,40,0,80 12 53,0,14,,174856,40,0,80 12 53,0,14,,174853,40,0,80 12 53,0,12,,174854,40,0,80 12 53,0,60,,174850,40,0,80 12 53,0,20,,174851,40,0,80 12 53,0,19,,174849,40,0,80 12 53,0,60,,174852,40,0,80 12 53,0,20,,174848,40,0,80 12 53,0,21,,174847,40,0,80 12 53,0,62,,174845,40,0,80 12 53,0,19,,174846,40,0,80 12 53,0,61,,174844,40,0,80 12 53,0,19,,174843,40,0,80 12 53,0,19,,174842,40,0,80 12 53,0,19,,174841,40,0,80 12 53,0,59,,174840,40,0,80 12 53,0,15,,174839,40,0,80 12 53,0,15,,174838,40,0,80 12 53,0,55,,174837,40,0,80 12 53,0,15,,174836,40,0,80 12 53,0,10,,174835,40,0,80 12 53,0,10,,174873,40,0,80 12 53,0,10,,174833,40,0,80 12 53,0,10,,174834,40,0,80 12 53,0,50,,174874,40,0,80 12 53,0,10,,174832,40,0,80 12 53,0,10,,174831,40,0,80 12 53,0,10,,174875,40,0,80 12 53,0,10,,174830,40,0,80 12 53,0,10,,174876,40,0,80 12 53,0,49,,174829,40,0,80 12 53,0,10,,174828,40,0,80 12 53,0,9,,174877,40,0,80 12 53,0,10,,174826,40,0,80 12 53,0,10,,174827,40,0,80 12 53,0,15,,174824,40,0,80 12 53,0,55,,174825,40,0,80 12 53,0,15,,174823,40,0,80 12 53,0,15,,174822,40,0,80 12 53,0,15,,174821,40,0,80 12 53,0,59,,174820,40,0,80 12 53,0,19,,174818,40,0,80 12 53,0,19,,174819,40,0,80 12 53,0,58,,174817,40,0,80 12 53,0,18,,174816,40,0,80 12 53,0,16,,174815,40,0,80 12 53,0,59,,174814,40,0,80 12 53,0,18,,174813,40,0,80 12 53,0,18,,174812,40,0,80 12 53,0,58,,174811,40,0,80 12 53,0,18,,174810,40,0,80 12 53,0,19,,174809,40,0,80 12 53,0,19,,174808,40,0,80 12 53,0,60,,174807,40,0,80 12 53,0,19,,174806,40,0,80 12 53,0,18,,174805,40,0,80 12 53,0,59,,174804,40,0,80 12 53,0,19,,174803,40,0,80 12 53,0,19,,174802,40,0,80 12 53,0,59,,174801,40,0,80 12 53,0,19,,174800,40,0,80 12 53,0
12701,'Saturday',605,,192234,10,0,87 47,0,35,,192236,10,0,87 47,0,75,,192232,10,0,87 47,0,35,,192235,10,0,87 47,0,75,,192229,10,0,87 47,0,75,,192233,10,0,87 47,0,35,,192231,10,0,87 47,0,75,,192230,10,0,87 47,0,35,,192228,10,0,87 47,0,76,,192227,10,0,87 47,0,35,,192226,10,0,87 47,0,75,,192225,10,0,87 47,0,75,,192224,10,0,87 47,0,36,,192223,10,0,87 47,0,76,,192222,10,0,87 47,0,35,,192220,10,0,87 47,0,75,,192221,10,0,87 47,0,75,,192214,10,0,87 47,0,35,,192217,10,0,87 47,0,75,,192219,10,0,87 47,0,35,,192218,10,0,87 47,0,75,,192216,10,0,87 47,0,35,,192215,10,0,87 47,0,75,,192213,10,0,87 47,0,75,,192212,10,0,87 47,0,35,,192211,10,0,87 47,0,75,,192210,10,0,87 47,0
12701,'Sunday',605,,192237,10,0,87 47,0,35,,192239,10,0,87 47,0,75,,192238,10,0,87 47,0,35,,192241,10,0,87 47,0,75,,192242,10,0,87 47,0,75,,192240,10,0,87 47,0,35,,192244,10,0,87 47,0,75,,192243,10,0,87 47,0,35,,192247,10,0,87 47,0,76,,192246,10,0,87 47,0,35,,192245,10,0,87 47,0,75,,192248,10,0,87 47,0,75,,192249,10,0,87 47,0,36,,192250,10,0,87 47,0,76,,192253,10,0,87 47,0,35,,192252,10,0,87 47,0,75,,192254,10,0,87 47,0,75,,192255,10,0,87 47,0,35,,192256,10,0,87 47,0,75,,192251,10,0,87 47,0,35,,192261,10,0,87 47,0,75,,192260,10,0,87 47,0,35,,192257,10,0,87 47,0,75,,192258,10,0,87 47,0,75,,192259,10,0,87 47,0,35,,192262,10,0,87 47,0,75,,192263,10,0,87 47,0
12701,'Weekday',527,,192272,10,,,0,30,,192292,10,,,0,71,,192271,10,,,0,30,,192291,10,,,0,71,,192270,10,,,0,30,,192290,10,,,0,71,,192269,10,,,0,70,,192289,10,,,0,31,,192268,10,,,0,70,,192288,10,,,0,31,,192267,10,,,0,70,,192286,10,,,0,31,,192265,10,,,0,70,,192287,10,,,0,31,,192294,10,,,0,70,,192285,10,,,0,31,,192266,10,,,0,70,,192283,10,,,0,31,,192264,10,,,0,70,,192296,10,,,0,32,,192298,10,,,0,70,,192284,10,,,0,31,,192297,10,,,0,70,,192281,10,,,0,30,,192293,10,,,0,70,,192282,10,,,0,29,,192280,10,0,87 47,0,70,,192279,10,0,87 47,0,35,,192278,10,0,87 47,0,75,,192276,10,0,87 47,0,35,,192277,10,0,87 47,0,75,,192275,10,0,87 47,0,75,,192273,10,0,87 47,0,35,,192274,10,0,87 47,0,75,,192295,10,0,87 47,0
12701,'pB3Sep30-Saturday',605,,192323,10,0,87 47,0,35,,192325,10,0,87 47,0,75,,192321,10,0,87 47,0,35,,192324,10,0,87 47,0,75,,192318,10,0,87 47,0,75,,192322,10,0,87 47,0,35,,192320,10,0,87 47,0,75,,192319,10,0,87 47,0,35,,192317,10,0,87 47,0,76,,192316,10,0,87 47,0,35,,192315,10,0,87 47,0,75,,192314,10,0,87 47,0,75,,192313,10,0,87 47,0,36,,192312,10,0,87 47,0,76,,192311,10,0,87 47,0,35,,192309,10,0,87 47,0,75,,192310,10,0,87 47,0,75,,192303,10,0,87 47,0,35,,192307,10,0,87 47,0,75,,192305,10,0,87 47,0,35,,192308,10,0,87 47,0,75,,192306,10,0,87 47,0,35,,192304,10,0,87 47,0,75,,192302,10,0,87 47,0,75,,192301,10,0,87 47,0,35,,192300,10,0,87 47,0,75,,192299,10,0,87 47,0
87101,'Weekday',1508,,201323,4,,,0
