9300,'Saturday',557,,187633,11,,,0,80,,187642,11,,,0,80,,187643,11,,,0,40,,187640,11,,,0,80,,187641,11,,,0,80,,187644,11,,,0,40,,187645,11,,,0,80,,187646,11,,,0,80,,187647,11,,,0,40,,187648,11,,,0,80,,187650,11,,,0,80,,187651,11,,,0,40,,187652,11,,,0,80,,187649,11,,,0,80,,187654,11,,,0,40,,187655,11,,,0,80,,187656,11,,,0,80,,187653,11,,,0,40,,187657,11,,,0,80,,187658,11,,,0,80,,187659,11,,,0,40,,187636,11,,,0,80,,187637,11,,,0,80,,187635,11,,,0,40,,187638,11,,,0,80,,187634,11,,,0
9300,'Sunday',557,,187662,11,,,0,80,,187661,11,,,0,80,,187663,11,,,0,40,,187678,11,,,0,80,,187668,11,,,0,80,,187669,11,,,0,40,,187676,11,,,0,80,,187674,11,,,0,80,,187675,11,,,0,40,,187672,11,,,0,80,,187679,11,,,0,80,,187677,11,,,0,40,,187680,11,,,0,80,,187670,11,,,0,80,,187671,11,,,0,40,,187681,11,,,0,80,,187682,11,,,0,80,,187683,11,,,0,40,,187673,11,,,0,80,,187684,11,,,0,80,,187685,11,,,0,40,,187666,11,,,0,80,,187667,11,,,0,80,,187664,11,,,0,40,,187665,11,,,0,80,,187686,11,,,0
9300,'Weekday',521,,187719,11,,,0,30,,187695,11,,,0,70,,187689,11,,,0,30,,187691,11,,,0,70,,187692,11,,,0,30,,187693,11,,,0,70,,187690,11,,,0,30,,187724,11,,,0,70,,187694,11,,,0,30,,187701,11,,,0,70,,187714,11,,,0,30,,187711,11,,,0,70,,187709,11,,,0,30,,187703,11,,,0,70,,187715,11,,,0,30,,187712,11,,,0,70,,187710,11,,,0,30,,187702,11,,,0,70,,187716,11,,,0,30,,187713,11,,,0,70,,187687,11,,,0,30,,187696,11,,,0,70,,187697,11,,,0,35,,187700,11,,,0,65,,187688,11,,,0,30,,187698,11,,,0,70,,187699,11,,,0,30,,187720,11,,,0,70,,187721,11,,,0,30,,187705,11,,,0,70,,187704,11,,,0,30,,187717,11,,,0,70,,187722,11,,,0,30,,187707,11,,,0,80,,187706,11,,,0,80,,187723,11,,,0,40,,187726,11,,,0,80,,187725,11,,,0,80,,187708,11,,,0
9300,'pB3Sep30-Saturday',557,,187727,11,,,0,80,,187736,11,,,0,80,,187737,11,,,0,40,,187734,11,,,0,80,,187735,11,,,0,80,,187738,11,,,0,40,,187739,11,,,0,80,,187740,11,,,0,80,,187741,11,,,0,40,,187742,11,,,0,80,,187745,11,,,0,80,,187746,11,,,0,40,,187743,11,,,0,80,,187744,11,,,0,80,,187748,11,,,0,40,,187749,11,,,0,80,,187750,11,,,0,80,,187747,11,,,0,40,,187751,11,,,0,80,,187752,11,,,0,80,,187753,11,,,0,40,,187730,11,,,0,80,,187731,11,,,0,80,,187729,11,,,0,40,,187732,11,,,0,80,,187728,11,,,0
9400,'Saturday',631,,187876,16,,,0,90,,187875,16,,,0,90,,187877,16,,,0,90,,187878,16,,,0,50,,187879,16,,,0,90,,187880,16,,,0,90,,187882,16,,,0,90,,187881,16,,,0,90,,187883,16,,,0,90,,187884,16,,,0,50,,187885,16,,,0,90,,187886,16,,,0,90,,187887,16,,,0,90,,187888,16,,,0,90,,187889,16,,,0,90,,187890,16,,,0,50,,187891,16,,,0,90,,187892,16,,,0,90,,187893,16,,,0
9400,'Sunday',631,,187894,16,,,0,90,,187895,16,,,0,90,,187897,16,,,0,90,,187896,16,,,0,50,,187898,16,,,0,90,,187899,16,,,0,90,,187901,16,,,0,90,,187902,16,,,0,90,,187903,16,,,0,90,,187900,16,,,0,50,,187904,16,,,0,90,,187905,16,,,0,90,,187906,16,,,0,90,,187907,16,,,0,90,,187908,16,,,0,90,,187909,16,,,0,50,,187910,16,,,0,90,,187911,16,,,0,90,,187912,16,,,0
9400,'Weekday',528,,187913,16,,,0,23,,187920,16,,,0,57,,187914,16,,,0,20,,187921,16,,,0,20,,187915,16,,,0,60,,187922,16,,,0,20,,187916,16,,,0,20,,187923,16,,,0,60,,187917,16,,,0,20,,187924,16,,,0,20,,187918,16,,,0,60,,187925,16,,,0,20,,187919,16,,,0,80,,187926,16,,,0,40,,187927,16,,,0,80,,187928,16,,,0,80,,187929,16,,,0,40,,187930,16,,,0,80,,187931,16,,,0,80,,187932,16,,,0,40,,187933,16,,,0,60,,187940,16,,,0,20,,187934,16,,,0,20,,187941,16,,,0,60,,187935,16,,,0,20,,187942,16,,,0,20,,187936,16,,,0,60,,187943,16,,,0,20,,187937,16,,,0,20,,187944,16,,,0,60,,187938,16,,,0,20,,187945,16,,,0,20,,187939,16,,,0,60,,187946,16,,,0,40,,187947,16,,,0,80,,187948,16,,,0,80,,187949,16,,,0,40,,187950,16,,,0,80,,187951,16,,,0,80,,187952,16,,,0,40,,187953,16,,,0
9400,'pB3Sep30-Saturday',631,,187955,16,,,0,90,,187954,16,,,0,90,,187956,16,,,0,90,,187957,16,,,0,50,,187958,16,,,0,90,,187959,16,,,0,90,,187961,16,,,0,90,,187960,16,,,0,90,,187962,16,,,0,90,,187963,16,,,0,50,,187964,16,,,0,90,,187965,16,,,0,90,,187966,16,,,0,90,,187967,16,,,0,90,,187968,16,,,0,90,,187969,16,,,0,50,,187970,16,,,0,90,,187971,16,,,0,90,,187972,16,,,0
69901,'Weekday',756,,200953,17,0,115 116,0
89500,'Weekday',1508,,201356,27,0,12 68 1 69 31,0
89501,'Weekday',731,,201357,15,0,12 68 1 69 31,0
