3600,'Saturday',601,,176730,8,,,0,45,,176734,8,,,0,85,,176737,8,,,0,85,,176739,8,,,0,85,,176731,8,,,0,45,,176735,8,,,0,85,,176736,8,,,0,85,,176738,8,,,0,85,,176718,8,,,0,45,,176719,8,,,0,85,,176720,8,,,0,85,,176721,8,,,0,85,,176722,8,,,0,45,,176723,8,,,0,85,,176724,8,,,0,85,,176725,8,,,0,85,,176726,8,,,0,45,,176727,8,,,0,85,,176732,8,,,0,85,,176728,8,,,0,85,,176729,8,,,0,45,,176733,8,,,0,85,,176741,8,,,0,85,,176740,8,,,0
3600,'Sunday',731,,176755,8,,,0,85,,176757,8,,,0,85,,176753,8,,,0,45,,176752,8,,,0,85,,176754,8,,,0,85,,176756,8,,,0,85,,176743,8,,,0,45,,176742,8,,,0,85,,176744,8,,,0,85,,176745,8,,,0,85,,176746,8,,,0,45,,176747,8,,,0,85,,176748,8,,,0,85,,176749,8,,,0,85,,176750,8,,,0,45,,176751,8,,,0,85,,176758,8,,,0,85,,176760,8,,,0,85,,176761,8,,,0,45,,176763,8,,,0,85,,176762,8,,,0,85,,176759,8,,,0
3600,'Weekday',514,,176764,5,,,0,112,,176775,8,,,0,75,,176776,8,,,0,35,,176777,8,,,0,75,,176778,8,,,0,35,,176779,8,,,0,74,,176781,8,,,0,35,,176780,8,,,0,75,,176785,8,,,0,75,,176782,8,,,0,35,,176783,8,,,0,75,,176784,8,,,0,35,,176786,8,,,0,75,,176787,8,,,0,75,,176788,8,,,0,35,,176789,8,,,0,75,,176790,8,,,0,37,,176791,8,,,0,75,,176792,8,,,0,35,,176793,8,,,0,74,,176794,8,,,0,73,,176766,8,,,0,35,,176767,8,,,0,73,,176765,8,,,0,32,,176768,8,,,0,81,,176769,8,,,0,81,,176770,8,,,0,41,,176771,8,,,0,81,,176772,8,,,0,81,,176773,8,,,0,41,,176774,8,0,88,0
3600,'pB3Sep30-Saturday',601,,176807,8,,,0,45,,176811,8,,,0,85,,176814,8,,,0,85,,176816,8,,,0,85,,176808,8,,,0,45,,176812,8,,,0,85,,176813,8,,,0,85,,176815,8,,,0,85,,176795,8,,,0,45,,176796,8,,,0,85,,176797,8,,,0,85,,176798,8,,,0,85,,176799,8,,,0,45,,176800,8,,,0,85,,176801,8,,,0,85,,176802,8,,,0,85,,176803,8,,,0,45,,176804,8,,,0,85,,176809,8,,,0,85,,176805,8,,,0,85,,176806,8,,,0,45,,176810,8,,,0,85,,176818,8,,,0,85,,176817,8,,,0
4100,'Saturday',556,,177927,5,,,0,83,,177926,31,,,0,85,,177924,31,,,0,85,,177909,31,,,0,45,,177910,31,,,0,85,,177911,31,,,0,85,,177912,31,,,0,85,,177913,31,,,0,47,,177914,31,,,0,85,,177915,31,,,0,85,,177916,31,,,0,85,,177917,31,,,0,45,,177918,31,,,0,85,,177920,31,,,0,85,,177921,31,,,0,85,,177922,31,,,0,45,,177919,31,,,0,85,,177923,31,,,0,83,,177925,31,,,0
4100,'Weekday',551,,177928,5,,,0,75,,177931,31,,,0,76,,177932,31,,,0,35,,177933,31,,,0,75,,177934,31,,,0,37,,177935,31,,,0,72,,177939,31,,,0,35,,177937,31,,,0,75,,177940,31,,,0,75,,177938,31,,,0,35,,177936,31,,,0,75,,177942,31,,,0,35,,177941,31,,,0,75,,177945,31,,,0,75,,177943,31,,,0,35,,177944,31,,,0,76,,177946,31,,,0,36,,177947,31,,,0,74,,177948,31,,,0,35,,177949,31,,,0,73,,177950,31,,,0,75,,177951,31,,,0,36,,177929,31,,,0,72,,177930,31,,,0
4100,'Weekday0000100',1243,,177952,18,,,0
4100,'Weekday1111000',1503,,177953,18,,,0
4100,'pB3Sep30-Saturday',556,,177972,5,,,0,83,,177971,31,,,0,85,,177969,31,,,0,85,,177954,31,,,0,45,,177955,31,,,0,85,,177956,31,,,0,85,,177957,31,,,0,85,,177958,31,,,0,47,,177959,31,,,0,85,,177960,31,,,0,85,,177961,31,,,0,85,,177962,31,,,0,45,,177963,31,,,0,85,,177965,31,,,0,85,,177966,31,,,0,85,,177967,31,,,0,45,,177964,31,,,0,85,,177968,31,,,0,83,,177970,31,,,0
77901,'Weekday',817,,201162,28,0,95 96 1 97 1 94,0
85300,'Weekday',1552,,201289,6,0,12 93 94,0
85301,'Weekday',822,,201290,4,0,12 93 94,0
