1900,'Saturday',626,,173496,44,,,0,75,,173510,44,,,0,37,,173519,73,,,0,75,,173504,73,,,0,35,,173498,73,,,0,75,,173512,73,,,0,35,,173520,73,,,0,75,,173506,73,,,0,75,,173497,73,,,0,35,,173514,73,,,0,75,,173521,73,,,0,35,,173505,73,,,0,71,,173499,73,,,0,20,,173526,73,,,0,68,,173513,73,,,0,28,,173522,73,,,0,68,,173507,73,,,0,28,,173500,73,,,0,68,,173528,73,,,0,28,,173516,73,,,0,68,,173523,73,,,0,28,,173508,73,,,0,28,,173501,73,,,0,68,,173529,73,,,0,28,,173515,73,,,0,68,,173525,73,,,0,35,,173509,73,,,0,75,,173502,73,,,0,75,,173518,73,,,0,35,,173524,73,,,0,75,,173511,73,,,0,35,,173503,73,,,0,75,,173517,73,,,0,75,,173527,73,,,0
1900,'Sunday',626,,173530,44,,,0,75,,173546,44,,,0,37,,173553,73,,,0,75,,173538,73,,,0,35,,173531,73,,,0,75,,173545,73,,,0,35,,173554,73,,,0,75,,173539,73,,,0,75,,173532,73,,,0,35,,173548,73,,,0,75,,173555,73,,,0,35,,173540,73,,,0,71,,173533,73,,,0,20,,173561,73,,,0,68,,173547,73,,,0,28,,173557,73,,,0,68,,173541,73,,,0,28,,173534,73,,,0,68,,173562,73,,,0,28,,173549,73,,,0,68,,173556,73,,,0,28,,173542,73,,,0,28,,173535,73,,,0,68,,173563,73,,,0,28,,173550,73,,,0,68,,173558,73,,,0,35,,173543,73,,,0,75,,173536,73,,,0,75,,173551,73,,,0,35,,173559,73,,,0,75,,173544,73,,,0,35,,173537,73,,,0,75,,173552,73,,,0,75,,173560,73,,,0
1900,'Weekday',548,,173581,44,,,0,69,,173589,73,,,0,33,,173597,73,,,0,67,,173565,73,,,0,36,,173573,73,,,0,66,,173582,73,,,0,35,,173590,73,,,0,72,,173598,73,,,0,30,,173567,73,,,0,72,,173574,73,,,0,72,,173583,73,,,0,32,,173591,73,,,0,74,,173599,73,,,0,34,,173566,73,,,0,72,,173575,73,,,0,30,,173584,73,,,0,73,,173592,73,,,0,34,,173600,73,,,0,76,,173568,73,,,0,34,,173576,73,,,0,71,,173585,73,,,0,29,,173593,73,,,0,71,,173601,73,,,0,71,,173569,73,,,0,29,,173577,73,,,0,29,,173586,73,,,0,69,,173594,73,,,0,26,,173602,73,,,0,70,,173570,73,,,0,30,,173578,73,,,0,70,,173587,73,,,0,30,,173595,73,,,0,70,,173603,73,,,0,28,,173571,73,,,0,68,,173579,73,,,0,29,,173588,73,,,0,70,,173596,73,,,0,30,,173604,73,,,0,70,,173572,73,,,0,30,,173580,73,,,0
1900,'pB3Sep30-Saturday',626,,173606,44,,,0,75,,173620,44,,,0,37,,173629,73,,,0,75,,173614,73,,,0,35,,173608,73,,,0,75,,173622,73,,,0,35,,173630,73,,,0,75,,173616,73,,,0,75,,173607,73,,,0,35,,173624,73,,,0,75,,173631,73,,,0,35,,173615,73,,,0,71,,173609,73,,,0,20,,173636,73,,,0,68,,173623,73,,,0,28,,173632,73,,,0,68,,173617,73,,,0,28,,173610,73,,,0,68,,173638,73,,,0,28,,173626,73,,,0,68,,173633,73,,,0,28,,173618,73,,,0,28,,173611,73,,,0,68,,173639,73,,,0,28,,173625,73,,,0,68,,173635,73,,,0,35,,173619,73,,,0,75,,173612,73,,,0,75,,173628,73,,,0,35,,173634,73,,,0,75,,173621,73,,,0,35,,173613,73,,,0,75,,173627,73,,,0,75,,173637,73,,,0
3200,'Saturday',655,,175926,45,,,0,66,,175914,45,,,0,27,,175938,45,,,0,70,,175927,45,,,0,30,,175915,45,,,0,68,,175939,45,,,0,30,,175928,45,,,0,70,,175916,45,,,0,30,,175940,45,,,0,70,,175929,45,,,0,30,,175917,45,,,0,70,,175941,45,,,0,30,,175930,45,,,0,70,,175918,45,,,0,30,,175942,45,,,0,70,,175931,45,,,0,30,,175919,45,,,0,70,,175943,45,,,0,30,,175932,45,,,0,70,,175920,45,,,0,30,,175944,45,,,0,70,,175933,45,,,0,30,,175921,45,,,0,70,,175945,45,,,0,30,,175934,45,,,0,70,,175922,45,,,0,30,,175946,45,,,0,67,,175935,45,,,0,26,,175923,45,,,0,70,,175947,45,,,0,30,,175936,45,,,0,70,,175924,45,,,0,30,,175948,45,,,0,70,,175937,45,,,0,30,,175925,45,,,0
3200,'Sunday',655,,175961,45,,,0,66,,175949,45,,,0,27,,175973,45,,,0,70,,175962,45,,,0,30,,175950,45,,,0,68,,175974,45,,,0,30,,175963,45,,,0,70,,175951,45,,,0,30,,175975,45,,,0,70,,175964,45,,,0,30,,175952,45,,,0,70,,175976,45,,,0,30,,175965,45,,,0,70,,175953,45,,,0,30,,175977,45,,,0,70,,175966,45,,,0,30,,175954,45,,,0,70,,175978,45,,,0,30,,175967,45,,,0,70,,175955,45,,,0,30,,175979,45,,,0,70,,175968,45,,,0,30,,175956,45,,,0,70,,175980,45,,,0,30,,175969,45,,,0,70,,175957,45,,,0,30,,175981,45,,,0,67,,175970,45,,,0,26,,175958,45,,,0,70,,175982,45,,,0,30,,175971,45,,,0,70,,175959,45,,,0,30,,175983,45,,,0,70,,175972,45,,,0,30,,175960,45,,,0
3200,'Weekday',600,,175984,45,,,0,15,,176001,45,,,0,15,,176015,45,,,0,16,,176017,45,,,0,55,,175993,45,,,0,16,,176013,45,,,0,15,,175985,45,,,0,16,,176018,45,,,0,56,,176002,45,,,0,16,,176016,45,,,0,16,,175994,45,,,0,16,,176014,45,,,0,55,,175986,45,,,0,14,,176019,45,,,0,15,,176003,45,,,0,70,,175995,45,,,0,30,,175987,45,,,0,69,,176004,45,,,0,29,,175996,45,,,0,70,,175988,45,,,0,30,,176005,45,,,0,70,,175997,45,,,0,30,,175989,45,,,0,70,,176006,45,,,0,30,,175998,45,,,0,71,,175990,45,,,0,19,,176026,45,,,0,18,,176007,45,,,0,16,,176035,45,,,0,55,,176020,45,,,0,16,,175999,45,,,0,16,,176033,45,,,0,57,,175991,45,,,0,17,,176027,45,,,0,16,,176008,45,,,0,15,,176021,45,,,0,55,,176000,45,,,0,15,,176034,45,,,0,13,,175992,45,,,0,15,,176028,45,,,0,69,,176009,45,,,0,27,,176022,45,,,0,68,,176029,45,,,0,28,,176010,45,,,0,68,,176023,45,,,0,27,,176030,45,,,0,68,,176011,45,,,0,28,,176024,45,,,0,28,,176031,45,,,0,68,,176012,45,,,0,28,,176025,45,,,0,75,,176032,45,,,0
3200,'pB3Sep30-Saturday',655,,176048,45,,,0,66,,176036,45,,,0,27,,176060,45,,,0,70,,176049,45,,,0,30,,176037,45,,,0,68,,176061,45,,,0,30,,176050,45,,,0,70,,176038,45,,,0,30,,176062,45,,,0,70,,176051,45,,,0,30,,176047,45,,,0,70,,176063,45,,,0,30,,176052,45,,,0,70,,176039,45,,,0,30,,176064,45,,,0,70,,176053,45,,,0,30,,176040,45,,,0,70,,176065,45,,,0,30,,176054,45,,,0,70,,176041,45,,,0,30,,176066,45,,,0,70,,176055,45,,,0,30,,176042,45,,,0,70,,176067,45,,,0,30,,176056,45,,,0,70,,176043,45,,,0,30,,176068,45,,,0,67,,176057,45,,,0,26,,176044,45,,,0,70,,176069,45,,,0,30,,176058,45,,,0,70,,176045,45,,,0,30,,176070,45,,,0,70,,176059,45,,,0,30,,176046,45,,,0
3300,'Weekday',557,,176281,34,,,0,72,,176282,34,,,0,72,,176283,34,,,0,36,,176280,34,,,0,74,,176284,34,,,0,35,,176285,34,,,0,73,,176287,34,,,0,35,,176286,34,,,0,75,,176288,34,,,0,75,,176289,34,,,0,35,,176291,34,,,0,75,,176292,34,,,0,35,,176290,34,,,0,75,,176293,34,,,0,35,,176294,34,,,0,76,,176295,34,,,0,78,,176296,34,,,0,36,,176297,34,,,0,76,,176299,34,,,0,76,,176298,34,,,0,35,,176300,34,,,0,73,,176301,34,,,0,32,,176302,34,,,0,75,,176303,34,,,0,34,,176304,34,,,0
87200,'Weekday',1515,,201324,28,,,0
