300,'Saturday',637,,169849,51,,,0,18,,169858,51,,,0,60,,169865,51,,,0,20,,169819,51,,,0,20,,169826,51,,,0,60,,169834,51,,,0,20,,169842,51,,,0,20,,169851,51,,,0,60,,169859,51,,,0,20,,169868,51,,,0,20,,169820,51,,,0,60,,169827,51,,,0,21,,169835,51,,,0,20,,169843,51,,,0,60,,169853,51,,,0,20,,169860,51,,,0,20,,169869,51,,,0,61,,169821,51,,,0,21,,169829,51,,,0,21,,169836,51,,,0,60,,169844,51,,,0,20,,169852,51,,,0,20,,169861,51,,,0,60,,169870,51,,,0,20,,169822,51,,,0,61,,169828,51,,,0,20,,169838,51,,,0,20,,169845,51,,,0,60,,169854,51,,,0,20,,169862,51,,,0,20,,169871,51,,,0,60,,169823,51,,,0,20,,169830,51,,,0,20,,169837,51,,,0,60,,169850,51,,,0,19,,169855,51,,,0,20,,169863,51,,,0,19,,169873,51,,,0,60,,169824,51,,,0,21,,169831,51,,,0,20,,169840,51,,,0,60,,169846,51,,,0,20,,169856,51,,,0,20,,169864,51,,,0,60,,169872,51,,,0,20,,169825,51,,,0,20,,169832,51,,,0,59,,169839,51,,,0,20,,169847,51,,,0,20,,169857,51,,,0,60,,169866,51,,,0,20,,169874,51,,,0,66,,169833,51,,,0,33,,169841,51,,,0,65,,169848,51,,,0,35,,169867,51,,,0
300,'Sunday',637,,169906,51,,,0,18,,169916,51,,,0,60,,169923,51,,,0,20,,169875,51,,,0,20,,169882,51,,,0,60,,169890,51,,,0,20,,169899,51,,,0,20,,169908,51,,,0,60,,169914,51,,,0,20,,169924,51,,,0,20,,169876,51,,,0,60,,169883,51,,,0,21,,169891,51,,,0,20,,169898,51,,,0,60,,169907,51,,,0,20,,169915,51,,,0,20,,169925,51,,,0,61,,169877,51,,,0,21,,169884,51,,,0,21,,169892,51,,,0,60,,169900,51,,,0,20,,169909,51,,,0,20,,169917,51,,,0,60,,169926,51,,,0,20,,169879,51,,,0,61,,169885,51,,,0,20,,169893,51,,,0,20,,169902,51,,,0,60,,169910,51,,,0,20,,169918,51,,,0,20,,169927,51,,,0,60,,169878,51,,,0,20,,169887,51,,,0,20,,169895,51,,,0,60,,169901,51,,,0,19,,169911,51,,,0,20,,169919,51,,,0,19,,169928,51,,,0,60,,169880,51,,,0,21,,169886,51,,,0,20,,169894,51,,,0,60,,169903,51,,,0,20,,169913,51,,,0,20,,169921,51,,,0,60,,169929,51,,,0,20,,169881,51,,,0,20,,169888,51,,,0,59,,169896,51,,,0,20,,169904,51,,,0,20,,169912,51,,,0,60,,169920,51,,,0,20,,169930,51,,,0,66,,169889,51,,,0,33,,169897,51,,,0,65,,169905,51,,,0,35,,169922,51,,,0
300,'Weekday',514,,169960,51,,,0,20,,169965,51,,,0,20,,169979,51,,,0,60,,169932,51,,,0,27,,169985,51,,,0,59,,169968,51,,,0,16,,169948,51,,,0,15,,169992,51,,,0,13,,169961,51,,,0,7,,170023,51,,,0,6,,170001,51,,,0,47,,169934,51,,,0,6,,169966,51,,,0,7,,169931,51,,,0,6,,169980,51,,,0,7,,170009,51,,,0,6,,169933,51,,,0,13,,169993,51,,,0,54,,169986,51,,,0,15,,169953,51,,,0,12,,169969,51,,,0,17,,169949,51,,,0,56,,169962,51,,,0,15,,170002,51,,,0,15,,169935,51,,,0,15,,169981,51,,,0,55,,170010,51,,,0,15,,169994,51,,,0,15,,169987,51,,,0,15,,169954,51,,,0,55,,169970,51,,,0,15,,169950,51,,,0,15,,169963,51,,,0,15,,170003,51,,,0,55,,169936,51,,,0,15,,169982,51,,,0,15,,170011,51,,,0,15,,169995,51,,,0,55,,169988,51,,,0,15,,169955,51,,,0,15,,169971,51,,,0,15,,169951,51,,,0,57,,169964,51,,,0,7,,170018,51,,,0,8,,169941,51,,,0,4,,170004,51,,,0,6,,169942,51,,,0,8,,169937,51,,,0,7,,169943,51,,,0,8,,169983,51,,,0,47,,169944,51,,,0,7,,170012,51,,,0,6,,169945,40,,,0,7,,169996,51,,,0,6,,169946,40,,,0,7,,169967,51,,,0,6,,169947,40,0,117,0,7,,169989,51,,,0,6,,170008,24,0,117,0,7,,169956,51,,,0,46,,170024,24,0,117,0,7,,169972,51,,,0,6,,170017,24,0,117,0,7,,169952,51,,,0,13,,169976,51,,,0,13,,170019,51,,,0,52,,170005,51,,,0,10,,169938,51,,,0,14,,169984,51,,,0,11,,170013,51,,,0,12,,169997,51,,,0,55,,169990,51,,,0,15,,169957,51,,,0,15,,169973,51,,,0,15,,169977,51,,,0,55,,170020,51,,,0,15,,170006,51,,,0,15,,169939,51,,,0,15,,170014,51,,,0,55,,169998,51,,,0,15,,169991,51,,,0,15,,169958,51,,,0,15,,169974,51,,,0,55,,169978,51,,,0,15,,170021,51,,,0,21,,170007,51,,,0,60,,170015,51,,,0,24,,169999,51,,,0,24,,169959,51,,,0,58,,169975,51,,,0,30,,170022,51,,,0,65,,170016,51,,,0,35,,170000,51,,,0
300,'pB3Sep30-Saturday',612,,170062,51,,,0,25,,170046,51,,,0,63,,170051,51,,,0,15,,170055,51,,,0,15,,170063,51,,,0,15,,170064,51,,,0,55,,170065,51,,,0,15,,170066,51,,,0,15,,170067,51,,,0,15,,170068,51,,,0,55,,170069,51,,,0,15,,170070,51,,,0,15,,170071,51,,,0,15,,170072,51,,,0,55,,170025,51,,,0,15,,170030,51,,,0,21,,170036,51,,,0,20,,170041,51,,,0,60,,170048,51,,,0,20,,170052,51,,,0,20,,170058,51,,,0,61,,170026,51,,,0,21,,170032,51,,,0,21,,170037,51,,,0,60,,170042,51,,,0,20,,170047,51,,,0,20,,170053,51,,,0,60,,170059,51,,,0,20,,170027,51,,,0,61,,170031,51,,,0,14,,170085,51,,,0,14,,170086,51,,,0,14,,170087,51,,,0,14,,170088,51,,,0,54,,170089,51,,,0,14,,170083,51,,,0,14,,170084,51,,,0,14,,170078,51,,,0,54,,170080,51,,,0,14,,170073,51,,,0,14,,170074,51,,,0,14,,170075,51,,,0,54,,170076,51,,,0,13,,170077,51,,,0,15,,170079,51,,,0,13,,170081,51,,,0,14,,170082,51,,,0,61,,170028,51,,,0,21,,170033,51,,,0,20,,170039,51,,,0,60,,170043,51,,,0,20,,170049,51,,,0,20,,170054,51,,,0,60,,170060,51,,,0,20,,170029,51,,,0,20,,170034,51,,,0,59,,170038,51,,,0,20,,170045,51,,,0,20,,170050,51,,,0,60,,170056,51,,,0,20,,170061,51,,,0,66,,170035,51,,,0,33,,170040,51,,,0,65,,170044,51,,,0,35,,170057,51,,,0
3201,'Saturday',638,,176071,42,,,0,70,,176095,42,,,0,30,,176083,42,,,0,21,,176072,42,,,0,70,,176096,42,,,0,30,,176084,42,,,0,70,,176073,42,,,0,30,,176097,42,,,0,70,,176085,42,,,0,30,,176074,42,,,0,70,,176098,42,,,0,30,,176086,42,,,0,70,,176075,42,,,0,30,,176099,42,,,0,70,,176087,42,,,0,30,,176076,42,,,0,70,,176100,42,,,0,30,,176088,42,,,0,70,,176077,42,,,0,30,,176101,42,,,0,70,,176089,42,,,0,30,,176078,42,,,0,70,,176102,42,,,0,30,,176090,42,,,0,70,,176079,42,,,0,30,,176103,42,,,0,70,,176091,42,,,0,30,,176080,42,,,0,67,,176104,42,,,0,29,,176092,42,,,0,66,,176081,42,,,0,30,,176105,42,,,0,70,,176093,42,,,0,30,,176082,42,,,0,70,,176106,42,,,0,30,,176094,42,,,0
3201,'Sunday',638,,176107,42,,,0,70,,176131,42,,,0,30,,176119,42,,,0,21,,176108,42,,,0,70,,176132,42,,,0,30,,176120,42,,,0,70,,176109,42,,,0,30,,176133,42,,,0,70,,176121,42,,,0,30,,176110,42,,,0,70,,176134,42,,,0,30,,176122,42,,,0,70,,176111,42,,,0,30,,176135,42,,,0,70,,176123,42,,,0,30,,176112,42,,,0,70,,176136,42,,,0,30,,176124,42,,,0,70,,176113,42,,,0,30,,176137,42,,,0,70,,176125,42,,,0,30,,176114,42,,,0,70,,176138,42,,,0,30,,176126,42,,,0,70,,176115,42,,,0,30,,176139,42,,,0,70,,176127,42,,,0,30,,176116,42,,,0,67,,176140,42,,,0,29,,176128,42,,,0,66,,176117,42,,,0,30,,176141,42,,,0,70,,176129,42,,,0,30,,176118,42,,,0,70,,176142,42,,,0,30,,176130,42,,,0
3201,'Weekday',559,,176151,42,,,0,59,,176171,42,,,0,21,,176143,42,,,0,19,,176159,42,,,0,56,,176173,42,,,0,15,,176175,42,,,0,15,,176152,42,,,0,15,,176172,42,,,0,55,,176144,42,,,0,16,,176176,42,,,0,15,,176160,42,,,0,55,,176174,42,,,0,17,,176153,42,,,0,30,,176145,42,,,0,69,,176161,42,,,0,30,,176154,42,,,0,70,,176146,42,,,0,30,,176162,42,,,0,69,,176155,42,,,0,30,,176147,42,,,0,70,,176163,42,,,0,30,,176156,42,,,0,70,,176148,42,,,0,30,,176164,42,,,0,55,,176177,42,,,0,18,,176157,42,,,0,17,,176189,42,,,0,17,,176149,42,,,0,57,,176183,42,,,0,17,,176165,42,,,0,17,,176192,42,,,0,15,,176178,42,,,0,56,,176158,42,,,0,15,,176190,42,,,0,14,,176150,42,,,0,15,,176184,42,,,0,55,,176166,42,,,0,17,,176179,42,,,0,70,,176191,42,,,0,29,,176185,42,,,0,27,,176167,42,,,0,67,,176180,42,,,0,27,,176186,42,,,0,67,,176168,42,,,0,28,,176181,42,,,0,68,,176187,42,,,0,28,,176169,42,,,0,68,,176182,42,,,0,28,,176188,42,,,0,68,,176170,42,,,0
3201,'pB3Sep30-Saturday',638,,176194,42,,,0,70,,176217,42,,,0,30,,176205,42,,,0,21,,176193,42,,,0,70,,176218,42,,,0,30,,176206,42,,,0,70,,176195,42,,,0,30,,176219,42,,,0,70,,176207,42,,,0,30,,176196,42,,,0,70,,176220,42,,,0,30,,176208,42,,,0,70,,176197,42,,,0,30,,176221,42,,,0,70,,176209,42,,,0,30,,176198,42,,,0,70,,176222,42,,,0,30,,176210,42,,,0,70,,176199,42,,,0,30,,176223,42,,,0,70,,176211,42,,,0,30,,176204,42,,,0,70,,176224,42,,,0,30,,176212,42,,,0,70,,176200,42,,,0,30,,176225,42,,,0,70,,176213,42,,,0,30,,176201,42,,,0,67,,176226,42,,,0,29,,176214,42,,,0,66,,176202,42,,,0,30,,176227,42,,,0,70,,176215,42,,,0,30,,176203,42,,,0,70,,176228,42,,,0,30,,176216,42,,,0
4701,'Saturday',549,,179276,47,,,0,77,,179256,47,,,0,77,,179266,47,,,0,37,,179277,47,,,0,77,,179257,47,,,0,37,,179267,47,,,0,77,,179278,47,,,0,77,,179258,47,,,0,37,,179268,47,,,0,77,,179279,47,,,0,37,,179259,47,,,0,77,,179269,47,,,0,77,,179280,47,,,0,37,,179260,47,,,0,77,,179270,47,,,0,77,,179281,47,,,0,37,,179261,47,,,0,77,,179271,47,,,0,37,,179282,47,,,0,77,,179262,47,,,0,77,,179272,47,,,0,37,,179283,47,,,0,77,,179263,47,,,0,77,,179273,47,,,0,37,,179284,47,,,0,77,,179264,47,,,0,37,,179274,47,,,0,77,,179285,47,,,0,77,,179265,47,,,0,37,,179275,47,,,0
4701,'Sunday',549,,179296,47,,,0,77,,179286,47,,,0,77,,179306,47,,,0,37,,179297,47,,,0,77,,179287,47,,,0,37,,179307,47,,,0,77,,179298,47,,,0,77,,179288,47,,,0,37,,179308,47,,,0,77,,179299,47,,,0,37,,179289,47,,,0,77,,179309,47,,,0,77,,179300,47,,,0,37,,179290,47,,,0,77,,179310,47,,,0,77,,179301,47,,,0,37,,179291,47,,,0,77,,179311,47,,,0,37,,179302,47,,,0,77,,179292,47,,,0,77,,179312,47,,,0,37,,179303,47,,,0,77,,179293,47,,,0,77,,179313,47,,,0,37,,179304,47,,,0,77,,179294,47,,,0,37,,179314,47,,,0,77,,179305,47,,,0,77,,179295,47,,,0,37,,179315,47,,,0
4701,'Weekday',549,,179341,47,,,0,55,,179352,47,,,0,17,,179316,47,,,0,17,,179318,47,,,0,19,,179327,47,,,0,60,,179329,47,,,0,17,,179339,47,,,0,17,,179342,47,,,0,57,,179353,47,,,0,17,,179317,47,,,0,17,,179319,47,,,0,4,,179367,47,,,0,13,,179328,47,,,0,58,,179330,47,,,0,15,,179340,47,,,0,15,,179343,47,,,0,63,,179354,47,,,0,29,,179320,47,,,0,69,,179331,47,,,0,29,,179344,47,,,0,69,,179355,47,,,0,29,,179321,47,,,0,69,,179332,47,,,0,29,,179345,47,,,0,69,,179356,47,,,0,29,,179322,47,,,0,69,,179333,47,,,0,32,,179346,47,,,0,27,,179357,47,,,0,58,,179365,47,,,0,17,,179323,47,,,0,17,,179362,47,,,0,57,,179334,47,,,0,17,,179364,47,,,0,17,,179347,47,,,0,17,,179358,47,,,0,55,,179366,47,,,0,15,,179324,47,,,0,14,,179363,47,,,0,60,,179335,47,,,0,29,,179348,47,,,0,69,,179359,47,,,0,29,,179325,47,,,0,29,,179336,47,,,0,69,,179349,47,,,0,29,,179360,47,,,0,68,,179326,47,,,0,22,,179337,47,,,0,75,,179350,47,,,0,35,,179361,47,,,0,75,,179338,47,,,0,75,,179351,47,,,0
4701,'pB3Sep30-Saturday',549,,179388,47,0,117,0,77,,179368,47,0,117,0,77,,179378,47,0,117,0,37,,179389,47,0,117,0,77,,179369,47,0,117,0,37,,179379,47,0,117,0,77,,179390,47,0,117,0,77,,179370,47,0,117,0,37,,179380,47,0,117,0,77,,179391,47,0,117,0,37,,179371,47,0,117,0,77,,179381,47,0,117,0,77,,179397,47,0,117,0,37,,179372,47,0,117,0,77,,179382,47,0,117,0,77,,179392,47,0,117,0,37,,179373,47,0,117,0,77,,179383,47,0,117,0,37,,179393,47,0,117,0,77,,179374,47,0,117,0,77,,179384,47,0,117,0,37,,179394,47,0,117,0,77,,179375,47,0,117,0,77,,179385,47,0,117,0,37,,179395,47,0,117,0,77,,179376,47,0,117,0,37,,179386,47,0,117,0,77,,179396,47,0,117,0,77,,179377,47,0,117,0,37,,179387,47,0,117,0
30100,'Saturday',657,,197042,10,,,0,59,,197056,10,,,0,16,,197068,10,,,0,16,,197081,10,,,0,56,,197094,10,,,0,16,,197043,10,,,0,16,,197055,10,,,0,16,,197069,10,,,0,56,,197082,10,,,0,16,,197095,10,,,0,16,,197044,10,,,0,16,,197057,10,,,0,58,,197070,10,,,0,18,,197083,10,,,0,16,,197097,10,,,0,56,,197045,10,,,0,16,,197058,10,,,0,16,,197072,10,,,0,16,,197084,10,,,0,56,,197096,10,,,0,20,,197046,10,,,0,16,,197059,10,,,0,56,,197071,10,,,0,16,,197085,10,,,0,16,,197098,10,,,0,16,,197047,10,,,0,56,,197061,10,,,0,16,,197073,10,,,0,16,,197086,10,,,0,16,,197099,10,,,0,56,,197049,10,,,0,16,,197060,10,,,0,16,,197076,10,,,0,16,,197087,10,,,0,56,,197100,10,,,0,16,,197050,10,,,0,16,,197062,10,,,0,56,,197074,10,,,0,16,,197088,10,,,0,16,,197101,10,,,0,16,,197051,10,,,0,56,,197063,10,,,0,16,,197075,10,,,0,15,,197089,10,,,0,13,,197102,10,,,0,56,,197048,10,,,0,15,,197064,10,,,0,16,,197077,10,,,0,16,,197090,10,,,0,56,,197103,10,,,0,16,,197052,10,,,0,16,,197065,10,,,0,15,,197078,10,,,0,56,,197092,10,,,0,16,,197104,10,,,0,16,,197054,10,,,0,16,,197066,10,,,0,55,,197079,10,,,0,16,,197091,10,,,0,16,,197105,10,,,0,56,,197053,10,,,0,16,,197067,10,,,0,16,,197080,10,,,0,16,,197093,10,,,0,55,,197106,10,,,0,15,,197108,10,,,0,20,,197041,10,,,0,65,,197107,10,,,0
30100,'Sunday',657,,197110,10,,,0,59,,197123,10,,,0,16,,197136,10,,,0,16,,197147,10,,,0,56,,197159,10,,,0,16,,197109,10,,,0,16,,197121,10,,,0,16,,197135,10,,,0,56,,197149,10,,,0,16,,197163,10,,,0,16,,197112,10,,,0,16,,197124,10,,,0,58,,197138,10,,,0,18,,197148,10,,,0,16,,197162,10,,,0,56,,197111,10,,,0,16,,197126,10,,,0,16,,197139,10,,,0,16,,197150,10,,,0,56,,197164,10,,,0,20,,197113,10,,,0,16,,197127,10,,,0,56,,197140,10,,,0,16,,197151,10,,,0,16,,197160,10,,,0,16,,197114,10,,,0,56,,197128,10,,,0,16,,197137,10,,,0,16,,197152,10,,,0,16,,197165,10,,,0,56,,197115,10,,,0,16,,197125,10,,,0,16,,197142,10,,,0,16,,197153,10,,,0,56,,197161,10,,,0,16,,197116,10,,,0,16,,197129,10,,,0,56,,197143,10,,,0,16,,197154,10,,,0,16,,197170,10,,,0,16,,197117,10,,,0,56,,197130,10,,,0,16,,197141,10,,,0,15,,197156,10,,,0,13,,197169,10,,,0,56,,197118,10,,,0,15,,197132,10,,,0,16,,197144,10,,,0,16,,197155,10,,,0,56,,197167,10,,,0,16,,197119,10,,,0,16,,197131,10,,,0,15,,197146,10,,,0,56,,197157,10,,,0,16,,197168,10,,,0,16,,197120,10,,,0,16,,197133,10,,,0,55,,197145,10,,,0,16,,197158,10,,,0,16,,197166,10,,,0,56,,197122,10,,,0,16,,197134,10,,,0,16,,197172,10,,,0,16,,197171,10,,,0,55,,197173,10,,,0,15,,197174,10,,,0,20,,197176,10,,,0,65,,197175,10,,,0
30100,'Weekday',540,,197192,10,,,0,60,,197177,10,,,0,20,,197183,10,,,0,20,,197203,10,,,0,60,,197205,10,,,0,5,,197251,10,,,0,5,,197207,10,,,0,5,,197253,10,,,0,5,,197193,10,,,0,2,,197289,10,,,0,3,,197254,10,,,0,5,,197218,10,,,0,5,,197252,10,,,0,5,,197178,10,,,0,5,,197249,10,,,0,5,,197184,10,,,0,5,,197255,10,,,0,45,,197223,10,,,0,5,,197250,10,,,0,7,,197204,10,,,0,8,,197227,10,,,0,10,,197206,10,,,0,10,,197208,10,,,0,5,,197266,10,,,0,5,,197194,10,,,0,50,,197217,10,,,0,10,,197179,10,,,0,14,,197269,10,,,0,14,,197270,10,,,0,14,,197277,10,,,0,54,,197286,10,,,0,14,,197272,10,,,0,14,,197280,10,,,0,14,,197275,10,,,0,54,,197287,10,,,0,14,,197279,10,,,0,14,,197285,10,,,0,14,,197274,10,,,0,14,,197281,10,,,0,54,,197276,10,,,0,14,,197288,10,,,0,14,,197278,10,,,0,14,,197284,10,,,0,54,,197273,10,,,0,14,,197282,10,,,0,14,,197283,10,,,0,15,,197271,10,,,0,53,,197228,10,,,0,14,,197209,10,,,0,12,,197195,10,,,0,12,,197219,10,,,0,12,,197180,10,,,0,52,,197185,10,,,0,10,,197242,10,,,0,10,,197224,10,,,0,5,,197244,10,,,0,5,,197229,10,,,0,5,,197246,10,,,0,5,,197210,10,,,0,5,,197245,10,,,0,6,,197237,10,,,0,45,,197267,10,,,0,6,,197197,10,,,0,5,,197268,10,,,0,6,,197221,10,,,0,5,,197291,10,,,0,5,,197181,10,,,0,5,,197247,10,,,0,5,,197186,10,,,0,2,,197263,7,,,0,3,,197243,10,,,0,5,,197238,10,,,0,5,,197248,10,,,0,5,,197225,10,,,0,45,,197257,10,,,0,5,,197230,10,,,0,5,,197258,10,,,0,5,,197240,10,,,0,4,,197256,10,,,0,5,,197212,10,,,0,4,,197259,10,,,0,5,,197239,10,,,0,5,,197260,10,,,0,5,,197196,10,,,0,5,,197264,10,,,0,5,,197220,10,,,0,45,,197265,10,,,0,2,,197290,10,,,0,3,,197182,10,,,0,10,,197187,10,,,0,10,,197236,10,,,0,10,,197226,10,,,0,8,,197231,10,,,0,10,,197241,10,,,0,52,,197211,10,,,0,12,,197198,10,,,0,12,,197222,10,,,0,12,,197189,10,,,0,60,,197232,10,,,0,20,,197213,10,,,0,20,,197199,10,,,0,60,,197188,10,,,0,20,,197233,10,,,0,20,,197214,10,,,0,60,,197200,10,,,0,20,,197190,10,,,0,20,,197234,10,,,0,60,,197215,10,,,0,20,,197201,10,,,0,22,,197191,10,,,0,61,,197235,10,,,0,19,,197216,10,,,0,18,,197202,10,,,0,65,,197262,10,,,0,35,,197261,10,,,0
30100,'Weekday1111000',1616,,197292,5,,,0
30100,'pB3Sep30-Saturday',555,,197361,10,,,0,57,,197362,10,,,0,16,,197364,10,,,0,16,,197363,10,,,0,56,,197295,10,,,0,8,,197365,10,,,0,8,,197308,10,,,0,8,,197366,10,,,0,8,,197320,10,,,0,8,,197367,10,,,0,8,,197333,10,,,0,8,,197368,10,,,0,48,,197346,10,,,0,8,,197369,10,,,0,8,,197294,10,,,0,8,,197370,10,,,0,8,,197307,10,,,0,16,,197321,10,,,0,56,,197334,10,,,0,16,,197347,10,,,0,16,,197296,10,,,0,16,,197309,10,,,0,58,,197322,10,,,0,18,,197335,10,,,0,16,,197349,10,,,0,56,,197297,10,,,0,16,,197310,10,,,0,16,,197324,10,,,0,16,,197336,10,,,0,56,,197348,10,,,0,20,,197298,10,,,0,16,,197311,10,,,0,56,,197323,10,,,0,16,,197337,10,,,0,16,,197350,10,,,0,16,,197299,10,,,0,56,,197313,10,,,0,16,,197325,10,,,0,16,,197338,10,,,0,16,,197351,10,,,0,48,,197371,10,,,0,8,,197301,10,,,0,8,,197372,10,,,0,8,,197312,10,,,0,8,,197373,10,,,0,8,,197328,10,,,0,8,,197374,10,,,0,8,,197339,10,,,0,48,,197375,10,,,0,8,,197353,10,,,0,8,,197376,10,,,0,8,,197302,10,,,0,8,,197377,10,,,0,8,,197314,10,,,0,8,,197378,10,,,0,48,,197326,10,,,0,8,,197379,10,,,0,8,,197340,10,,,0,8,,197380,10,,,0,8,,197352,10,,,0,8,,197381,10,,,0,8,,197303,10,,,0,8,,197382,10,,,0,48,,197315,10,,,0,8,,197383,10,,,0,8,,197327,10,,,0,8,,197384,10,,,0,7,,197341,10,,,0,7,,197385,10,,,0,6,,197354,10,,,0,56,,197300,10,,,0,15,,197316,10,,,0,16,,197329,10,,,0,16,,197342,10,,,0,56,,197355,10,,,0,16,,197304,10,,,0,16,,197317,10,,,0,15,,197330,10,,,0,56,,197344,10,,,0,16,,197356,10,,,0,16,,197306,10,,,0,16,,197318,10,,,0,55,,197331,10,,,0,16,,197343,10,,,0,16,,197357,10,,,0,56,,197305,10,,,0,16,,197319,10,,,0,16,,197332,10,,,0,16,,197345,10,,,0,55,,197358,10,,,0,15,,197360,10,,,0,20,,197293,10,,,0,65,,197359,10,,,0
50000,'Saturday',508,,200345,13,,,0,30,,200356,13,,,0,70,,200364,13,,,0,30,,200347,13,,,0,71,,200355,13,,,0,31,,200363,13,,,0,71,,200346,13,,,0,32,,200357,13,,,0,73,,200365,13,,,0,33,,200348,13,,,0,74,,200359,13,,,0,33,,200366,13,,,0,73,,200349,13,,,0,73,,200358,13,,,0,33,,200367,13,,,0,73,,200351,13,,,0,33,,200369,13,,,0,73,,200352,13,,,0,33,,200360,13,,,0,73,,200368,13,,,0,33,,200350,13,,,0,73,,200361,13,,,0,33,,200370,13,,,0,73,,200354,13,,,0,73,,200371,13,,,0,33,,200353,13,,,0,73,,200362,13,,,0,33,,200372,13,,,0,73,,200373,13,,,0,33,,200374,13,,,0,72,,200375,13,,,0,31,,200376,13,,,0,72,,200377,13,,,0,32,,200379,13,,,0,72,,200378,13,,,0,72,,200380,13,,,0
50000,'Sunday',508,,200421,13,,,0,30,,200422,13,,,0,70,,200420,13,,,0,30,,200419,13,,,0,71,,200417,13,,,0,31,,200418,13,,,0,71,,200415,13,,,0,32,,200416,13,,,0,73,,200414,13,,,0,33,,200413,13,,,0,74,,200411,13,,,0,33,,200412,13,,,0,73,,200408,13,,,0,73,,200410,13,,,0,33,,200409,13,,,0,73,,200407,13,,,0,33,,200405,13,,,0,73,,200406,13,,,0,33,,200404,13,,,0,73,,200402,13,,,0,33,,200400,13,,,0,73,,200401,13,,,0,33,,200403,13,,,0,73,,200397,13,,,0,73,,200399,13,,,0,33,,200396,13,,,0,73,,200398,13,,,0,33,,200393,13,,,0,73,,200394,13,,,0,33,,200395,13,,,0,72,,200391,13,,,0,31,,200392,13,,,0,72,,200387,13,,,0,32,,200388,13,,,0,72,,200385,13,,,0,72,,200389,13,,,0
50000,'Weekday',454,,200424,13,,,0,63,,200458,13,,,0,23,,200459,13,,,0,62,,200460,13,,,0,21,,200462,13,,,0,23,,200463,13,,,0,65,,200464,13,,,0,23,,200461,13,,,0,71,,200465,13,,,0,26,,200466,13,,,0,26,,200467,13,,,0,66,,200468,13,,,0,28,,200469,13,,,0,64,,200470,13,,,0,25,,200471,13,,,0,65,,200442,13,,,0,27,,200432,13,,,0,26,,200443,13,,,0,65,,200447,13,,,0,25,,200433,13,,,0,66,,200444,13,,,0,26,,200448,13,,,0,67,,200434,13,,,0,28,,200445,13,,,0,67,,200452,13,,,0,26,,200435,13,,,0,27,,200455,13,,,0,69,,200446,13,,,0,29,,200456,13,,,0,67,,200437,13,,,0,28,,200427,13,,,0,65,,200453,13,,,0,24,,200436,13,,,0,64,,200454,13,,,0,24,,200472,13,,,0,24,,200457,13,,,0,64,,200429,13,,,0,24,,200439,13,,,0,64,,200428,13,,,0,22,,200449,13,,,0,24,,200440,13,,,0,64,,200430,13,,,0,24,,200450,13,,,0,23,,200441,13,,,0,63,,200431,13,,,0,24,,200451,13,,,0,64,,200438,13,,,0,23,,200426,13,,,0,23,,200473,13,,,0
50000,'pB3Sep30-Saturday',508,,200476,13,,,0,30,,200487,13,,,0,70,,200495,13,,,0,30,,200478,13,,,0,71,,200486,13,,,0,31,,200494,13,,,0,71,,200477,13,,,0,32,,200488,13,,,0,73,,200496,13,,,0,33,,200479,13,,,0,74,,200490,13,,,0,33,,200497,13,,,0,73,,200480,13,,,0,73,,200489,13,,,0,33,,200498,13,,,0,73,,200482,13,,,0,33,,200500,13,,,0,73,,200483,13,,,0,33,,200491,13,,,0,73,,200499,13,,,0,33,,200481,13,,,0,73,,200492,13,,,0,33,,200501,13,,,0,73,,200485,13,,,0,73,,200502,13,,,0,33,,200484,13,,,0,73,,200493,13,,,0,33,,200503,13,,,0,73,,200505,13,,,0,33,,200506,13,,,0,72,,200504,13,,,0,31,,200507,13,,,0,72,,200508,13,,,0,32,,200510,13,,,0,72,,200509,13,,,0,72,,200511,13,,,0
50300,'Saturday',611,,200672,8,,,0,37,,200674,8,,,0,77,,200673,8,,,0,77,,200683,8,,,0,37,,200686,8,,,0,77,,200677,8,,,0,37,,200684,8,,,0,78,,200675,8,,,0,77,,200679,8,,,0,37,,200682,8,,,0,77,,200681,8,,,0,37,,200680,8,,,0,77,,200685,8,,,0,77,,200676,8,,,0,37,,200678,8,,,0,77,,200688,8,,,0,77,,200687,8,,,0,37,,200689,8,,,0,77,,200693,8,,,0,37,,200690,8,,,0,77,,200691,8,,,0,76,,200692,8,,,0,37,,200695,8,,,0,77,,200694,8,,,0,37,,200697,8,,,0,77,,200696,8,,,0,77,,200698,8,,,0
50300,'Sunday',611,,200710,8,,,0,37,,200713,8,,,0,77,,200701,8,,,0,77,,200711,8,,,0,37,,200716,8,,,0,77,,200703,8,,,0,37,,200712,8,,,0,78,,200700,8,,,0,77,,200705,8,,,0,37,,200709,8,,,0,77,,200708,8,,,0,37,,200707,8,,,0,77,,200715,8,,,0,77,,200702,8,,,0,37,,200704,8,,,0,77,,200714,8,,,0,77,,200699,8,,,0,37,,200706,8,,,0,77,,200717,8,,,0,37,,200718,8,,,0,77,,200719,8,,,0,76,,200721,8,,,0,37,,200720,8,,,0,77,,200722,8,,,0,37,,200723,8,,,0,77,,200724,8,,,0,77,,200725,8,,,0
50300,'Weekday',612,,200726,8,,,0,32,,200728,8,,,0,56,,200732,8,,,0,16,,200730,8,,,0,16,,200731,8,,,0,16,,200734,8,,,0,56,,200727,8,,,0,16,,200735,8,,,0,16,,200729,8,,,0,16,,200733,8,,,0,55,,200740,8,,,0,24,,200742,8,,,0,28,,200736,8,,,0,68,,200739,8,,,0,28,,200741,8,,,0,68,,200743,8,,,0,28,,200737,8,,,0,68,,200738,8,,,0,28,,200744,8,,,0,68,,200749,8,,,0,28,,200745,8,,,0,68,,200747,8,,,0,28,,200748,8,,,0,69,,200750,8,,,0,16,,200751,8,,,0,16,,200746,8,,,0,16,,200752,8,,,0,56,,200755,8,,,0,16,,200756,8,,,0,16,,200761,8,,,0,56,,200758,8,,,0,16,,200759,8,,,0,16,,200753,8,,,0,16,,200760,8,,,0,56,,200754,8,,,0,15,,200757,8,,,0,16,,200762,8,,,0,21,,200767,8,,,0,68,,200763,8,,,0,28,,200764,8,,,0,68,,200765,8,,,0,28,,200766,8,,,0,67,,200768,8,,,0,28,,200770,8,,,0,68,,200769,8,,,0
50300,'pB3Sep30-Saturday',611,,200771,8,,,0,37,,200773,8,,,0,77,,200772,8,,,0,77,,200782,8,,,0,37,,200785,8,,,0,77,,200776,8,,,0,37,,200783,8,,,0,78,,200774,8,,,0,77,,200778,8,,,0,37,,200781,8,,,0,77,,200780,8,,,0,37,,200779,8,,,0,77,,200784,8,,,0,77,,200775,8,,,0,37,,200777,8,,,0,77,,200787,8,,,0,77,,200786,8,,,0,37,,200788,8,,,0,77,,200792,8,,,0,37,,200789,8,,,0,77,,200790,8,,,0,76,,200791,8,,,0,37,,200794,8,,,0,77,,200793,8,,,0,37,,200796,8,,,0,77,,200795,8,,,0,77,,200797,8,,,0
