4200,'Saturday',625,,177975,36,,,0,80,,177979,36,,,0,39,,177980,36,,,0,79,,177977,36,,,0,79,,177981,36,,,0,39,,177978,36,,,0,81,,177976,36,,,0,85,,177982,36,,,0,45,,177984,36,,,0,85,,177985,36,,,0,85,,177986,36,,,0,85,,177983,36,,,0,45,,177987,36,,,0,85,,177988,36,,,0,85,,177990,36,,,0,85,,177991,36,,,0,45,,177992,36,,,0,84,,177989,36,,,0,84,,177994,36,,,0,83,,177995,36,,,0,43,,177997,36,,,0,80,,177993,36,,,0,80,,177996,36,,,0,40,,177998,36,,,0,80,,177999,36,,,0,80,,178000,36,,,0,40,,177973,36,,,0,80,,177974,36,,,0
4200,'Sunday',625,,178002,36,,,0,80,,178004,36,,,0,39,,178005,36,,,0,79,,178001,36,,,0,79,,178006,36,,,0,39,,178003,36,,,0,81,,178007,36,,,0,85,,178008,36,,,0,45,,178009,36,,,0,85,,178010,36,,,0,85,,178011,36,,,0,85,,178013,36,,,0,45,,178014,36,,,0,85,,178015,36,,,0,85,,178012,36,,,0,85,,178016,36,,,0,45,,178017,36,,,0,84,,178026,36,,,0,84,,178018,36,,,0,83,,178019,36,,,0,43,,178020,36,,,0,80,,178021,36,,,0,80,,178023,36,,,0,40,,178024,36,,,0,80,,178027,36,,,0,80,,178025,36,,,0,40,,178028,36,,,0,80,,178022,36,,,0
4200,'Weekday',512,,178030,36,,,0,20,,178031,36,,,0,22,,178036,36,,,0,60,,178032,36,,,0,13,,178086,36,,,0,13,,178039,36,,,0,15,,178057,36,,,0,53,,178087,36,,,0,13,,178041,36,,,0,16,,178058,36,,,0,14,,178042,36,,,0,55,,178088,36,,,0,11,,178096,36,,,0,11,,178059,36,,,0,12,,178089,36,,,0,7,,178061,36,,,0,5,,178082,36,,,0,53,,178029,36,,,0,18,,178043,36,,,0,14,,178090,36,,,0,13,,178062,36,,,0,61,,178040,36,,,0,23,,178063,36,,,0,23,,178044,36,,,0,63,,178060,36,,,0,23,,178045,36,,,0,63,,178064,36,,,0,23,,178046,36,,,0,23,,178065,36,,,0,63,,178047,36,,,0,23,,178048,36,,,0,63,,178067,36,,,0,26,,178049,36,,,0,25,,178051,36,,,0,66,,178068,36,,,0,10,,178093,36,,,0,7,,178083,36,,,0,10,,178052,36,,,0,9,,178085,36,,,0,52,,178069,36,,,0,16,,178094,36,,,0,11,,178053,36,,,0,12,,178081,36,,,0,12,,178066,36,,,0,53,,178095,36,,,0,12,,178050,36,,,0,11,,178084,36,,,0,11,,178071,36,,,0,13,,178091,36,,,0,52,,178054,36,,,0,20,,178092,36,,,0,23,,178055,36,,,0,63,,178072,36,,,0,23,,178056,36,,,0,63,,178033,36,,,0,23,,178070,36,,,0,23,,178074,36,,,0,63,,178035,36,,,0,23,,178075,36,,,0,22,,178037,36,,,0,63,,178073,36,,,0,22,,178034,36,,,0,61,,178076,36,,,0,23,,178038,36,,,0,23,,178077,36,,,0,79,,178078,36,,,0,79,,178079,36,,,0,39,,178080,36,,,0
4200,'Weekday0000100',1345,,178097,36,,,0,73,,178098,36,,,0
4200,'Weekday1111000',1505,,178099,36,,,0
4200,'pB3Sep30-Saturday',625,,178102,36,,,0,80,,178106,36,,,0,39,,178107,36,,,0,79,,178104,36,,,0,79,,178108,36,,,0,39,,178105,36,,,0,81,,178103,36,,,0,85,,178109,36,,,0,45,,178111,36,,,0,85,,178112,36,,,0,85,,178113,36,,,0,85,,178110,36,,,0,45,,178114,36,,,0,85,,178115,36,,,0,85,,178117,36,,,0,85,,178118,36,,,0,45,,178119,36,,,0,84,,178116,36,,,0,84,,178121,36,,,0,83,,178122,36,,,0,43,,178124,36,,,0,80,,178120,36,,,0,80,,178123,36,,,0,40,,178125,36,,,0,80,,178126,36,,,0,80,,178127,36,,,0,40,,178100,36,,,0,80,,178101,36,,,0
4300,'Saturday',605,,178132,51,,,0,24,,178131,51,,,0,24,,178133,51,,,0,64,,178135,51,,,0,24,,178136,51,,,0,64,,178137,51,,,0,24,,178134,51,,,0,24,,178138,51,,,0,64,,178140,51,,,0,25,,178139,51,,,0,66,,178141,51,,,0,26,,178144,51,,,0,19,,178142,51,,,0,59,,178143,51,,,0,21,,178145,51,,,0,21,,178146,51,,,0,59,,178147,51,,,0,19,,178151,51,,,0,20,,178148,51,,,0,61,,178149,51,,,0,20,,178150,51,,,0,20,,178152,51,,,0,61,,178156,51,,,0,21,,178157,51,,,0,20,,178154,51,,,0,60,,178153,51,,,0,20,,178155,51,,,0,20,,178163,51,,,0,60,,178164,51,,,0,20,,178162,51,,,0,21,,178159,51,,,0,61,,178161,51,,,0,20,,178160,51,,,0,20,,178158,51,,,0,60,,178169,51,,,0,20,,178165,51,,,0,20,,178167,51,,,0,59,,178172,51,,,0,18,,178168,51,,,0,18,,178170,51,,,0,60,,178166,51,,,0,19,,178171,51,,,0,20,,178173,51,,,0,59,,178174,51,,,0,19,,178176,51,,,0,30,,178177,51,,,0,70,,178175,51,,,0,30,,178178,51,,,0,70,,178179,51,,,0,30,,178180,51,,,0,70,,178181,51,,,0,30,,178182,51,,,0
4300,'Sunday',605,,178183,51,,,0,24,,178184,51,,,0,24,,178185,51,,,0,64,,178186,51,,,0,24,,178187,51,,,0,64,,178188,51,,,0,24,,178189,51,,,0,24,,178190,51,,,0,64,,178191,51,,,0,25,,178192,51,,,0,66,,178193,51,,,0,26,,178194,51,,,0,19,,178195,51,,,0,59,,178196,51,,,0,21,,178197,51,,,0,21,,178198,51,,,0,59,,178199,51,,,0,19,,178200,51,,,0,20,,178201,51,,,0,61,,178202,51,,,0,20,,178203,51,,,0,20,,178204,51,,,0,61,,178205,51,,,0,21,,178206,51,,,0,20,,178207,51,,,0,60,,178208,51,,,0,20,,178209,51,,,0,20,,178210,51,,,0,60,,178237,51,,,0,20,,178211,51,,,0,21,,178212,51,,,0,61,,178213,51,,,0,20,,178214,51,,,0,20,,178215,51,,,0,60,,178216,51,,,0,20,,178217,51,,,0,20,,178218,51,,,0,59,,178219,51,,,0,18,,178220,51,,,0,18,,178221,51,,,0,60,,178222,51,,,0,19,,178223,51,,,0,20,,178224,51,,,0,59,,178225,51,,,0,19,,178226,51,,,0,30,,178227,51,,,0,70,,178228,51,,,0,30,,178229,51,,,0,70,,178230,51,,,0,30,,178231,51,,,0,70,,178232,51,,,0,30,,178233,51,,,0
4300,'Weekday',432,,178241,3,,,0,22,,178242,3,,,0,54,,178240,51,,,0,23,,178238,51,,,0,23,,178243,51,,,0,64,,178247,51,,,0,22,,178248,51,,,0,62,,178249,51,,,0,17,,178250,51,,,0,15,,178253,51,,,0,14,,178252,51,,,0,9,,178251,51,,,0,50,,178254,51,,,0,10,,178259,51,,,0,10,,178257,51,,,0,9,,178258,51,,,0,13,,178255,51,,,0,53,,178256,51,,,0,13,,178261,51,,,0,12,,178260,51,,,0,14,,178264,51,,,0,16,,178265,51,,,0,61,,178266,51,,,0,21,,178267,51,,,0,62,,178268,51,,,0,22,,178269,51,,,0,19,,178270,51,,,0,59,,178263,51,,,0,18,,178262,51,,,0,18,,178273,51,,,0,19,,178272,51,,,0,60,,178271,51,,,0,20,,178278,51,,,0,20,,178279,51,,,0,50,,178244,51,,,0,10,,178277,51,,,0,11,,178245,51,,,0,10,,178276,51,,,0,10,,178239,51,,,0,10,,178274,51,,,0,50,,178246,51,,,0,11,,178275,51,,,0,12,,178283,51,,,0,13,,178281,51,,,0,14,,178280,51,,,0,52,,178284,51,,,0,12,,178286,51,,,0,13,,178285,51,,,0,13,,178282,51,,,0,53,,178287,51,,,0,12,,178288,51,,,0,12,,178289,51,,,0,12,,178290,51,,,0,11,,178295,51,,,0,12,,178296,51,,,0,52,,178292,51,,,0,11,,178293,51,,,0,13,,178291,51,,,0,16,,178294,51,,,0,61,,178298,51,,,0,21,,178300,51,,,0,20,,178301,51,,,0,56,,178299,51,,,0,16,,178302,51,,,0,18,,178297,51,,,0,59,,178305,51,,,0,18,,178304,51,,,0,18,,178303,51,,,0,20,,178306,51,,,0,59,,178307,51,,,0,19,,178308,51,,,0,23,,178309,51,,,0,70,,178310,51,,,0,30,,178311,51,,,0,70,,178313,51,,,0,30,,178312,51,,,0
4300,'pB3Sep30-Saturday',605,,178317,51,,,0,16,,178351,51,,,0,16,,178352,51,,,0,16,,178353,51,,,0,56,,178354,51,,,0,16,,178355,51,,,0,16,,178356,51,,,0,16,,178357,51,,,0,56,,178358,51,,,0,16,,178359,51,,,0,16,,178360,51,,,0,56,,178361,51,,,0,16,,178362,51,,,0,16,,178350,51,,,0,17,,178349,51,,,0,63,,178318,51,,,0,21,,178321,51,,,0,19,,178320,51,,,0,59,,178319,51,,,0,21,,178322,51,,,0,21,,178323,51,,,0,59,,178324,51,,,0,19,,178328,51,,,0,20,,178325,51,,,0,61,,178326,51,,,0,20,,178327,51,,,0,20,,178329,51,,,0,61,,178330,51,,,0,21,,178331,51,,,0,16,,178375,51,,,0,56,,178376,51,,,0,16,,178377,51,,,0,16,,178363,51,,,0,16,,178364,51,,,0,56,,178367,51,,,0,16,,178365,51,,,0,16,,178368,51,,,0,16,,178372,51,,,0,56,,178369,51,,,0,16,,178366,51,,,0,16,,178371,51,,,0,57,,178370,51,,,0,17,,178374,51,,,0,17,,178373,51,,,0,19,,178333,51,,,0,59,,178337,51,,,0,18,,178334,51,,,0,18,,178335,51,,,0,60,,178332,51,,,0,19,,178336,51,,,0,20,,178338,51,,,0,59,,178339,51,,,0,19,,178341,51,,,0,30,,178342,51,,,0,70,,178340,51,,,0,30,,178343,51,,,0,70,,178344,51,,,0,30,,178345,51,,,0,70,,178346,51,,,0,30,,178347,51,,,0
8701,'Saturday',621,,186586,25,,,0,30,,186607,25,,,0,70,,186595,25,,,0,30,,186587,25,,,0,70,,186608,25,,,0,31,,186596,25,,,0,70,,186588,25,,,0,30,,186609,25,,,0,70,,186597,25,,,0,30,,186589,25,,,0,70,,186610,25,,,0,30,,186598,25,,,0,70,,186590,25,,,0,30,,186611,25,,,0,70,,186599,25,,,0,30,,186591,25,,,0,70,,186612,25,,,0,30,,186601,25,,,0,70,,186592,25,,,0,30,,186613,25,,,0,70,,186600,25,,,0,30,,186593,25,,,0,70,,186614,25,,,0,30,,186603,25,,,0,70,,186594,25,,,0,30,,186602,25,,,0,70,,186615,25,,,0,30,,186620,25,,,0,70,,186604,25,,,0,30,,186616,25,,,0,70,,186619,25,,,0,30,,186605,25,,,0,70,,186617,25,,,0,30,,186621,25,,,0,70,,186606,25,,,0,30,,186618,25,,,0,70,,186622,25,,,0
8701,'Sunday',621,,186623,25,,,0,30,,186648,25,,,0,70,,186636,25,,,0,30,,186624,25,,,0,70,,186649,25,,,0,31,,186637,25,,,0,70,,186625,25,,,0,30,,186650,25,,,0,70,,186638,25,,,0,30,,186626,25,,,0,70,,186651,25,,,0,30,,186639,25,,,0,70,,186627,25,,,0,30,,186652,25,,,0,70,,186641,25,,,0,30,,186628,25,,,0,70,,186653,25,,,0,30,,186640,25,,,0,70,,186629,25,,,0,30,,186654,25,,,0,70,,186642,25,,,0,30,,186630,25,,,0,70,,186655,25,,,0,30,,186643,25,,,0,70,,186631,25,,,0,30,,186656,25,,,0,70,,186644,25,,,0,30,,186632,25,,,0,70,,186657,25,,,0,30,,186645,25,,,0,70,,186633,25,,,0,30,,186658,25,,,0,70,,186646,25,,,0,30,,186634,25,,,0,70,,186659,25,,,0,30,,186647,25,,,0,70,,186635,25,,,0
8701,'Weekday',521,,186683,25,,,0,30,,186660,25,,,0,70,,186684,25,,,0,30,,186661,25,,,0,70,,186685,25,,,0,30,,186687,25,,,0,73,,186662,25,,,0,13,,186699,25,,,0,17,,186686,25,,,0,70,,186688,25,,,0,30,,186663,25,,,0,70,,186673,25,,,0,30,,186689,25,,,0,70,,186665,25,,,0,30,,186674,25,,,0,70,,186690,25,,,0,30,,186666,25,,,0,70,,186675,25,,,0,30,,186691,25,,,0,70,,186664,25,,,0,30,,186676,25,,,0,74,,186692,25,,,0,31,,186667,25,,,0,71,,186677,25,,,0,71,,186693,25,,,0,32,,186668,25,,,0,70,,186678,25,,,0,31,,186694,25,,,0,72,,186669,25,,,0,29,,186679,25,,,0,69,,186696,25,,,0,30,,186670,25,,,0,70,,186680,25,,,0,29,,186695,25,,,0,68,,186671,25,,,0,28,,186681,25,,,0,28,,186697,25,,,0,69,,186672,25,,,0,28,,186682,25,,,0,69,,186698,25,,,0
8701,'Weekday0000100',1507,,186700,25,,,0
8701,'Weekday1111000',1620,,186701,25,,,0
8701,'pB3Sep30-Saturday',621,,186702,25,,,0,30,,186723,25,,,0,70,,186711,25,,,0,30,,186703,25,,,0,70,,186724,25,,,0,31,,186712,25,,,0,70,,186704,25,,,0,30,,186725,25,,,0,70,,186713,25,,,0,30,,186705,25,,,0,70,,186726,25,,,0,30,,186714,25,,,0,70,,186706,25,,,0,30,,186727,25,,,0,70,,186715,25,,,0,30,,186707,25,,,0,70,,186728,25,,,0,30,,186717,25,,,0,70,,186708,25,,,0,30,,186729,25,,,0,70,,186716,25,,,0,30,,186709,25,,,0,70,,186730,25,,,0,30,,186719,25,,,0,70,,186710,25,,,0,30,,186718,25,,,0,70,,186731,25,,,0,30,,186736,25,,,0,70,,186720,25,,,0,30,,186732,25,,,0,70,,186735,25,,,0,30,,186721,25,,,0,70,,186733,25,,,0,30,,186737,25,,,0,70,,186722,25,,,0,30,,186734,25,,,0,70,,186738,25,,,0
13500,'Weekday',548,,192912,24,,,0,62,,192911,24,,,0,22,,192916,24,,,0,23,,192913,24,,,0,63,,192919,24,,,0,24,,192914,24,,,0,63,,192917,24,,,0,23,,192915,24,,,0,22,,192918,24,,,0,62,,192932,24,,,0,22,,192930,24,,,0,579,,192920,24,,,0,24,,192925,24,,,0,64,,192921,24,,,0,24,,192926,24,,,0,24,,192923,24,,,0,64,,192927,24,,,0,23,,192922,24,,,0,64,,192928,24,,,0,22,,192924,24,,,0,23,,192931,24,0,207 12 108 1 208 209,0,63,,192929,24,,,0
