9201,'Saturday',635,,187549,4,,,0,85,,187535,4,,,0,85,,187539,4,,,0,45,,187544,4,,,0,86,,187550,4,,,0,85,,187534,4,,,0,85,,187540,4,,,0,45,,187545,4,,,0,85,,187551,4,,,0,85,,187536,4,,,0,85,,187541,4,,,0,45,,187546,4,,,0,85,,187552,4,,,0,85,,187537,4,,,0,86,,187543,4,,,0,45,,187547,4,,,0,85,,187553,4,,,0,85,,187538,4,,,0,85,,187542,4,,,0,43,,187548,4,,,0,82,,187554,4,,,0,85,,187555,4,,,0
9201,'Sunday',636,,187571,4,,,0,85,,187556,4,,,0,85,,187561,4,,,0,45,,187566,4,,,0,85,,187572,4,,,0,85,,187557,4,,,0,85,,187562,4,,,0,45,,187568,4,,,0,85,,187573,4,,,0,85,,187559,4,,,0,85,,187563,4,,,0,45,,187567,4,,,0,85,,187574,4,,,0,85,,187558,4,,,0,85,,187564,4,,,0,45,,187569,4,,,0,85,,187575,4,,,0,85,,187560,4,,,0,85,,187565,4,,,0,45,,187570,4,,,0,82,,187576,4,,,0
9201,'Weekday',512,,187582,4,,,0,31,,187588,4,,,0,71,,187606,4,,,0,31,,187594,4,,,0,70,,187610,4,,,0,30,,187598,4,,,0,71,,187583,4,,,0,31,,187589,4,,,0,71,,187607,4,,,0,31,,187595,4,,,0,71,,187602,4,,,0,31,,187599,4,,,0,71,,187584,4,,,0,31,,187590,4,,,0,71,,187608,4,,,0,31,,187596,4,,,0,71,,187593,4,,,0,31,,187600,4,,,0,71,,187585,4,,,0,31,,187591,4,,,0,70,,187609,4,,,0,71,,187597,4,,,0,31,,187587,4,,,0,71,,187601,4,,,0,31,,187586,4,,,0,71,,187592,4,,,0,29,,187577,4,,,0,85,,187579,4,,,0,85,,187604,4,,,0,45,,187603,4,,,0,84,,187578,4,,,0,85,,187580,4,,,0,85,,187605,4,,,0,41,,187581,4,,,0
9201,'pB3Sep30-Saturday',635,,187626,4,,,0,85,,187612,4,,,0,85,,187616,4,,,0,45,,187621,4,,,0,86,,187627,4,,,0,85,,187611,4,,,0,85,,187617,4,,,0,45,,187622,4,,,0,85,,187628,4,,,0,85,,187613,4,,,0,85,,187618,4,,,0,45,,187623,4,,,0,85,,187629,4,,,0,85,,187614,4,,,0,86,,187620,4,,,0,45,,187624,4,,,0,85,,187630,4,,,0,85,,187615,4,,,0,85,,187619,4,,,0,43,,187625,4,,,0,82,,187631,4,,,0,85,,187632,4,,,0
9601,'Saturday',517,,188193,4,,,0,85,,188176,4,,,0,45,,188182,4,,,0,85,,188187,4,,,0,85,,188194,4,,,0,85,,188177,4,,,0,45,,188183,4,,,0,85,,188189,4,,,0,85,,188195,4,,,0,85,,188178,4,,,0,45,,188184,4,,,0,85,,188191,4,,,0,85,,188196,4,,,0,85,,188179,4,,,0,45,,188185,4,,,0,85,,188190,4,,,0,85,,188197,4,,,0,85,,188181,4,,,0,45,,188186,4,,,0,85,,188192,4,,,0,85,,188198,4,,,0,85,,188180,4,,,0,41,,188188,4,,,0,75,,188199,4,,,0
9601,'Sunday',517,,188217,4,,,0,85,,188200,4,,,0,45,,188206,4,,,0,85,,188211,4,,,0,85,,188218,4,,,0,85,,188201,4,,,0,45,,188207,4,,,0,85,,188213,4,,,0,85,,188219,4,,,0,85,,188202,4,,,0,45,,188208,4,,,0,85,,188214,4,,,0,85,,188220,4,,,0,85,,188203,4,,,0,45,,188209,4,,,0,85,,188215,4,,,0,85,,188221,4,,,0,85,,188204,4,,,0,45,,188210,4,,,0,85,,188216,4,,,0,85,,188222,4,,,0,85,,188205,4,,,0,41,,188212,4,,,0
9601,'Weekday',548,,188256,4,,,0,71,,188241,4,,,0,31,,188227,4,,,0,71,,188232,4,,,0,31,,188251,4,,,0,71,,188237,4,,,0,31,,188255,4,,,0,71,,188242,4,,,0,31,,188228,4,,,0,71,,188233,4,,,0,31,,188252,4,,,0,71,,188238,4,,,0,71,,188240,4,,,0,31,,188243,4,,,0,71,,188229,4,,,0,31,,188234,4,,,0,71,,188253,4,,,0,31,,188239,4,,,0,71,,188231,4,,,0,31,,188244,4,,,0,71,,188230,4,,,0,31,,188235,4,,,0,71,,188254,4,,,0,43,,188225,4,,,0,85,,188248,4,,,0,85,,188245,4,,,0,85,,188223,4,,,0,45,,188226,4,,,0,85,,188249,4,,,0,85,,188246,4,,,0,85,,188224,4,,,0,40,,188247,4,,,0
9601,'pB3Sep30-Saturday',517,,188274,4,,,0,85,,188257,4,,,0,45,,188263,4,,,0,85,,188268,4,,,0,85,,188275,4,,,0,85,,188258,4,,,0,45,,188264,4,,,0,85,,188270,4,,,0,85,,188276,4,,,0,85,,188259,4,,,0,45,,188265,4,,,0,85,,188272,4,,,0,85,,188277,4,,,0,85,,188260,4,,,0,45,,188266,4,,,0,85,,188271,4,,,0,85,,188278,4,,,0,85,,188262,4,,,0,45,,188267,4,,,0,85,,188273,4,,,0,85,,188279,4,,,0,85,,188261,4,,,0,41,,188269,4,,,0,75,,188280,4,,,0
15000,'Saturday',603,,194527,4,0,110 107 108,0,100,,194528,4,0,110 107 108,0,100,,194530,4,0,110 107 108,0,100,,194531,4,0,110 107 108,0,100,,194532,4,0,110 107 108,0,100,,194529,4,0,110 107 108,0,100,,194533,4,0,110 107 108,0,100,,194534,4,0,110 107 108,0,100,,194535,4,0,110 107 108,0,100,,194536,4,0,110 107 108,0,100,,194537,4,0,110 107 108,0,100,,194538,4,0,110 107 108,0,100,,194539,4,0,110 107 108,0
15000,'Weekday',529,,194540,4,0,110 107 108,0,72,,194542,4,0,110 107 108,0,32,,194543,4,0,110 107 108,0,72,,194544,4,0,110 107 108,0,32,,194541,4,0,110 107 108,0,72,,194545,4,0,110 107 108,0,32,,194546,4,0,110 107 108,0,72,,194547,4,0,110 107 108,0,32,,194548,4,0,110 107 108,0,72,,194549,4,0,110 107 108,0,32,,194550,4,0,110 107 108,0,72,,194551,4,0,110 107 108,0,32,,194552,4,0,110 107 108,0,72,,194553,4,0,110 107 108,0,32,,194554,4,0,110 107 108,0,72,,194555,4,0,110 107 108,0,72,,194556,4,0,110 107 108,0,32,,194557,4,0,110 107 108,0,72,,194558,4,0,110 107 108,0,32,,194559,4,0,110 107 108,0,72,,194560,4,0,110 107 108,0,32,,194561,4,0,110 107 108,0,72,,194562,4,0,110 107 108,0,32,,194563,4,0,110 107 108,0,72,,194564,4,0,110 107 108,0
15000,'pB3Sep30-Saturday',603,,194565,4,0,110 107 108,0,100,,194566,4,0,110 107 108,0,100,,194568,4,0,110 107 108,0,100,,194569,4,0,110 107 108,0,100,,194570,4,0,110 107 108,0,100,,194567,4,0,110 107 108,0,100,,194571,4,0,110 107 108,0,100,,194572,4,0,110 107 108,0,100,,194573,4,0,110 107 108,0,100,,194574,4,0,110 107 108,0,100,,194575,4,0,110 107 108,0,100,,194576,4,0,110 107 108,0,100,,194577,4,0,110 107 108,0
