16900,'Saturday',623,,196721,20,,,0,80,,196719,20,,,0,40,,196722,20,,,0,80,,196723,20,,,0,80,,196720,20,,,0,40,,196724,20,,,0,80,,196725,20,,,0,80,,196726,20,,,0,40,,196727,20,,,0,81,,196729,20,,,0,80,,196731,20,,,0,40,,196728,20,,,0,80,,196732,20,,,0,80,,196730,20,,,0,40,,196734,20,,,0,80,,196735,20,,,0,80,,196738,20,,,0,40,,196736,20,,,0,79,,196733,20,,,0,80,,196737,20,,,0,40,,196739,20,,,0,80,,196740,20,,,0,80,,196741,20,,,0,40,,196742,20,,,0,80,,196745,20,,,0,80,,196743,20,,,0,40,,196744,20,,,0
16900,'Sunday',623,,196756,20,,,0,80,,196765,20,,,0,40,,196746,20,,,0,80,,196757,20,,,0,80,,196766,20,,,0,40,,196747,20,,,0,80,,196759,20,,,0,80,,196767,20,,,0,40,,196748,20,,,0,81,,196758,20,,,0,80,,196769,20,,,0,40,,196751,20,,,0,80,,196760,20,,,0,80,,196768,20,,,0,40,,196750,20,,,0,80,,196761,20,,,0,80,,196770,20,,,0,40,,196752,20,,,0,79,,196762,20,,,0,80,,196771,20,,,0,40,,196753,20,,,0,80,,196763,20,,,0,80,,196772,20,,,0,40,,196754,20,,,0,80,,196764,20,,,0,80,,196749,20,,,0,40,,196755,20,,,0
16900,'Weekday',510,,196796,20,,,0,31,,196773,20,,,0,70,,196781,20,,,0,29,,196790,20,,,0,70,,196797,20,,,0,32,,196774,20,,,0,70,,196780,20,,,0,28,,196791,20,,,0,69,,196798,20,,,0,32,,196775,20,,,0,70,,196782,20,,,0,30,,196792,20,,,0,69,,196799,20,,,0,30,,196776,20,,,0,70,,196783,20,,,0,30,,196794,20,,,0,70,,196800,20,,,0,30,,196777,20,,,0,70,,196784,20,,,0,30,,196793,20,,,0,70,,196801,20,,,0,34,,196778,20,,,0,70,,196785,20,,,0,30,,196795,20,,,0,72,,196802,20,,,0,29,,196779,20,,,0,70,,196786,20,,,0,28,,196805,20,,,0,67,,196787,20,,,0,30,,196808,20,,,0,70,,196803,20,,,0,30,,196806,20,,,0,70,,196788,20,,,0,30,,196809,20,,,0,69,,196804,20,,,0,30,,196807,20,,,0,70,,196789,20,,,0,30,,196810,20,,,0
16900,'pB3Sep30-Saturday',623,,196813,20,,,0,80,,196811,20,,,0,40,,196814,20,,,0,80,,196815,20,,,0,80,,196812,20,,,0,40,,196816,20,,,0,80,,196817,20,,,0,80,,196818,20,,,0,40,,196819,20,,,0,81,,196821,20,,,0,80,,196823,20,,,0,40,,196820,20,,,0,80,,196824,20,,,0,80,,196822,20,,,0,40,,196826,20,,,0,80,,196827,20,,,0,80,,196830,20,,,0,40,,196828,20,,,0,79,,196825,20,,,0,80,,196829,20,,,0,40,,196831,20,,,0,80,,196832,20,,,0,80,,196833,20,,,0,40,,196834,20,,,0,80,,196837,20,,,0,80,,196835,20,,,0,40,,196836,20,,,0
77300,'Weekday',743,,201142,21,0,125 6 126 31,0
80100,'Weekday',814,,201206,20,0,127 128 129 126 31,0
80101,'Weekday',1552,,201207,20,0,127 128 129 126 31,0
81700,'Weekday',819,,201234,16,0,12 13 126 31,0
81701,'Weekday0000100',1458,,201235,23,0,12 13 126 31,0
81701,'Weekday1111000',1558,,201236,23,0,12 13 126 31,0
